#-------------------------
Termination Status
LOCALLY_INFEASIBLE

Time Elapsed
16.362790611

Objective Value
375.2187502536555

Normalized Complementary Slackness
-337.31899766232965

Finite Elements
[1.7, 1.82, 1.62, 1.24, 1.24, 1.24, 1.24, 1.79, 1.24, 1.24, 1.24, 1.44, 1.25, 1.45, 1.25, 1.82, 1.82, 1.82, 1.82, 1.81, 1.82, 1.46, 1.82, 1.54, 1.51, 1.5, 1.49, 1.49, 1.59, 1.69]

Complementary Slackness per Finite Element
[-341.52, -341.43, -340.99, -340.5, -340.16, -339.88, -339.62, -339.8, -339.23, -339.02, -338.77, -338.63, -338.21, -338.11, -337.71, -337.69, -337.32, -336.81, -336.25, -335.84, -335.47, -335.02, -334.91, -334.6, -334.46, -334.44, -334.55, -334.67, -333.9, -330.06]

Feed Rates
[0.001, 0.001, 0.001, 0.001, 0.001, 0.001, 0.001, 0.001, 0.002, 0.002, 0.002, 0.002, 0.002, 0.003, 0.003, 0.003, 0.004, 0.004, 0.005, 0.006, 0.007, 0.008, 0.009, 0.01, 0.011, 0.013, 0.014, 0.016, 0.018, 0.02]

Growth Rates [h-1]
[0.079, 0.079, 0.079, 0.079, 0.079, 0.079, 0.079, 0.079, 0.079, 0.079, 0.079, 0.079, 0.079, 0.079, 0.079, 0.079, 0.079, 0.079, 0.079, 0.079, 0.079, 0.079, 0.079, 0.079, 0.079, 0.079, 0.079, 0.079, 0.079, 0.079]

Final Product Amount [mmol]
699.9900825153647

Final Biomass Amount [g]
26.841022338978412

Process End
46.0
#-------------------------