#-------------------------
Termination Status
LOCALLY_INFEASIBLE

Time Elapsed
17.38830635

Objective Value
36.404018610857

Normalized Complementary Slackness
-18.458583706822523

Finite Elements
[2.32, 2.32, 2.32, 2.32, 2.32, 2.32, 2.32, 2.32, 2.31, 2.31, 2.21, 1.92, 2.04, 1.58, 1.7, 1.58, 1.67, 1.57, 1.61, 1.57, 1.59, 1.57, 1.57, 2.13, 2.14, 2.03, 1.69, 1.56, 1.55, 1.55]

Complementary Slackness per Finite Element
[-19.57, -18.17, -17.73, -17.42, -17.26, -17.24, -17.38, -17.74, -18.36, -16.95, -17.57, -18.04, -18.41, -18.53, -18.7, -18.75, -18.86, -18.86, -18.93, -18.93, -18.96, -18.94, -18.8, -19.02, -19.04, -19.06, -19.08, -19.14, -19.14, -19.17]

Feed Rates
[0.001, 0.0, 0.0, 0.0, 0.0, 0.0, 0.0, 0.0, 0.0, 0.0, 0.0, 0.001, 0.001, 0.001, 0.001, 0.001, 0.002, 0.002, 0.002, 0.003, 0.003, 0.004, 0.005, 0.006, 0.008, 0.01, 0.012, 0.015, 0.018, 0.022]

Growth Rates [h-1]
[0.116, 0.116, 0.116, 0.116, 0.116, 0.116, 0.116, 0.116, 0.116, 0.116, 0.116, 0.116, 0.116, 0.116, 0.116, 0.116, 0.116, 0.116, 0.116, 0.116, 0.116, 0.116, 0.116, 0.116, 0.116, 0.116, 0.116, 0.116, 0.116, 0.116]

Final Product Amount [mmol]
285.31351349291344

Final Biomass Amount [g]
23.46001420315263

Process End
58.0
#-------------------------