#-------------------------
Termination Status
ALMOST_LOCALLY_SOLVED

Time Elapsed
353.153835824

Objective Value
41.775388026346796

Normalized Complementary Slackness
-18.1851970564087

Finite Elements
[0.46, 0.46, 0.46, 0.46, 0.38, 0.32, 0.31, 0.31, 0.31, 0.31, 0.31, 0.31, 0.31, 0.31, 0.31, 0.31, 0.31, 0.31, 0.31, 0.37, 0.46, 0.46, 0.46, 0.46, 0.46, 0.46, 0.46, 0.46, 0.46, 0.46]

Complementary Slackness per Finite Element
[-21.0, -21.0, -21.0, -21.0, -21.0, -21.0, -21.0, -21.0, -21.0, -21.0, -21.0, -21.0, -21.0, -21.0, -21.0, -20.99, -20.99, -20.99, -20.98, -21.85, -14.45, -13.38, -12.12, -12.12, -12.12, -12.12, -12.12, -12.12, -12.12, -12.12]

Feed Rates
[0.001, 0.001, 0.001, 0.001, 0.002, 0.002, 0.002, 0.002, 0.002, 0.002, 0.002, 0.002, 0.002, 0.003, 0.003, 0.003, 0.003, 0.003, 0.004, 0.003, 0.003, 0.003, 0.003, 0.003, 0.003, 0.004, 0.004, 0.004, 0.004, 0.005]

Growth Rates [h-1]
[0.189, 0.189, 0.189, 0.189, 0.189, 0.189, 0.189, 0.189, 0.189, 0.189, 0.189, 0.189, 0.189, 0.189, 0.189, 0.189, 0.189, 0.189, 0.189, 0.164, 0.116, 0.116, 0.116, 0.116, 0.116, 0.116, 0.116, 0.116, 0.116, 0.116]

Final Product Amount [mmol]
66.89881642620223

Final Biomass Amount [g]
4.425564717027603

Process End
11.5
#-------------------------