#-------------------------
Termination Status
ALMOST_LOCALLY_SOLVED

Time Elapsed
165.825350521

Objective Value
287.9393063935857

Normalized Complementary Slackness
-15.972905130223882

Finite Elements
[0.82, 0.82, 0.82, 0.82, 0.82, 0.82, 0.82, 0.82, 0.82, 0.82, 0.82, 0.82, 0.82, 0.79, 0.55, 0.82, 0.57, 0.55, 0.55, 0.55, 0.55, 0.55, 0.55, 0.55, 0.55, 0.55, 0.55, 0.55, 0.55, 0.55]

Complementary Slackness per Finite Element
[-16.26, -16.26, -16.26, -16.26, -16.26, -16.26, -16.26, -16.26, -16.26, -16.26, -16.26, -16.26, -16.26, -16.26, -16.26, -15.68, -15.68, -15.68, -15.68, -15.68, -15.68, -15.68, -15.68, -15.68, -15.68, -15.68, -15.68, -15.68, -15.68, -15.68]

Feed Rates
[0.001, 0.001, 0.002, 0.002, 0.002, 0.002, 0.003, 0.003, 0.004, 0.004, 0.005, 0.006, 0.007, 0.008, 0.01, 0.01, 0.011, 0.012, 0.014, 0.015, 0.017, 0.018, 0.02, 0.022, 0.024, 0.026, 0.029, 0.032, 0.035, 0.038]

Growth Rates [h-1]
[0.189, 0.189, 0.189, 0.189, 0.189, 0.189, 0.189, 0.189, 0.189, 0.189, 0.189, 0.189, 0.189, 0.189, 0.189, 0.171, 0.171, 0.171, 0.171, 0.171, 0.171, 0.171, 0.171, 0.171, 0.171, 0.171, 0.171, 0.171, 0.171, 0.171]

Final Product Amount [mmol]
291.2951995910419

Final Biomass Amount [g]
29.481828151946946

Process End
20.5
#-------------------------