#-------------------------
Termination Status
LOCALLY_INFEASIBLE

Time Elapsed
19.959351162

Objective Value
1855.6625958594286

Normalized Complementary Slackness
-15.912831393994058

Finite Elements
[1.55, 1.55, 1.55, 1.55, 1.55, 1.55, 1.55, 1.55, 1.55, 1.55, 1.55, 1.55, 1.55, 2.32, 2.32, 2.32, 1.55, 2.32, 2.25, 2.32, 1.83, 2.08, 2.32, 2.32, 2.32, 2.32, 2.32, 2.32, 2.32, 2.32]

Complementary Slackness per Finite Element
[-16.06, -15.87, -15.92, -15.91, -15.91, -15.91, -15.91, -15.91, -15.91, -15.91, -15.92, -15.88, -15.94, -15.91, -15.9, -15.99, -15.8, -15.92, -15.9, -15.92, -15.89, -15.91, -15.91, -15.91, -15.91, -15.91, -15.91, -15.91, -15.91, -15.91]

Feed Rates
[0.001, 0.001, 0.001, 0.001, 0.001, 0.001, 0.001, 0.001, 0.002, 0.002, 0.002, 0.002, 0.003, 0.003, 0.004, 0.004, 0.005, 0.006, 0.007, 0.009, 0.01, 0.012, 0.014, 0.017, 0.02, 0.024, 0.029, 0.035, 0.042, 0.051]

Growth Rates [h-1]
[0.079, 0.079, 0.079, 0.079, 0.079, 0.079, 0.079, 0.079, 0.079, 0.079, 0.079, 0.079, 0.079, 0.079, 0.079, 0.079, 0.079, 0.079, 0.079, 0.079, 0.079, 0.079, 0.079, 0.079, 0.079, 0.079, 0.079, 0.079, 0.079, 0.079]

Final Product Amount [mmol]
1835.6780475370597

Final Biomass Amount [g]
69.23591514006142

Process End
58.0
#-------------------------