#-------------------------
Termination Status
LOCALLY_SOLVED

Time Elapsed
479.211684911

Objective Value
41.98482814759144

Normalized Complementary Slackness
-14.462984231285699

Finite Elements
[0.4, 0.4, 0.4, 0.4, 0.4, 0.4, 0.4, 0.4, 0.4, 0.4, 0.4, 0.4, 0.4, 0.4, 0.4, 0.27, 0.27, 0.27, 0.27, 0.27, 0.27, 0.27, 0.27, 0.27, 0.27, 0.27, 0.27, 0.27, 0.27, 0.27]

Complementary Slackness per Finite Element
[-16.95, -16.95, -16.95, -16.95, -16.95, -16.95, -16.95, -16.95, -16.95, -16.95, -16.95, -16.95, -16.95, -16.95, -16.95, -16.95, -16.95, -16.95, -16.95, -16.95, -16.95, -16.95, -16.95, -7.67, -6.06, -6.06, -6.06, -6.06, -6.06, -6.06]

Feed Rates
[0.001, 0.001, 0.001, 0.001, 0.001, 0.002, 0.002, 0.002, 0.002, 0.002, 0.002, 0.003, 0.003, 0.003, 0.003, 0.003, 0.004, 0.004, 0.004, 0.004, 0.004, 0.005, 0.005, 0.002, 0.002, 0.002, 0.002, 0.002, 0.002, 0.002]

Growth Rates [h-1]
[0.189, 0.189, 0.189, 0.189, 0.189, 0.189, 0.189, 0.189, 0.189, 0.189, 0.189, 0.189, 0.189, 0.189, 0.189, 0.189, 0.189, 0.189, 0.189, 0.189, 0.189, 0.189, 0.189, 0.048, 0.024, 0.024, 0.024, 0.024, 0.024, 0.024]

Final Product Amount [mmol]
54.88870248945382

Final Biomass Amount [g]
3.4861552672707714

Process End
10.0
#-------------------------