#-------------------------
Termination Status
LOCALLY_INFEASIBLE

Time Elapsed
15.815730364

Objective Value
47.334901402022666

Normalized Complementary Slackness
-29.856309089966327

Finite Elements
[2.56, 2.56, 2.56, 2.56, 2.55, 2.23, 1.81, 1.71, 1.71, 1.71, 1.71, 1.71, 1.71, 1.72, 1.71, 2.01, 1.71, 2.3, 2.36, 1.72, 2.15, 1.99, 1.88, 2.24, 2.49, 2.49, 2.52, 2.54, 2.55, 2.55]

Complementary Slackness per Finite Element
[-31.6, -29.74, -29.49, -29.76, -29.84, -29.84, -29.85, -29.89, -29.98, -30.0, -30.01, -30.02, -30.05, -30.1, -29.75, -29.9, -29.74, -29.67, -29.71, -29.82, -29.61, -29.78, -29.56, -29.77, -29.67, -29.73, -29.73, -29.72, -29.74, -29.65]

Feed Rates
[0.001, 0.0, 0.0, 0.0, 0.0, 0.0, 0.0, 0.0, 0.0, 0.0, 0.0, 0.0, 0.001, 0.001, 0.001, 0.001, 0.001, 0.001, 0.002, 0.002, 0.002, 0.003, 0.003, 0.004, 0.005, 0.006, 0.008, 0.01, 0.013, 0.017]

Growth Rates [h-1]
[0.097, 0.097, 0.097, 0.097, 0.097, 0.097, 0.097, 0.097, 0.097, 0.097, 0.097, 0.097, 0.097, 0.097, 0.097, 0.097, 0.097, 0.097, 0.097, 0.097, 0.097, 0.097, 0.097, 0.097, 0.097, 0.097, 0.097, 0.097, 0.097, 0.097]

Final Product Amount [mmol]
447.44355370564415

Final Biomass Amount [g]
22.01672081749217

Process End
64.0
#-------------------------