#-------------------------
Termination Status
LOCALLY_INFEASIBLE

Time Elapsed
14.85785036

Objective Value
57.708911766539195

Normalized Complementary Slackness
-22.131729235684865

Finite Elements
[1.15, 1.72, 1.72, 1.72, 1.72, 1.72, 1.72, 1.72, 1.72, 1.72, 1.72, 1.72, 1.72, 1.72, 1.72, 1.71, 1.16, 1.15, 1.15, 1.15, 1.15, 1.15, 1.15, 1.15, 1.15, 1.15, 1.15, 1.15, 1.15, 1.15]

Complementary Slackness per Finite Element
[-22.35, -21.61, -21.66, -21.69, -21.72, -21.79, -21.89, -22.05, -22.28, -22.39, -22.39, -22.4, -22.4, -22.39, -22.37, -22.36, -22.23, -22.23, -22.22, -22.22, -22.21, -22.2, -22.19, -22.18, -22.16, -22.14, -22.12, -22.1, -22.04, -21.97]

Feed Rates
[0.001, 0.0, 0.0, 0.0, 0.0, 0.0, 0.0, 0.0, 0.0, 0.0, 0.001, 0.001, 0.001, 0.001, 0.002, 0.002, 0.003, 0.004, 0.004, 0.005, 0.006, 0.007, 0.008, 0.01, 0.012, 0.014, 0.017, 0.02, 0.024, 0.029]

Growth Rates [h-1]
[0.153, 0.153, 0.153, 0.153, 0.153, 0.153, 0.153, 0.153, 0.153, 0.153, 0.153, 0.153, 0.153, 0.153, 0.153, 0.153, 0.153, 0.153, 0.153, 0.153, 0.153, 0.153, 0.153, 0.153, 0.153, 0.153, 0.153, 0.153, 0.153, 0.153]

Final Product Amount [mmol]
316.0277403725121

Final Biomass Amount [g]
25.671384538032907

Process End
43.0
#-------------------------