#-------------------------
Termination Status
LOCALLY_SOLVED

Time Elapsed
42.488012225

Objective Value
132.7908749590351

Normalized Complementary Slackness
-15.145049493488594

Finite Elements
[0.7, 0.7, 0.7, 0.7, 0.7, 0.7, 0.7, 0.7, 0.7, 0.7, 0.7, 0.7, 0.7, 0.7, 0.7, 0.47, 0.47, 0.47, 0.47, 0.47, 0.47, 0.47, 0.47, 0.47, 0.47, 0.47, 0.47, 0.47, 0.47, 0.47]

Complementary Slackness per Finite Element
[-16.95, -16.95, -16.95, -16.95, -16.95, -16.95, -16.95, -16.95, -16.95, -16.95, -16.95, -16.95, -16.95, -16.95, -16.95, -16.95, -16.95, -16.95, -16.95, -16.95, -16.95, -16.95, -16.95, -13.49, -8.49, -8.49, -8.49, -8.49, -8.49, -8.49]

Feed Rates
[0.001, 0.001, 0.001, 0.002, 0.002, 0.002, 0.002, 0.003, 0.003, 0.004, 0.004, 0.005, 0.005, 0.006, 0.007, 0.008, 0.009, 0.01, 0.01, 0.011, 0.012, 0.014, 0.015, 0.013, 0.008, 0.009, 0.009, 0.009, 0.009, 0.01]

Growth Rates [h-1]
[0.189, 0.189, 0.189, 0.189, 0.189, 0.189, 0.189, 0.189, 0.189, 0.189, 0.189, 0.189, 0.189, 0.189, 0.189, 0.189, 0.189, 0.189, 0.189, 0.189, 0.189, 0.189, 0.189, 0.137, 0.061, 0.061, 0.061, 0.061, 0.061, 0.061]

Final Product Amount [mmol]
248.6261039036925

Final Biomass Amount [g]
13.284985036258265

Process End
17.5
#-------------------------