#-------------------------
Termination Status
LOCALLY_INFEASIBLE

Time Elapsed
20.825176172

Objective Value
160.50163584398592

Normalized Complementary Slackness
-54.454110786095484

Finite Elements
[0.67, 0.67, 0.67, 0.68, 0.87, 0.96, 0.97, 0.97, 0.97, 0.71, 0.97, 0.97, 0.69, 0.95, 0.68, 0.68, 0.68, 0.68, 0.68, 0.68, 0.93, 0.69, 0.97, 0.7, 0.97, 0.98, 0.98, 0.99, 0.99, 0.98]

Complementary Slackness per Finite Element
[-57.15, -56.15, -55.46, -54.94, -54.95, -54.97, -54.69, -54.73, -54.65, -54.52, -54.34, -54.21, -54.15, -54.26, -54.24, -54.51, -54.55, -54.66, -54.89, -54.91, -54.89, -54.54, -53.65, -54.32, -53.05, -53.06, -53.03, -53.03, -53.29, -53.77]

Feed Rates
[0.001, 0.001, 0.001, 0.001, 0.002, 0.002, 0.002, 0.003, 0.003, 0.004, 0.004, 0.005, 0.006, 0.006, 0.008, 0.008, 0.01, 0.011, 0.012, 0.014, 0.015, 0.018, 0.02, 0.024, 0.027, 0.032, 0.038, 0.044, 0.053, 0.062]

Growth Rates [h-1]
[0.171, 0.171, 0.171, 0.171, 0.171, 0.171, 0.171, 0.171, 0.171, 0.171, 0.171, 0.171, 0.171, 0.171, 0.171, 0.171, 0.171, 0.171, 0.171, 0.171, 0.171, 0.171, 0.171, 0.171, 0.171, 0.171, 0.171, 0.171, 0.171, 0.171]

Final Product Amount [mmol]
511.17383041416883

Final Biomass Amount [g]
51.0265492310109

Process End
25.0
#-------------------------