#-------------------------
Termination Status
LOCALLY_SOLVED

Time Elapsed
26.385257374

Objective Value
392.9138285402679

Normalized Complementary Slackness
-14.62304533604751

Finite Elements
[0.94, 0.94, 0.94, 0.94, 0.94, 0.94, 0.94, 0.94, 0.94, 0.94, 0.94, 0.94, 0.94, 0.94, 0.94, 0.63, 0.63, 0.63, 0.63, 0.63, 0.63, 0.63, 0.63, 0.63, 0.63, 0.63, 0.63, 0.63, 0.63, 0.63]

Complementary Slackness per Finite Element
[-16.64, -14.55, -14.55, -14.55, -14.55, -14.55, -14.55, -14.55, -14.55, -14.55, -14.55, -14.55, -14.55, -14.55, -14.55, -14.55, -14.55, -14.55, -14.55, -14.55, -14.55, -14.55, -14.55, -14.55, -14.55, -14.55, -14.55, -14.55, -14.55, -14.55]

Feed Rates
[0.001, 0.001, 0.001, 0.001, 0.002, 0.002, 0.002, 0.003, 0.003, 0.004, 0.004, 0.005, 0.005, 0.006, 0.007, 0.008, 0.009, 0.01, 0.011, 0.012, 0.013, 0.015, 0.016, 0.018, 0.02, 0.022, 0.024, 0.026, 0.029, 0.032]

Growth Rates [h-1]
[0.187, 0.153, 0.153, 0.153, 0.153, 0.153, 0.153, 0.153, 0.153, 0.153, 0.153, 0.153, 0.153, 0.153, 0.153, 0.153, 0.153, 0.153, 0.153, 0.153, 0.153, 0.153, 0.153, 0.153, 0.153, 0.153, 0.153, 0.153, 0.153, 0.153]

Final Product Amount [mmol]
395.2571224401194

Final Biomass Amount [g]
26.46596299775434

Process End
23.5
#-------------------------