#-------------------------
Termination Status
LOCALLY_INFEASIBLE

Time Elapsed
16.585510046

Objective Value
46.88425828714473

Normalized Complementary Slackness
-30.308886408220665

Finite Elements
[1.84, 1.84, 1.84, 1.84, 1.84, 1.84, 1.84, 1.83, 1.48, 1.23, 1.23, 1.23, 1.23, 1.23, 1.23, 1.24, 1.53, 1.67, 1.72, 1.74, 1.75, 1.75, 1.73, 1.71, 1.47, 1.23, 1.23, 1.23, 1.23, 1.23]

Complementary Slackness per Finite Element
[-31.1, -29.86, -29.97, -30.05, -30.12, -30.17, -30.2, -30.23, -30.17, -30.16, -30.11, -30.15, -30.18, -30.15, -29.88, -29.79, -29.51, -29.7, -29.67, -29.69, -29.74, -29.75, -29.83, -32.16, -32.05, -32.88, -32.54, -29.73, -29.72, -30.0]

Feed Rates
[0.001, 0.0, 0.0, 0.0, 0.0, 0.0, 0.0, 0.0, 0.0, 0.0, 0.0, 0.001, 0.001, 0.001, 0.001, 0.001, 0.002, 0.002, 0.003, 0.003, 0.004, 0.006, 0.007, 0.01, 0.012, 0.015, 0.019, 0.022, 0.027, 0.032]

Growth Rates [h-1]
[0.153, 0.153, 0.153, 0.153, 0.153, 0.153, 0.153, 0.153, 0.153, 0.153, 0.153, 0.153, 0.153, 0.153, 0.153, 0.153, 0.153, 0.153, 0.153, 0.153, 0.153, 0.153, 0.153, 0.153, 0.153, 0.153, 0.153, 0.153, 0.153, 0.153]

Final Product Amount [mmol]
327.16631627155436

Final Biomass Amount [g]
29.28370271342991

Process End
46.0
#-------------------------