#-------------------------
Termination Status
LOCALLY_SOLVED

Time Elapsed
41.005077819

Objective Value
731.3470559722086

Normalized Complementary Slackness
-16.537802217655795

Finite Elements
[1.72, 1.72, 1.72, 1.72, 1.72, 1.72, 1.72, 1.72, 1.72, 1.72, 1.72, 1.72, 1.72, 1.72, 1.72, 1.15, 1.15, 1.15, 1.15, 1.15, 1.15, 1.15, 1.15, 1.15, 1.15, 1.15, 1.15, 1.15, 1.15, 1.15]

Complementary Slackness per Finite Element
[-16.95, -16.95, -16.95, -16.95, -16.95, -16.95, -16.95, -16.95, -14.41, -5.63, -17.02, -17.02, -17.02, -17.02, -17.02, -17.02, -17.02, -17.02, -17.02, -17.02, -17.02, -17.02, -17.02, -17.02, -17.02, -17.02, -17.02, -17.02, -17.02, -17.02]

Feed Rates
[0.001, 0.002, 0.002, 0.003, 0.004, 0.006, 0.008, 0.011, 0.013, 0.006, 0.005, 0.005, 0.005, 0.005, 0.005, 0.005, 0.006, 0.006, 0.006, 0.006, 0.006, 0.006, 0.006, 0.006, 0.006, 0.006, 0.006, 0.006, 0.006, 0.006]

Growth Rates [h-1]
[0.189, 0.189, 0.189, 0.189, 0.189, 0.189, 0.189, 0.189, 0.151, 0.011, 0.005, 0.005, 0.005, 0.005, 0.005, 0.005, 0.005, 0.005, 0.005, 0.005, 0.005, 0.005, 0.005, 0.005, 0.005, 0.005, 0.005, 0.005, 0.005, 0.005]

Final Product Amount [mmol]
712.6563786707476

Final Biomass Amount [g]
14.586220373209198

Process End
43.0
#-------------------------