#-------------------------
Termination Status
LOCALLY_INFEASIBLE

Time Elapsed
19.603061072

Objective Value
300.33048307378806

Normalized Complementary Slackness
-18.13324453495002

Finite Elements
[1.96, 1.96, 1.96, 1.96, 1.96, 1.96, 1.93, 1.78, 1.59, 1.38, 1.31, 1.5, 1.36, 1.33, 1.37, 1.48, 1.66, 1.8, 1.38, 1.32, 1.8, 1.82, 1.32, 1.34, 1.33, 1.47, 1.43, 1.63, 1.96, 1.96]

Complementary Slackness per Finite Element
[-18.66, -18.0, -18.01, -18.02, -18.03, -18.04, -18.05, -18.06, -18.06, -18.07, -18.04, -18.06, -18.07, -18.07, -18.05, -18.02, -18.21, -17.96, -18.27, -18.27, -18.08, -18.32, -18.26, -18.3, -18.3, -18.34, -18.28, -18.1, -18.06, -17.96]

Feed Rates
[0.001, 0.0, 0.0, 0.0, 0.0, 0.0, 0.0, 0.0, 0.0, 0.0, 0.0, 0.0, 0.0, 0.0, 0.001, 0.001, 0.001, 0.001, 0.002, 0.002, 0.003, 0.004, 0.005, 0.007, 0.008, 0.01, 0.013, 0.017, 0.023, 0.032]

Growth Rates [h-1]
[0.171, 0.171, 0.171, 0.171, 0.171, 0.171, 0.171, 0.171, 0.171, 0.171, 0.171, 0.171, 0.171, 0.171, 0.171, 0.171, 0.171, 0.171, 0.171, 0.171, 0.171, 0.171, 0.171, 0.171, 0.171, 0.171, 0.171, 0.171, 0.171, 0.171]

Final Product Amount [mmol]
314.20084609571893

Final Biomass Amount [g]
30.184541582559557

Process End
49.0
#-------------------------