#-------------------------
Termination Status
LOCALLY_INFEASIBLE

Time Elapsed
16.416579854

Objective Value
493.30094085161386

Normalized Complementary Slackness
-26.00353558618771

Finite Elements
[2.68, 2.68, 2.68, 2.68, 2.68, 2.68, 2.68, 2.66, 2.35, 2.02, 1.89, 1.88, 1.88, 2.31, 1.83, 2.52, 2.35, 2.47, 2.27, 2.54, 2.29, 2.36, 2.07, 1.83, 1.8, 1.79, 1.79, 1.79, 1.79, 1.79]

Complementary Slackness per Finite Element
[-27.55, -26.71, -26.75, -26.75, -26.73, -26.71, -26.66, -25.32, -25.14, -25.06, -25.01, -25.03, -25.59, -25.93, -25.35, -26.07, -25.31, -25.68, -25.68, -26.05, -25.98, -26.51, -26.32, -26.42, -26.43, -26.31, -26.3, -26.43, -27.08, -23.26]

Feed Rates
[0.001, 0.0, 0.0, 0.0, 0.0, 0.0, 0.0, 0.0, 0.0, 0.001, 0.001, 0.001, 0.001, 0.001, 0.001, 0.001, 0.002, 0.002, 0.003, 0.003, 0.004, 0.005, 0.006, 0.007, 0.008, 0.009, 0.01, 0.012, 0.013, 0.015]

Growth Rates [h-1]
[0.079, 0.079, 0.079, 0.079, 0.079, 0.079, 0.079, 0.079, 0.079, 0.079, 0.079, 0.079, 0.079, 0.079, 0.079, 0.079, 0.079, 0.079, 0.079, 0.079, 0.079, 0.079, 0.079, 0.079, 0.079, 0.079, 0.079, 0.079, 0.079, 0.079]

Final Product Amount [mmol]
507.9609958445761

Final Biomass Amount [g]
20.250626303719883

Process End
67.0
#-------------------------