#-------------------------
Termination Status
LOCALLY_INFEASIBLE

Time Elapsed
14.825300677

Objective Value
191.95564830950275

Normalized Complementary Slackness
-41.91014561601401

Finite Elements
[1.07, 1.6, 1.6, 1.6, 1.6, 1.6, 1.6, 1.6, 1.6, 1.6, 1.6, 1.6, 1.6, 1.6, 1.6, 1.6, 1.07, 1.07, 1.07, 1.07, 1.07, 1.07, 1.07, 1.07, 1.07, 1.07, 1.07, 1.07, 1.07, 1.07]

Complementary Slackness per Finite Element
[-41.29, -40.96, -41.01, -41.06, -41.16, -41.24, -40.83, -41.32, -41.63, -42.08, -42.25, -42.19, -42.23, -42.12, -42.03, -42.01, -42.1, -42.14, -42.24, -42.29, -42.34, -42.37, -42.38, -42.35, -42.35, -42.52, -42.35, -42.46, -41.38, -42.63]

Feed Rates
[0.001, 0.0, 0.0, 0.0, 0.0, 0.0, 0.0, 0.0, 0.001, 0.001, 0.001, 0.001, 0.001, 0.002, 0.002, 0.003, 0.004, 0.004, 0.005, 0.006, 0.007, 0.008, 0.009, 0.011, 0.013, 0.015, 0.018, 0.021, 0.025, 0.029]

Growth Rates [h-1]
[0.153, 0.153, 0.153, 0.153, 0.153, 0.153, 0.153, 0.153, 0.153, 0.153, 0.153, 0.153, 0.153, 0.153, 0.153, 0.153, 0.153, 0.153, 0.153, 0.153, 0.153, 0.153, 0.153, 0.153, 0.153, 0.153, 0.153, 0.153, 0.153, 0.153]

Final Product Amount [mmol]
229.43867498737777

Final Biomass Amount [g]
25.7043344985571

Process End
40.0
#-------------------------