#-------------------------
Termination Status
LOCALLY_INFEASIBLE

Time Elapsed
22.646823361

Objective Value
80.91618416056862

Normalized Complementary Slackness
-22.20355511380394

Finite Elements
[1.55, 2.32, 2.31, 2.3, 1.99, 1.57, 1.55, 1.55, 1.55, 1.55, 1.55, 1.55, 1.55, 1.55, 1.55, 1.55, 1.55, 1.55, 1.88, 2.32, 2.32, 2.32, 2.32, 2.32, 2.32, 2.32, 2.32, 2.32, 2.32, 2.32]

Complementary Slackness per Finite Element
[-23.36, -22.64, -22.38, -22.34, -22.24, -22.09, -21.96, -21.83, -21.74, -21.71, -21.74, -21.81, -21.86, -21.63, -21.45, -22.27, -22.26, -23.57, -24.15, -22.64, -21.65, -21.21, -21.86, -23.96, -21.93, -22.14, -22.16, -22.23, -22.52, -20.77]

Feed Rates
[0.001, 0.001, 0.0, 0.0, 0.0, 0.0, 0.0, 0.0, 0.0, 0.0, 0.001, 0.001, 0.001, 0.001, 0.001, 0.001, 0.001, 0.001, 0.002, 0.002, 0.003, 0.003, 0.004, 0.005, 0.006, 0.008, 0.01, 0.013, 0.016, 0.02]

Growth Rates [h-1]
[0.097, 0.097, 0.097, 0.097, 0.097, 0.097, 0.097, 0.097, 0.097, 0.097, 0.097, 0.097, 0.097, 0.097, 0.097, 0.097, 0.097, 0.097, 0.097, 0.097, 0.097, 0.097, 0.097, 0.097, 0.097, 0.097, 0.097, 0.097, 0.097, 0.097]

Final Product Amount [mmol]
546.0802031181836

Final Biomass Amount [g]
25.090733466733468

Process End
58.0
#-------------------------