#-------------------------
Termination Status
LOCALLY_INFEASIBLE

Time Elapsed
14.839381371

Objective Value
95.63006801054738

Normalized Complementary Slackness
-23.74529878487094

Finite Elements
[1.16, 1.16, 1.17, 1.16, 1.16, 1.17, 1.16, 1.16, 1.16, 1.16, 1.16, 1.16, 1.17, 1.17, 1.18, 1.64, 1.69, 1.7, 1.7, 1.7, 1.71, 1.71, 1.71, 1.71, 1.71, 1.71, 1.71, 1.71, 1.71, 1.71]

Complementary Slackness per Finite Element
[-27.44, -23.52, -22.47, -21.98, -21.9, -21.91, -21.97, -22.05, -22.15, -22.27, -22.39, -22.52, -19.97, -19.69, -22.85, -22.6, -22.67, -23.61, -25.24, -25.95, -26.93, -25.91, -26.37, -26.16, -24.61, -24.05, -25.66, -25.09, -26.59, -25.86]

Feed Rates
[0.001, 0.001, 0.001, 0.001, 0.001, 0.001, 0.001, 0.002, 0.002, 0.002, 0.002, 0.002, 0.003, 0.003, 0.003, 0.004, 0.005, 0.005, 0.006, 0.007, 0.009, 0.01, 0.012, 0.014, 0.017, 0.02, 0.024, 0.028, 0.033, 0.039]

Growth Rates [h-1]
[0.097, 0.097, 0.097, 0.097, 0.097, 0.097, 0.097, 0.097, 0.097, 0.097, 0.097, 0.097, 0.097, 0.097, 0.097, 0.097, 0.097, 0.097, 0.097, 0.097, 0.097, 0.097, 0.097, 0.097, 0.097, 0.097, 0.097, 0.097, 0.097, 0.097]

Final Product Amount [mmol]
463.55632778481953

Final Biomass Amount [g]
46.734058039627016

Process End
43.0
#-------------------------