#-------------------------
Termination Status
LOCALLY_INFEASIBLE

Time Elapsed
18.23406956

Objective Value
230.36173018676192

Normalized Complementary Slackness
-21.446480336901995

Finite Elements
[0.59, 0.58, 0.59, 0.59, 0.63, 0.59, 0.65, 0.69, 0.59, 0.81, 0.81, 0.81, 0.81, 0.81, 0.81, 0.81, 0.59, 0.81, 0.81, 0.8, 0.8, 0.62, 0.57, 0.57, 0.6, 0.57, 0.6, 0.6, 0.62, 0.79]

Complementary Slackness per Finite Element
[-21.45, -21.45, -21.46, -21.46, -21.45, -21.45, -21.45, -21.45, -21.45, -21.45, -21.45, -21.45, -21.45, -21.45, -21.45, -21.45, -21.45, -21.45, -21.45, -21.45, -21.46, -21.45, -21.45, -21.45, -21.45, -21.44, -21.43, -21.43, -21.42, -21.41]

Feed Rates
[0.001, 0.001, 0.001, 0.002, 0.002, 0.002, 0.002, 0.002, 0.003, 0.003, 0.004, 0.004, 0.005, 0.006, 0.007, 0.008, 0.009, 0.01, 0.012, 0.014, 0.016, 0.019, 0.021, 0.023, 0.026, 0.029, 0.032, 0.036, 0.041, 0.046]

Growth Rates [h-1]
[0.189, 0.189, 0.189, 0.189, 0.189, 0.189, 0.189, 0.189, 0.189, 0.189, 0.189, 0.189, 0.189, 0.189, 0.189, 0.189, 0.189, 0.189, 0.189, 0.189, 0.189, 0.189, 0.189, 0.189, 0.189, 0.189, 0.189, 0.189, 0.189, 0.189]

Final Product Amount [mmol]
245.43796547593286

Final Biomass Amount [g]
34.473448586841855

Process End
20.5
#-------------------------