#-------------------------
Termination Status
LOCALLY_SOLVED

Time Elapsed
26.212581525

Objective Value
136.16773278530005

Normalized Complementary Slackness
-15.383973637574535

Finite Elements
[1.72, 1.72, 1.72, 1.72, 1.72, 1.72, 1.72, 1.72, 1.72, 1.72, 1.72, 1.72, 1.72, 1.15, 1.72, 1.72, 1.15, 1.15, 1.15, 1.15, 1.15, 1.15, 1.15, 1.15, 1.15, 1.15, 1.15, 1.15, 1.15, 1.15]

Complementary Slackness per Finite Element
[-16.95, -16.95, -16.95, -9.11, -13.58, -15.59, -15.59, -15.59, -15.59, -15.59, -15.59, -15.59, -20.32, -9.09, -15.59, -15.59, -15.59, -15.59, -15.59, -15.59, -15.59, -15.59, -15.59, -15.59, -15.59, -15.59, -15.59, -15.59, -15.59, -15.59]

Feed Rates
[0.001, 0.002, 0.002, 0.002, 0.002, 0.002, 0.002, 0.002, 0.002, 0.003, 0.003, 0.003, 0.004, 0.004, 0.004, 0.005, 0.005, 0.006, 0.006, 0.007, 0.007, 0.008, 0.008, 0.009, 0.009, 0.01, 0.011, 0.012, 0.012, 0.013]

Growth Rates [h-1]
[0.189, 0.189, 0.189, 0.07, 0.061, 0.061, 0.061, 0.061, 0.061, 0.061, 0.061, 0.061, 0.061, 0.061, 0.061, 0.061, 0.061, 0.061, 0.061, 0.061, 0.061, 0.061, 0.061, 0.061, 0.061, 0.061, 0.061, 0.061, 0.061, 0.061]

Final Product Amount [mmol]
562.2539824551476

Final Biomass Amount [g]
18.9679433838174

Process End
43.0
#-------------------------