#-------------------------
Termination Status
LOCALLY_SOLVED

Time Elapsed
52.181351561

Objective Value
687.6185169027698

Normalized Complementary Slackness
-16.753302667641602

Finite Elements
[2.8, 2.8, 2.8, 2.8, 2.8, 2.8, 2.8, 2.8, 2.8, 2.8, 2.8, 2.8, 2.8, 2.8, 2.8, 1.87, 1.87, 1.87, 1.87, 1.87, 1.87, 1.87, 1.87, 1.87, 1.87, 1.87, 1.87, 1.87, 1.87, 1.87]

Complementary Slackness per Finite Element
[-16.95, -16.95, -16.95, -16.95, -9.04, -17.03, -17.03, -17.03, -17.03, -17.03, -17.03, -17.03, -17.03, -17.03, -17.03, -17.03, -17.03, -17.03, -17.03, -17.03, -17.03, -17.03, -17.03, -17.03, -17.03, -17.03, -17.03, -17.03, -17.03, -17.03]

Feed Rates
[0.001, 0.002, 0.003, 0.006, 0.003, 0.003, 0.003, 0.003, 0.003, 0.003, 0.003, 0.003, 0.003, 0.003, 0.003, 0.003, 0.003, 0.003, 0.003, 0.003, 0.003, 0.003, 0.003, 0.003, 0.003, 0.003, 0.003, 0.003, 0.003, 0.003]

Growth Rates [h-1]
[0.189, 0.189, 0.189, 0.189, 0.021, 0.005, 0.005, 0.005, 0.005, 0.005, 0.005, 0.005, 0.005, 0.005, 0.005, 0.005, 0.005, 0.005, 0.005, 0.005, 0.005, 0.005, 0.005, 0.005, 0.005, 0.005, 0.005, 0.005, 0.005, 0.005]

Final Product Amount [mmol]
668.9788338150021

Final Biomass Amount [g]
8.469097213458875

Process End
70.0
#-------------------------