#-------------------------
Termination Status
LOCALLY_INFEASIBLE

Time Elapsed
16.079375063

Objective Value
-27.998527619486282

Normalized Complementary Slackness
-114.61771103165624

Finite Elements
[1.07, 1.6, 1.6, 1.6, 1.6, 1.6, 1.6, 1.6, 1.6, 1.6, 1.6, 1.6, 1.6, 1.6, 1.6, 1.6, 1.07, 1.07, 1.07, 1.07, 1.07, 1.07, 1.07, 1.07, 1.07, 1.07, 1.07, 1.07, 1.07, 1.07]

Complementary Slackness per Finite Element
[-114.46, -114.31, -114.38, -114.54, -114.61, -114.72, -114.77, -114.76, -114.81, -114.9, -114.83, -114.47, -113.9, -114.07, -114.83, -114.65, -114.56, -114.58, -114.59, -114.59, -114.7, -114.78, -114.86, -114.55, -114.83, -114.78, -114.7, -114.7, -114.74, -114.52]

Feed Rates
[0.001, 0.0, 0.0, 0.0, 0.0, 0.0, 0.0, 0.0, 0.001, 0.001, 0.001, 0.001, 0.001, 0.002, 0.002, 0.003, 0.004, 0.004, 0.005, 0.006, 0.007, 0.008, 0.009, 0.011, 0.013, 0.015, 0.018, 0.021, 0.025, 0.029]

Growth Rates [h-1]
[0.153, 0.153, 0.153, 0.153, 0.153, 0.153, 0.153, 0.153, 0.153, 0.153, 0.153, 0.153, 0.153, 0.153, 0.153, 0.153, 0.153, 0.153, 0.153, 0.153, 0.153, 0.153, 0.153, 0.153, 0.153, 0.153, 0.153, 0.153, 0.153, 0.153]

Final Product Amount [mmol]
319.94354996079943

Final Biomass Amount [g]
25.704334498466096

Process End
40.0
#-------------------------