#-------------------------
Termination Status
LOCALLY_INFEASIBLE

Time Elapsed
16.004444561

Objective Value
35.70172964057718

Normalized Complementary Slackness
-29.281441619173386

Finite Elements
[2.08, 2.08, 2.08, 2.08, 2.08, 2.08, 2.07, 1.94, 1.66, 1.4, 1.39, 1.39, 1.39, 1.39, 1.39, 1.39, 1.39, 1.42, 1.73, 1.91, 1.97, 1.99, 2.0, 1.97, 1.96, 1.9, 1.73, 1.39, 1.39, 1.39]

Complementary Slackness per Finite Element
[-30.02, -28.95, -29.04, -29.11, -29.2, -29.26, -29.37, -29.44, -29.44, -29.4, -29.41, -29.41, -29.42, -29.42, -29.43, -29.4, -29.28, -29.04, -29.05, -29.13, -29.25, -29.27, -29.27, -29.38, -29.27, -29.13, -29.04, -29.24, -29.24, -29.15]

Feed Rates
[0.001, 0.0, 0.0, 0.0, 0.0, 0.0, 0.0, 0.0, 0.0, 0.0, 0.0, 0.0, 0.0, 0.0, 0.001, 0.001, 0.001, 0.001, 0.001, 0.002, 0.002, 0.003, 0.004, 0.006, 0.008, 0.011, 0.014, 0.018, 0.022, 0.028]

Growth Rates [h-1]
[0.153, 0.153, 0.153, 0.153, 0.153, 0.153, 0.153, 0.153, 0.153, 0.153, 0.153, 0.153, 0.153, 0.153, 0.153, 0.153, 0.153, 0.153, 0.153, 0.153, 0.153, 0.153, 0.153, 0.153, 0.153, 0.153, 0.153, 0.153, 0.153, 0.153]

Final Product Amount [mmol]
311.89713939740875

Final Biomass Amount [g]
25.598375700927686

Process End
52.0
#-------------------------