#-------------------------
Termination Status
LOCALLY_INFEASIBLE

Time Elapsed
18.917329259

Objective Value
11.196160940658913

Normalized Complementary Slackness
-17.733603771945027

Finite Elements
[2.68, 2.67, 2.67, 2.03, 2.02, 2.02, 2.01, 2.0, 2.0, 1.98, 1.97, 2.03, 2.66, 1.85, 1.8, 1.79, 1.79, 1.79, 1.79, 1.79, 1.8, 2.4, 2.68, 2.68, 2.68, 2.68, 2.68, 2.68, 2.68, 2.68]

Complementary Slackness per Finite Element
[-17.7, -17.75, -17.74, -17.74, -17.75, -17.76, -17.76, -17.76, -17.76, -17.75, -17.74, -17.73, -17.7, -17.72, -17.73, -17.72, -17.72, -17.72, -17.71, -17.72, -17.7, -17.71, -17.72, -17.72, -17.78, -17.73, -17.73, -17.73, -17.75, -17.76]

Feed Rates
[0.001, 0.0, 0.0, 0.0, 0.0, 0.0, 0.0, 0.0, 0.0, 0.0, 0.0, 0.0, 0.0, 0.0, 0.0, 0.0, 0.0, 0.0, 0.0, 0.0, 0.0, 0.0, 0.001, 0.001, 0.002, 0.003, 0.004, 0.006, 0.01, 0.016]

Growth Rates [h-1]
[0.171, 0.171, 0.171, 0.171, 0.171, 0.171, 0.171, 0.171, 0.171, 0.171, 0.171, 0.171, 0.171, 0.171, 0.171, 0.171, 0.171, 0.171, 0.171, 0.171, 0.171, 0.171, 0.171, 0.171, 0.171, 0.171, 0.171, 0.171, 0.171, 0.171]

Final Product Amount [mmol]
181.13296732424453

Final Biomass Amount [g]
16.380786209930047

Process End
67.0
#-------------------------