#-------------------------
Termination Status
LOCALLY_INFEASIBLE

Time Elapsed
15.014039615

Objective Value
555.5140259294424

Normalized Complementary Slackness
-20.247400724502533

Finite Elements
[2.44, 2.44, 2.44, 2.44, 2.44, 2.44, 2.44, 2.44, 2.44, 2.44, 2.44, 2.44, 2.43, 2.43, 2.35, 1.72, 1.64, 1.63, 1.63, 1.63, 1.63, 1.63, 1.63, 1.63, 1.63, 1.63, 1.63, 1.63, 1.63, 1.63]

Complementary Slackness per Finite Element
[-23.78, -20.16, -20.03, -20.0, -19.99, -19.98, -19.98, -19.98, -19.97, -19.95, -19.96, -20.06, -20.04, -20.09, -20.14, -20.17, -20.22, -20.26, -20.27, -20.26, -20.23, -20.15, -20.35, -20.34, -20.14, -20.21, -20.21, -20.2, -20.23, -20.08]

Feed Rates
[0.001, 0.0, 0.0, 0.0, 0.0, 0.0, 0.0, 0.0, 0.0, 0.0, 0.0, 0.0, 0.0, 0.001, 0.001, 0.001, 0.002, 0.002, 0.003, 0.003, 0.004, 0.005, 0.006, 0.007, 0.009, 0.012, 0.014, 0.018, 0.022, 0.028]

Growth Rates [h-1]
[0.134, 0.134, 0.134, 0.134, 0.134, 0.134, 0.134, 0.134, 0.134, 0.134, 0.134, 0.134, 0.134, 0.134, 0.134, 0.134, 0.134, 0.134, 0.134, 0.134, 0.134, 0.134, 0.134, 0.134, 0.134, 0.134, 0.134, 0.134, 0.134, 0.134]

Final Product Amount [mmol]
566.1498712567821

Final Biomass Amount [g]
28.10365844352724

Process End
61.0
#-------------------------