#-------------------------
Termination Status
ALMOST_LOCALLY_SOLVED

Time Elapsed
393.356523299

Objective Value
41.63563809541603

Normalized Complementary Slackness
-14.415885834468797

Finite Elements
[0.4, 0.4, 0.4, 0.4, 0.4, 0.4, 0.4, 0.4, 0.4, 0.4, 0.4, 0.4, 0.4, 0.4, 0.4, 0.27, 0.27, 0.27, 0.27, 0.27, 0.27, 0.27, 0.27, 0.27, 0.27, 0.27, 0.27, 0.27, 0.27, 0.27]

Complementary Slackness per Finite Element
[-16.95, -16.95, -16.95, -16.95, -16.95, -16.95, -16.95, -16.95, -16.95, -16.95, -16.95, -16.95, -16.95, -16.95, -16.95, -16.95, -16.95, -16.95, -16.95, -16.95, -16.95, -16.95, -8.54, -7.28, -7.28, -7.28, -7.28, -7.28, -7.28, -7.28]

Feed Rates
[0.001, 0.001, 0.001, 0.001, 0.001, 0.002, 0.002, 0.002, 0.002, 0.002, 0.002, 0.003, 0.003, 0.003, 0.003, 0.003, 0.004, 0.004, 0.004, 0.004, 0.004, 0.005, 0.002, 0.002, 0.002, 0.002, 0.002, 0.002, 0.002, 0.002]

Growth Rates [h-1]
[0.189, 0.189, 0.189, 0.189, 0.189, 0.189, 0.189, 0.189, 0.189, 0.189, 0.189, 0.189, 0.189, 0.189, 0.189, 0.189, 0.189, 0.189, 0.189, 0.189, 0.189, 0.189, 0.061, 0.042, 0.042, 0.042, 0.042, 0.042, 0.042, 0.042]

Final Product Amount [mmol]
54.456419016792395

Final Biomass Amount [g]
3.4642902272358627

Process End
10.0
#-------------------------