#-------------------------
Termination Status
LOCALLY_SOLVED

Time Elapsed
112.697035794

Objective Value
120.99938287300427

Normalized Complementary Slackness
-15.933977121700025

Finite Elements
[2.44, 2.44, 2.44, 2.44, 2.44, 2.44, 2.44, 2.44, 2.44, 2.44, 2.44, 2.44, 2.44, 2.44, 2.44, 1.63, 1.63, 1.63, 1.63, 1.63, 1.63, 1.63, 1.63, 1.63, 1.63, 1.63, 1.63, 1.63, 1.63, 1.63]

Complementary Slackness per Finite Element
[-16.95, -15.11, -11.98, -16.07, -16.07, -16.07, -16.07, -16.07, -16.07, -16.07, -16.07, -16.07, -16.07, -16.07, -16.07, -16.07, -16.07, -16.07, -16.07, -16.07, -16.07, -16.07, -16.07, -16.07, -16.07, -16.07, -16.07, -16.07, -16.07, -16.07]

Feed Rates
[0.001, 0.002, 0.001, 0.001, 0.001, 0.001, 0.002, 0.002, 0.002, 0.002, 0.002, 0.003, 0.003, 0.003, 0.004, 0.004, 0.004, 0.005, 0.005, 0.005, 0.006, 0.006, 0.007, 0.007, 0.008, 0.008, 0.009, 0.009, 0.01, 0.011]

Growth Rates [h-1]
[0.189, 0.161, 0.042, 0.042, 0.042, 0.042, 0.042, 0.042, 0.042, 0.042, 0.042, 0.042, 0.042, 0.042, 0.042, 0.042, 0.042, 0.042, 0.042, 0.042, 0.042, 0.042, 0.042, 0.042, 0.042, 0.042, 0.042, 0.042, 0.042, 0.042]

Final Product Amount [mmol]
680.0216709435089

Final Biomass Amount [g]
17.796592886432503

Process End
61.0
#-------------------------