#-------------------------
Termination Status
LOCALLY_INFEASIBLE

Time Elapsed
14.980892888

Objective Value
291.9910875555173

Normalized Complementary Slackness
-27.396831116702234

Finite Elements
[0.78, 0.76, 0.76, 0.76, 0.76, 0.76, 0.76, 0.76, 0.76, 0.76, 0.76, 0.77, 0.78, 0.83, 1.1, 1.1, 1.11, 1.11, 1.11, 1.11, 1.11, 1.11, 1.11, 1.11, 1.11, 1.11, 1.11, 1.1, 0.8, 0.95]

Complementary Slackness per Finite Element
[-27.37, -26.62, -26.58, -26.64, -26.75, -26.88, -26.99, -27.08, -27.14, -27.18, -27.19, -27.18, -27.55, -27.54, -27.28, -27.57, -27.34, -27.4, -27.43, -27.68, -27.57, -27.81, -27.99, -28.09, -28.15, -28.16, -28.13, -28.01, -27.79, -26.81]

Feed Rates
[0.001, 0.001, 0.001, 0.001, 0.001, 0.001, 0.002, 0.002, 0.002, 0.002, 0.002, 0.003, 0.003, 0.003, 0.004, 0.004, 0.005, 0.006, 0.007, 0.008, 0.009, 0.01, 0.012, 0.014, 0.016, 0.019, 0.022, 0.025, 0.029, 0.032]

Growth Rates [h-1]
[0.134, 0.134, 0.134, 0.134, 0.134, 0.134, 0.134, 0.134, 0.134, 0.134, 0.134, 0.134, 0.134, 0.134, 0.134, 0.134, 0.134, 0.134, 0.134, 0.134, 0.134, 0.134, 0.134, 0.134, 0.134, 0.134, 0.134, 0.134, 0.134, 0.134]

Final Product Amount [mmol]
311.786840398102

Final Biomass Amount [g]
30.405258539249715

Process End
28.0
#-------------------------