#-------------------------
Termination Status
LOCALLY_INFEASIBLE

Time Elapsed
14.80351885

Objective Value
315.3156155485148

Normalized Complementary Slackness
-21.717493009777098

Finite Elements
[1.15, 1.72, 1.72, 1.72, 1.72, 1.72, 1.72, 1.72, 1.72, 1.72, 1.72, 1.72, 1.72, 1.72, 1.72, 1.7, 1.17, 1.15, 1.15, 1.15, 1.15, 1.15, 1.15, 1.15, 1.15, 1.15, 1.15, 1.15, 1.15, 1.15]

Complementary Slackness per Finite Element
[-22.18, -21.44, -21.5, -21.52, -21.54, -21.56, -21.58, -21.6, -21.63, -21.66, -21.7, -21.72, -21.72, -21.66, -21.58, -21.52, -21.48, -21.49, -21.55, -21.64, -21.73, -21.81, -21.88, -21.93, -21.98, -22.01, -22.02, -22.01, -21.97, -21.91]

Feed Rates
[0.001, 0.0, 0.0, 0.0, 0.0, 0.0, 0.0, 0.0, 0.0, 0.0, 0.001, 0.001, 0.001, 0.001, 0.002, 0.002, 0.003, 0.004, 0.004, 0.005, 0.006, 0.007, 0.008, 0.01, 0.012, 0.014, 0.017, 0.02, 0.024, 0.029]

Growth Rates [h-1]
[0.153, 0.153, 0.153, 0.153, 0.153, 0.153, 0.153, 0.153, 0.153, 0.153, 0.153, 0.153, 0.153, 0.153, 0.153, 0.153, 0.153, 0.153, 0.153, 0.153, 0.153, 0.153, 0.153, 0.153, 0.153, 0.153, 0.153, 0.153, 0.153, 0.153]

Final Product Amount [mmol]
330.10174560514446

Final Biomass Amount [g]
25.671383298264935

Process End
43.0
#-------------------------