#-------------------------
Termination Status
LOCALLY_INFEASIBLE

Time Elapsed
17.917215852

Objective Value
49.85507829586973

Normalized Complementary Slackness
-42.51669048528643

Finite Elements
[2.32, 2.32, 2.32, 2.32, 2.32, 2.32, 2.32, 2.31, 2.3, 2.1, 1.8, 1.93, 1.57, 1.56, 1.98, 2.03, 2.04, 2.09, 1.99, 2.15, 1.93, 1.57, 1.55, 1.55, 1.55, 1.55, 1.55, 1.55, 1.55, 1.55]

Complementary Slackness per Finite Element
[-44.62, -43.72, -43.6, -43.34, -42.92, -42.8, -41.7, -41.85, -41.99, -42.02, -42.0, -42.93, -41.93, -41.87, -42.18, -41.97, -42.27, -42.56, -42.28, -42.97, -43.11, -42.71, -42.41, -42.58, -42.67, -42.61, -42.6, -43.25, -43.33, -38.68]

Feed Rates
[0.001, 0.0, 0.0, 0.0, 0.0, 0.0, 0.0, 0.0, 0.0, 0.001, 0.001, 0.001, 0.001, 0.001, 0.001, 0.002, 0.002, 0.003, 0.003, 0.004, 0.005, 0.006, 0.007, 0.008, 0.009, 0.01, 0.012, 0.014, 0.016, 0.019]

Growth Rates [h-1]
[0.097, 0.097, 0.097, 0.097, 0.097, 0.097, 0.097, 0.097, 0.097, 0.097, 0.097, 0.097, 0.097, 0.097, 0.097, 0.097, 0.097, 0.097, 0.097, 0.097, 0.097, 0.097, 0.097, 0.097, 0.097, 0.097, 0.097, 0.097, 0.097, 0.097]

Final Product Amount [mmol]
478.2007885802327

Final Biomass Amount [g]
22.068418896046296

Process End
58.0
#-------------------------