#-------------------------
Termination Status
LOCALLY_SOLVED

Time Elapsed
23.916315858

Objective Value
674.5582420511406

Normalized Complementary Slackness
-16.132163198982518

Finite Elements
[1.36, 1.36, 1.36, 1.36, 1.36, 1.36, 1.36, 1.36, 1.36, 1.36, 1.36, 1.36, 1.36, 1.36, 1.36, 0.91, 0.91, 0.91, 0.91, 0.91, 0.91, 0.91, 0.91, 0.91, 0.91, 0.91, 0.91, 0.91, 0.91, 0.91]

Complementary Slackness per Finite Element
[-16.95, -16.95, -16.95, -16.95, -16.95, -16.95, -16.95, -16.95, -16.95, -16.95, -16.95, -7.59, -8.63, -16.55, -16.55, -16.55, -16.55, -16.55, -16.55, -16.55, -16.55, -16.55, -16.55, -16.55, -16.55, -16.55, -16.55, -16.55, -16.55, -16.55]

Feed Rates
[0.001, 0.001, 0.002, 0.002, 0.003, 0.004, 0.005, 0.007, 0.009, 0.011, 0.015, 0.008, 0.007, 0.007, 0.007, 0.007, 0.008, 0.008, 0.008, 0.008, 0.008, 0.008, 0.009, 0.009, 0.009, 0.009, 0.009, 0.01, 0.01, 0.01]

Growth Rates [h-1]
[0.189, 0.189, 0.189, 0.189, 0.189, 0.189, 0.189, 0.189, 0.189, 0.189, 0.189, 0.047, 0.024, 0.024, 0.024, 0.024, 0.024, 0.024, 0.024, 0.024, 0.024, 0.024, 0.024, 0.024, 0.024, 0.024, 0.024, 0.024, 0.024, 0.024]

Final Product Amount [mmol]
661.8421059744211

Final Biomass Amount [g]
19.584973765652723

Process End
34.0
#-------------------------