#-------------------------
Termination Status
LOCALLY_INFEASIBLE

Time Elapsed
19.036268988

Objective Value
277.4470555439867

Normalized Complementary Slackness
-25.124697738086983

Finite Elements
[0.75, 0.75, 0.75, 0.75, 0.75, 0.76, 0.76, 0.79, 0.85, 1.08, 1.1, 1.1, 1.1, 1.11, 1.11, 1.11, 1.11, 1.11, 1.1, 1.1, 1.09, 0.78, 0.8, 0.77, 0.83, 0.85, 0.88, 0.93, 1.08, 0.96]

Complementary Slackness per Finite Element
[-23.76, -23.49, -25.51, -29.47, -24.84, -30.07, -30.95, -31.04, -31.38, -26.48, -27.57, -24.8, -24.42, -24.13, -24.09, -24.39, -24.44, -24.42, -23.91, -23.36, -22.96, -23.24, -23.0, -23.0, -22.99, -23.06, -23.05, -23.07, -23.33, -23.52]

Feed Rates
[0.001, 0.001, 0.001, 0.001, 0.002, 0.002, 0.002, 0.003, 0.003, 0.003, 0.004, 0.005, 0.006, 0.007, 0.009, 0.01, 0.013, 0.015, 0.018, 0.022, 0.027, 0.032, 0.036, 0.042, 0.048, 0.055, 0.064, 0.074, 0.087, 0.105]

Growth Rates [h-1]
[0.171, 0.171, 0.171, 0.171, 0.171, 0.171, 0.171, 0.171, 0.171, 0.171, 0.171, 0.171, 0.171, 0.171, 0.171, 0.171, 0.171, 0.171, 0.171, 0.171, 0.171, 0.171, 0.171, 0.171, 0.171, 0.171, 0.171, 0.171, 0.171, 0.171]

Final Product Amount [mmol]
799.0520146505305

Final Biomass Amount [g]
85.22768983691736

Process End
28.0
#-------------------------