#-------------------------
Termination Status
LOCALLY_INFEASIBLE

Time Elapsed
15.14774593

Objective Value
404.550289937376

Normalized Complementary Slackness
-204.34967329447983

Finite Elements
[1.55, 2.32, 2.32, 2.32, 2.32, 2.32, 2.32, 2.32, 2.32, 2.32, 2.32, 2.32, 2.32, 2.32, 2.32, 2.32, 1.55, 1.55, 1.55, 1.55, 1.55, 1.55, 1.55, 1.55, 1.55, 1.55, 1.55, 1.55, 1.55, 1.55]

Complementary Slackness per Finite Element
[-205.93, -205.61, -205.58, -205.41, -205.21, -205.14, -205.12, -205.08, -205.03, -204.97, -204.91, -204.93, -204.98, -205.03, -204.84, -204.6, -204.14, -203.83, -203.57, -203.55, -203.55, -203.57, -203.27, -204.76, -203.41, -203.72, -203.74, -203.71, -204.43, -198.88]

Feed Rates
[0.001, 0.001, 0.0, 0.0, 0.0, 0.0, 0.0, 0.0, 0.0, 0.001, 0.001, 0.001, 0.001, 0.002, 0.002, 0.002, 0.003, 0.003, 0.004, 0.005, 0.005, 0.006, 0.007, 0.009, 0.01, 0.012, 0.014, 0.016, 0.018, 0.021]

Growth Rates [h-1]
[0.097, 0.097, 0.097, 0.097, 0.097, 0.097, 0.097, 0.097, 0.097, 0.097, 0.097, 0.097, 0.097, 0.097, 0.097, 0.097, 0.097, 0.097, 0.097, 0.097, 0.097, 0.097, 0.097, 0.097, 0.097, 0.097, 0.097, 0.097, 0.097, 0.097]

Final Product Amount [mmol]
597.3066670233272

Final Biomass Amount [g]
25.09073309647221

Process End
58.0
#-------------------------