#-------------------------
Termination Status
LOCALLY_INFEASIBLE

Time Elapsed
15.389312146

Objective Value
61.64188382184227

Normalized Complementary Slackness
-54.09848567147211

Finite Elements
[1.15, 1.72, 1.72, 1.72, 1.72, 1.72, 1.72, 1.72, 1.72, 1.72, 1.72, 1.72, 1.72, 1.72, 1.72, 1.65, 1.22, 1.15, 1.15, 1.15, 1.15, 1.15, 1.15, 1.15, 1.15, 1.15, 1.15, 1.15, 1.15, 1.15]

Complementary Slackness per Finite Element
[-56.04, -54.44, -54.45, -54.48, -54.47, -54.37, -54.24, -54.25, -54.1, -53.9, -53.77, -53.8, -54.17, -54.71, -54.35, -54.2, -54.39, -54.26, -54.14, -54.09, -53.96, -53.12, -53.51, -53.17, -54.16, -54.93, -53.84, -54.37, -52.66, -52.59]

Feed Rates
[0.001, 0.0, 0.0, 0.0, 0.0, 0.0, 0.0, 0.0, 0.001, 0.001, 0.001, 0.001, 0.001, 0.002, 0.002, 0.003, 0.003, 0.004, 0.005, 0.006, 0.006, 0.008, 0.009, 0.01, 0.012, 0.014, 0.016, 0.019, 0.022, 0.026]

Growth Rates [h-1]
[0.134, 0.134, 0.134, 0.134, 0.134, 0.134, 0.134, 0.134, 0.134, 0.134, 0.134, 0.134, 0.134, 0.134, 0.134, 0.134, 0.134, 0.134, 0.134, 0.134, 0.134, 0.134, 0.134, 0.134, 0.134, 0.134, 0.134, 0.134, 0.134, 0.134]

Final Product Amount [mmol]
455.88065674383154

Final Biomass Amount [g]
24.741081761848985

Process End
43.0
#-------------------------