#-------------------------
Termination Status
LOCALLY_SOLVED

Time Elapsed
96.175947771

Objective Value
524.3984442849988

Normalized Complementary Slackness
-14.539674501241771

Finite Elements
[1.24, 1.24, 1.24, 1.24, 1.24, 1.24, 1.24, 1.24, 1.24, 1.24, 1.24, 1.24, 0.83, 1.24, 1.24, 1.24, 0.83, 0.83, 0.83, 0.83, 0.83, 0.83, 0.83, 0.83, 0.83, 0.83, 0.83, 0.83, 0.83, 0.83]

Complementary Slackness per Finite Element
[-16.95, -16.95, -16.95, -16.95, -11.1, -10.91, -11.67, -14.64, -14.64, -14.64, -14.64, -17.39, -10.91, -14.64, -14.64, -17.38, -10.91, -14.64, -14.64, -14.64, -14.64, -14.64, -14.64, -14.64, -14.64, -14.64, -14.64, -14.64, -14.64, -14.64]

Feed Rates
[0.001, 0.001, 0.002, 0.002, 0.002, 0.002, 0.002, 0.003, 0.003, 0.003, 0.004, 0.004, 0.005, 0.005, 0.006, 0.007, 0.007, 0.008, 0.009, 0.009, 0.01, 0.011, 0.012, 0.013, 0.014, 0.015, 0.016, 0.018, 0.019, 0.021]

Growth Rates [h-1]
[0.189, 0.189, 0.189, 0.189, 0.1, 0.097, 0.097, 0.097, 0.097, 0.097, 0.097, 0.097, 0.097, 0.097, 0.097, 0.097, 0.097, 0.097, 0.097, 0.097, 0.097, 0.097, 0.097, 0.097, 0.097, 0.097, 0.097, 0.097, 0.097, 0.097]

Final Product Amount [mmol]
521.1275917194318

Final Biomass Amount [g]
23.01367016992851

Process End
31.0
#-------------------------