#-------------------------
Termination Status
LOCALLY_INFEASIBLE

Time Elapsed
31.063157162

Objective Value
210.53441665886015

Normalized Complementary Slackness
-17.747316135413207

Finite Elements
[2.32, 2.03, 2.02, 2.01, 1.58, 1.55, 1.58, 1.55, 1.55, 1.55, 1.55, 1.56, 1.55, 1.55, 1.55, 1.55, 1.55, 1.6, 2.28, 2.32, 2.32, 2.32, 2.32, 2.32, 2.32, 2.32, 2.32, 2.32, 2.32, 2.32]

Complementary Slackness per Finite Element
[-17.72, -17.73, -17.73, -17.73, -17.73, -17.73, -17.73, -17.73, -17.73, -17.73, -17.73, -17.73, -17.74, -17.74, -17.73, -17.73, -17.73, -17.73, -17.73, -17.74, -17.73, -17.74, -17.74, -17.74, -17.74, -17.75, -17.76, -17.74, -17.82, -18.01]

Feed Rates
[0.001, 0.0, 0.0, 0.0, 0.0, 0.0, 0.0, 0.0, 0.0, 0.0, 0.0, 0.0, 0.0, 0.0, 0.0, 0.0, 0.0, 0.0, 0.0, 0.0, 0.001, 0.001, 0.001, 0.002, 0.004, 0.006, 0.009, 0.013, 0.021, 0.032]

Growth Rates [h-1]
[0.189, 0.189, 0.189, 0.189, 0.189, 0.189, 0.189, 0.189, 0.189, 0.189, 0.189, 0.189, 0.189, 0.189, 0.189, 0.189, 0.189, 0.189, 0.189, 0.189, 0.189, 0.189, 0.189, 0.189, 0.189, 0.189, 0.189, 0.189, 0.189, 0.189]

Final Product Amount [mmol]
226.00517925809882

Final Biomass Amount [g]
30.92993658747896

Process End
58.0
#-------------------------