#-------------------------
Termination Status
LOCALLY_INFEASIBLE

Time Elapsed
24.927492265

Objective Value
895.9021069436145

Normalized Complementary Slackness
-15.888119396899317

Finite Elements
[1.31, 1.31, 1.31, 1.31, 1.31, 1.31, 1.31, 1.31, 1.31, 1.31, 1.31, 1.31, 1.31, 1.32, 1.32, 1.9, 1.96, 1.96, 1.95, 1.96, 1.96, 1.96, 1.96, 1.96, 1.96, 1.96, 1.96, 1.96, 1.96, 1.96]

Complementary Slackness per Finite Element
[-16.05, -15.85, -15.9, -15.89, -15.89, -15.89, -15.89, -15.89, -15.89, -15.89, -15.89, -15.89, -15.88, -15.9, -15.84, -15.91, -15.88, -15.88, -15.88, -15.88, -15.88, -15.88, -15.88, -15.88, -15.88, -15.88, -15.88, -15.88, -15.88, -15.88]

Feed Rates
[0.001, 0.001, 0.001, 0.001, 0.001, 0.001, 0.001, 0.001, 0.001, 0.002, 0.002, 0.002, 0.002, 0.002, 0.003, 0.003, 0.003, 0.004, 0.005, 0.005, 0.006, 0.007, 0.009, 0.01, 0.012, 0.014, 0.016, 0.019, 0.022, 0.026]

Growth Rates [h-1]
[0.079, 0.079, 0.079, 0.079, 0.079, 0.079, 0.079, 0.079, 0.079, 0.079, 0.079, 0.079, 0.079, 0.079, 0.079, 0.079, 0.079, 0.079, 0.079, 0.079, 0.079, 0.079, 0.079, 0.079, 0.079, 0.079, 0.079, 0.079, 0.079, 0.079]

Final Product Amount [mmol]
892.195156506559

Final Biomass Amount [g]
34.01591416089491

Process End
49.0
#-------------------------