#-------------------------
Termination Status
LOCALLY_INFEASIBLE

Time Elapsed
13.93725175

Objective Value
51.18750011074666

Normalized Complementary Slackness
-22.309402929680594

Finite Elements
[1.84, 1.84, 1.84, 1.84, 1.84, 1.84, 1.84, 1.84, 1.84, 1.84, 1.84, 1.84, 1.84, 1.84, 1.51, 1.27, 1.23, 1.23, 1.23, 1.49, 1.24, 1.23, 1.23, 1.23, 1.23, 1.23, 1.23, 1.23, 1.23, 1.23]

Complementary Slackness per Finite Element
[-22.5, -22.27, -22.28, -22.29, -22.3, -22.31, -22.32, -22.32, -22.31, -22.29, -22.26, -22.28, -22.3, -22.29, -22.26, -22.25, -22.24, -22.24, -22.24, -22.25, -22.27, -22.3, -22.33, -22.35, -22.37, -22.38, -22.38, -22.37, -22.36, -22.35]

Feed Rates
[0.001, 0.0, 0.0, 0.0, 0.0, 0.0, 0.0, 0.0, 0.0, 0.0, 0.0, 0.001, 0.001, 0.001, 0.001, 0.002, 0.002, 0.003, 0.003, 0.004, 0.005, 0.007, 0.008, 0.01, 0.012, 0.015, 0.019, 0.023, 0.029, 0.036]

Growth Rates [h-1]
[0.171, 0.171, 0.171, 0.171, 0.171, 0.171, 0.171, 0.171, 0.171, 0.171, 0.171, 0.171, 0.171, 0.171, 0.171, 0.171, 0.171, 0.171, 0.171, 0.171, 0.171, 0.171, 0.171, 0.171, 0.171, 0.171, 0.171, 0.171, 0.171, 0.171]

Final Product Amount [mmol]
312.3275132868415

Final Biomass Amount [g]
30.20175803203696

Process End
46.0
#-------------------------