#-------------------------
Termination Status
ITERATION_LIMIT

Time Elapsed
1552.487780558

Objective Value
371.7290381345732

Normalized Complementary Slackness
-17.682965582489935

Finite Elements
[0.68, 0.67, 0.67, 0.67, 0.67, 0.67, 0.67, 0.74, 0.76, 0.67, 0.83, 0.67, 0.67, 0.99, 0.69, 0.99, 0.73, 0.99, 0.99, 0.88, 0.99, 0.99, 0.96, 0.98, 0.97, 0.99, 0.84, 0.97, 1.0, 1.0]

Complementary Slackness per Finite Element
[-17.4, -17.43, -17.34, -16.68, -15.97, -15.75, -15.84, -15.98, -16.01, -21.06, -18.25, -17.41, -17.97, -19.99, -19.51, -18.41, -18.01, -18.04, -18.15, -18.19, -18.3, -18.36, -18.34, -18.29, -18.2, -18.02, -17.72, -17.48, -16.6, -15.77]

Feed Rates
[0.001, 0.001, 0.001, 0.001, 0.001, 0.002, 0.002, 0.002, 0.002, 0.002, 0.002, 0.003, 0.003, 0.004, 0.004, 0.005, 0.005, 0.006, 0.007, 0.008, 0.008, 0.01, 0.011, 0.012, 0.014, 0.016, 0.018, 0.021, 0.026, 0.027]

Growth Rates [h-1]
[0.185, 0.186, 0.182, 0.156, 0.144, 0.138, 0.139, 0.137, 0.14, 0.134, 0.134, 0.136, 0.146, 0.147, 0.15, 0.147, 0.148, 0.144, 0.14, 0.14, 0.137, 0.136, 0.135, 0.135, 0.135, 0.135, 0.135, 0.134, 0.152, 0.134]

Final Product Amount [mmol]
369.41530902067166

Final Biomass Amount [g]
25.7990595642417

Process End
25.0
#-------------------------