#-------------------------
Termination Status
LOCALLY_SOLVED

Time Elapsed
510.314585025

Objective Value
58.80128678559035

Normalized Complementary Slackness
-15.469295119256149

Finite Elements
[0.58, 0.58, 0.58, 0.58, 0.58, 0.58, 0.58, 0.58, 0.58, 0.58, 0.58, 0.58, 0.58, 0.58, 0.58, 0.39, 0.39, 0.39, 0.39, 0.39, 0.39, 0.39, 0.39, 0.39, 0.39, 0.39, 0.39, 0.39, 0.39, 0.39]

Complementary Slackness per Finite Element
[-16.7, -16.7, -16.7, -16.7, -16.7, -16.7, -16.7, -16.7, -16.7, -16.7, -16.7, -16.7, -16.7, -14.53, -14.53, -14.53, -14.53, -14.53, -14.53, -14.53, -14.53, -14.53, -14.53, -14.53, -14.53, -14.53, -14.53, -14.53, -14.53, -14.53]

Feed Rates
[0.001, 0.001, 0.001, 0.002, 0.002, 0.002, 0.002, 0.002, 0.003, 0.003, 0.003, 0.004, 0.004, 0.004, 0.004, 0.005, 0.005, 0.005, 0.006, 0.006, 0.006, 0.007, 0.007, 0.007, 0.008, 0.008, 0.009, 0.009, 0.01, 0.011]

Growth Rates [h-1]
[0.189, 0.189, 0.189, 0.189, 0.189, 0.189, 0.189, 0.189, 0.189, 0.189, 0.189, 0.189, 0.189, 0.153, 0.153, 0.153, 0.153, 0.153, 0.153, 0.153, 0.153, 0.153, 0.153, 0.153, 0.153, 0.153, 0.153, 0.153, 0.153, 0.153]

Final Product Amount [mmol]
102.61897141157758

Final Biomass Amount [g]
8.564256700443329

Process End
14.5
#-------------------------