#-------------------------
Termination Status
LOCALLY_INFEASIBLE

Time Elapsed
20.198816314

Objective Value
421.89016409548486

Normalized Complementary Slackness
-52.758824070275196

Finite Elements
[1.47, 2.2, 2.2, 2.2, 2.2, 2.2, 2.2, 2.11, 2.19, 1.47, 1.47, 1.47, 1.47, 1.47, 1.47, 1.47, 1.47, 1.47, 1.47, 1.47, 1.47, 1.59, 1.82, 1.95, 2.08, 2.19, 2.2, 2.2, 2.2, 2.2]

Complementary Slackness per Finite Element
[-54.43, -53.4, -53.07, -52.93, -52.82, -52.8, -52.84, -52.84, -53.0, -52.74, -52.73, -52.8, -52.78, -52.81, -52.83, -52.76, -52.69, -52.6, -52.7, -52.6, -52.52, -52.6, -52.58, -52.54, -52.5, -52.46, -52.41, -52.38, -52.33, -52.28]

Feed Rates
[0.001, 0.0, 0.0, 0.0, 0.0, 0.0, 0.0, 0.0, 0.0, 0.0, 0.0, 0.0, 0.0, 0.001, 0.001, 0.001, 0.001, 0.001, 0.001, 0.002, 0.002, 0.003, 0.003, 0.004, 0.005, 0.007, 0.009, 0.013, 0.017, 0.023]

Growth Rates [h-1]
[0.134, 0.134, 0.134, 0.134, 0.134, 0.134, 0.134, 0.134, 0.134, 0.134, 0.134, 0.134, 0.134, 0.134, 0.134, 0.134, 0.134, 0.134, 0.134, 0.134, 0.134, 0.134, 0.134, 0.134, 0.134, 0.134, 0.134, 0.134, 0.134, 0.134]

Final Product Amount [mmol]
468.2989186155473

Final Biomass Amount [g]
24.6391004093154

Process End
55.0
#-------------------------