#-------------------------
Termination Status
LOCALLY_INFEASIBLE

Time Elapsed
14.340780774

Objective Value
69.11228399681261

Normalized Complementary Slackness
-17.252227367667224

Finite Elements
[2.68, 2.66, 1.89, 1.84, 1.8, 1.79, 1.79, 1.79, 1.79, 1.79, 1.79, 1.79, 1.79, 1.79, 1.79, 1.79, 2.16, 2.13, 2.68, 2.68, 2.68, 2.68, 2.68, 2.68, 2.68, 2.68, 2.68, 2.68, 2.68, 2.68]

Complementary Slackness per Finite Element
[-18.4, -19.05, -18.79, -17.97, -16.75, -16.73, -16.94, -16.95, -16.98, -16.99, -17.01, -16.96, -17.0, -16.99, -17.0, -16.99, -17.06, -16.87, -16.72, -16.81, -17.13, -17.03, -17.25, -17.47, -17.46, -17.27, -17.25, -17.26, -17.26, -17.22]

Feed Rates
[0.001, 0.0, 0.0, 0.0, 0.0, 0.0, 0.0, 0.0, 0.0, 0.0, 0.0, 0.0, 0.0, 0.0, 0.0, 0.0, 0.0, 0.001, 0.001, 0.001, 0.001, 0.002, 0.003, 0.003, 0.005, 0.006, 0.009, 0.012, 0.016, 0.022]

Growth Rates [h-1]
[0.116, 0.116, 0.116, 0.116, 0.116, 0.116, 0.116, 0.116, 0.116, 0.116, 0.116, 0.116, 0.116, 0.116, 0.116, 0.116, 0.116, 0.116, 0.116, 0.116, 0.116, 0.116, 0.116, 0.116, 0.116, 0.116, 0.116, 0.116, 0.116, 0.116]

Final Product Amount [mmol]
532.3127370367599

Final Biomass Amount [g]
26.752145928395986

Process End
67.0
#-------------------------