#-------------------------
Termination Status
LOCALLY_INFEASIBLE

Time Elapsed
15.934393721

Objective Value
-13.01862513181456

Normalized Complementary Slackness
-17.81580782530794

Finite Elements
[2.56, 2.5, 2.49, 2.49, 2.02, 1.73, 1.73, 1.73, 1.73, 1.73, 2.48, 1.73, 1.73, 1.73, 1.73, 1.73, 1.72, 1.72, 1.73, 2.07, 1.88, 2.55, 2.56, 2.56, 2.56, 2.56, 2.56, 2.56, 2.56, 2.56]

Complementary Slackness per Finite Element
[-17.81, -17.81, -17.81, -17.81, -17.81, -17.81, -17.81, -17.81, -17.81, -17.81, -17.81, -17.8, -17.82, -17.81, -17.81, -17.81, -17.81, -17.81, -17.81, -17.81, -17.81, -17.81, -17.81, -17.82, -17.82, -17.82, -17.83, -17.81, -17.83, -17.94]

Feed Rates
[0.001, 0.0, 0.0, 0.0, 0.0, 0.0, 0.0, 0.0, 0.0, 0.0, 0.0, 0.0, 0.0, 0.0, 0.0, 0.0, 0.0, 0.0, 0.0, 0.0, 0.0, 0.0, 0.0, 0.0, 0.0, 0.001, 0.001, 0.001, 0.002, 0.004]

Growth Rates [h-1]
[0.189, 0.189, 0.189, 0.189, 0.189, 0.189, 0.189, 0.189, 0.189, 0.189, 0.189, 0.189, 0.189, 0.189, 0.189, 0.189, 0.189, 0.189, 0.189, 0.189, 0.189, 0.189, 0.189, 0.189, 0.189, 0.189, 0.189, 0.189, 0.189, 0.189]

Final Product Amount [mmol]
28.0308957300227

Final Biomass Amount [g]
3.6020183437597133

Process End
64.0
#-------------------------