#-------------------------
Termination Status
LOCALLY_INFEASIBLE

Time Elapsed
26.675252975

Objective Value
33.961035771517594

Normalized Complementary Slackness
-28.222214036024596

Finite Elements
[1.64, 1.99, 1.64, 1.64, 1.64, 1.64, 1.64, 1.64, 1.64, 1.64, 1.64, 1.65, 1.65, 1.65, 1.65, 1.98, 2.38, 2.4, 2.43, 2.43, 2.44, 2.44, 2.44, 2.44, 2.44, 2.44, 2.44, 2.44, 2.44, 2.44]

Complementary Slackness per Finite Element
[-28.72, -27.26, -26.46, -26.17, -26.18, -25.15, -24.93, -24.95, -25.05, -25.15, -25.25, -25.41, -25.6, -26.21, -27.02, -27.82, -27.54, -27.87, -27.93, -30.89, -31.03, -31.25, -31.54, -31.73, -31.68, -31.64, -31.62, -31.56, -31.44, -31.65]

Feed Rates
[0.001, 0.001, 0.001, 0.001, 0.001, 0.001, 0.001, 0.001, 0.001, 0.001, 0.001, 0.002, 0.002, 0.002, 0.002, 0.002, 0.003, 0.003, 0.004, 0.004, 0.005, 0.006, 0.007, 0.008, 0.009, 0.01, 0.012, 0.014, 0.016, 0.019]

Growth Rates [h-1]
[0.061, 0.061, 0.061, 0.061, 0.061, 0.061, 0.061, 0.061, 0.061, 0.061, 0.061, 0.061, 0.061, 0.061, 0.061, 0.061, 0.061, 0.061, 0.061, 0.061, 0.061, 0.061, 0.061, 0.061, 0.061, 0.061, 0.061, 0.061, 0.061, 0.061]

Final Product Amount [mmol]
318.95326836888233

Final Biomass Amount [g]
28.550603486349086

Process End
61.0
#-------------------------