#-------------------------
Termination Status
LOCALLY_INFEASIBLE

Time Elapsed
14.781757526

Objective Value
817.8439232867889

Normalized Complementary Slackness
-142.00226786593657

Finite Elements
[0.91, 0.91, 0.91, 0.91, 0.91, 0.91, 0.91, 0.91, 0.91, 0.92, 0.92, 1.24, 1.04, 1.29, 1.34, 1.35, 1.35, 1.35, 1.35, 1.35, 1.35, 1.34, 1.34, 0.96, 1.34, 1.09, 1.33, 1.09, 1.34, 1.12]

Complementary Slackness per Finite Element
[-145.49, -145.22, -144.72, -144.22, -143.69, -143.21, -142.8, -142.49, -142.24, -142.05, -141.92, -141.91, -141.92, -141.99, -142.0, -141.58, -141.42, -141.37, -141.34, -141.3, -141.25, -141.13, -140.95, -140.57, -140.72, -140.52, -140.65, -140.47, -140.53, -140.4]

Feed Rates
[0.001, 0.001, 0.001, 0.001, 0.001, 0.002, 0.002, 0.002, 0.002, 0.003, 0.003, 0.003, 0.004, 0.005, 0.005, 0.006, 0.008, 0.009, 0.011, 0.013, 0.016, 0.019, 0.023, 0.027, 0.031, 0.037, 0.043, 0.051, 0.06, 0.071]

Growth Rates [h-1]
[0.134, 0.134, 0.134, 0.134, 0.134, 0.134, 0.134, 0.134, 0.134, 0.134, 0.134, 0.134, 0.134, 0.134, 0.134, 0.134, 0.134, 0.134, 0.134, 0.134, 0.134, 0.134, 0.134, 0.134, 0.134, 0.134, 0.134, 0.134, 0.134, 0.134]

Final Product Amount [mmol]
940.8682308094673

Final Biomass Amount [g]
68.01372211376965

Process End
34.0
#-------------------------