#-------------------------
Termination Status
LOCALLY_INFEASIBLE

Time Elapsed
20.005771257

Objective Value
121.76447050356043

Normalized Complementary Slackness
-15.534726026033258

Finite Elements
[1.31, 1.96, 1.96, 1.96, 1.96, 1.96, 1.96, 1.96, 1.96, 1.96, 1.96, 1.96, 1.96, 1.95, 1.79, 1.94, 1.5, 1.31, 1.31, 1.31, 1.31, 1.31, 1.31, 1.31, 1.31, 1.31, 1.31, 1.31, 1.31, 1.31]

Complementary Slackness per Finite Element
[-15.74, -15.29, -15.48, -15.52, -15.53, -15.53, -15.59, -15.62, -19.33, -12.17, -15.51, -15.53, -15.51, -15.52, -15.48, -15.54, -15.51, -15.51, -15.51, -15.51, -15.51, -15.51, -15.51, -15.52, -15.5, -15.52, -15.51, -15.51, -15.51, -15.5]

Feed Rates
[0.001, 0.0, 0.0, 0.0, 0.0, 0.001, 0.001, 0.001, 0.001, 0.001, 0.001, 0.002, 0.002, 0.002, 0.003, 0.003, 0.004, 0.005, 0.005, 0.006, 0.007, 0.008, 0.009, 0.01, 0.012, 0.013, 0.015, 0.017, 0.019, 0.022]

Growth Rates [h-1]
[0.097, 0.097, 0.097, 0.097, 0.097, 0.097, 0.097, 0.097, 0.097, 0.097, 0.097, 0.097, 0.097, 0.097, 0.097, 0.097, 0.097, 0.097, 0.097, 0.097, 0.097, 0.097, 0.097, 0.097, 0.097, 0.097, 0.097, 0.097, 0.097, 0.097]

Final Product Amount [mmol]
597.344002372376

Final Biomass Amount [g]
25.37234489551244

Process End
49.0
#-------------------------