#-------------------------
Termination Status
LOCALLY_INFEASIBLE

Time Elapsed
16.35681051

Objective Value
569.7951995028087

Normalized Complementary Slackness
-20.531228570168278

Finite Elements
[2.68, 2.68, 2.68, 2.68, 2.68, 2.68, 2.68, 2.68, 2.68, 2.68, 2.68, 2.67, 2.67, 2.66, 2.38, 1.98, 1.83, 1.81, 1.8, 1.8, 1.8, 1.8, 1.79, 1.79, 1.81, 1.79, 1.79, 1.79, 1.79, 1.79]

Complementary Slackness per Finite Element
[-25.49, -25.07, -19.82, -18.98, -18.92, -18.92, -18.95, -19.01, -19.5, -18.97, -19.21, -19.89, -20.68, -20.84, -20.82, -20.81, -20.8, -20.78, -20.77, -20.75, -20.74, -20.73, -20.75, -20.55, -20.82, -20.69, -20.7, -20.69, -20.72, -20.56]

Feed Rates
[0.001, 0.0, 0.0, 0.0, 0.0, 0.0, 0.0, 0.0, 0.0, 0.0, 0.0, 0.0, 0.001, 0.001, 0.001, 0.001, 0.002, 0.002, 0.002, 0.003, 0.004, 0.005, 0.006, 0.007, 0.009, 0.011, 0.013, 0.016, 0.02, 0.024]

Growth Rates [h-1]
[0.116, 0.116, 0.116, 0.116, 0.116, 0.116, 0.116, 0.116, 0.116, 0.116, 0.116, 0.116, 0.116, 0.116, 0.116, 0.116, 0.116, 0.116, 0.116, 0.116, 0.116, 0.116, 0.116, 0.116, 0.116, 0.116, 0.116, 0.116, 0.116, 0.116]

Final Product Amount [mmol]
580.0541528582709

Final Biomass Amount [g]
26.752158407153544

Process End
67.0
#-------------------------