#-------------------------
Termination Status
LOCALLY_INFEASIBLE

Time Elapsed
20.455948014

Objective Value
260.4591157683469

Normalized Complementary Slackness
-25.92850556102294

Finite Elements
[0.92, 0.92, 0.92, 0.92, 0.92, 0.92, 0.92, 0.92, 0.92, 0.92, 0.92, 0.92, 0.92, 0.93, 1.29, 0.93, 1.33, 1.34, 1.35, 1.35, 1.35, 1.35, 1.35, 1.35, 1.35, 1.35, 1.35, 1.35, 1.36, 1.36]

Complementary Slackness per Finite Element
[-30.0, -29.18, -26.02, -24.22, -23.57, -23.26, -21.01, -20.11, -20.37, -20.49, -20.55, -20.53, -20.57, -20.73, -20.52, -24.5, -27.16, -27.7, -29.73, -30.28, -30.14, -29.81, -29.43, -29.1, -29.08, -29.2, -29.77, -30.31, -30.28, -30.22]

Feed Rates
[0.001, 0.001, 0.001, 0.001, 0.001, 0.001, 0.001, 0.002, 0.002, 0.002, 0.002, 0.002, 0.003, 0.003, 0.003, 0.004, 0.004, 0.005, 0.006, 0.007, 0.008, 0.01, 0.011, 0.013, 0.016, 0.018, 0.021, 0.025, 0.029, 0.034]

Growth Rates [h-1]
[0.116, 0.116, 0.116, 0.116, 0.116, 0.116, 0.116, 0.116, 0.116, 0.116, 0.116, 0.116, 0.116, 0.116, 0.116, 0.116, 0.116, 0.116, 0.116, 0.116, 0.116, 0.116, 0.116, 0.116, 0.116, 0.116, 0.116, 0.116, 0.116, 0.116]

Final Product Amount [mmol]
277.88246969593814

Final Biomass Amount [g]
36.37642258236764

Process End
34.0
#-------------------------