#-------------------------
Termination Status
LOCALLY_SOLVED

Time Elapsed
92.427447996

Objective Value
502.14825452268

Normalized Complementary Slackness
-14.628032599068158

Finite Elements
[0.94, 0.94, 0.94, 0.94, 0.94, 0.94, 0.94, 0.94, 0.94, 0.94, 0.94, 0.94, 0.94, 0.94, 0.94, 0.63, 0.63, 0.63, 0.63, 0.63, 0.63, 0.63, 0.63, 0.63, 0.63, 0.63, 0.63, 0.63, 0.63, 0.63]

Complementary Slackness per Finite Element
[-16.95, -16.95, -16.95, -16.95, -16.95, -16.95, -16.95, -16.95, -16.95, -16.95, -16.95, -16.95, -12.88, -12.12, -12.12, -12.12, -12.12, -12.12, -12.12, -12.12, -12.12, -12.3, -14.16, -14.16, -14.16, -14.16, -14.16, -14.16, -14.16, -14.16]

Feed Rates
[0.001, 0.001, 0.002, 0.002, 0.002, 0.003, 0.003, 0.004, 0.005, 0.006, 0.007, 0.008, 0.007, 0.007, 0.008, 0.009, 0.01, 0.011, 0.011, 0.012, 0.013, 0.014, 0.015, 0.016, 0.018, 0.019, 0.02, 0.022, 0.024, 0.025]

Growth Rates [h-1]
[0.189, 0.189, 0.189, 0.189, 0.189, 0.189, 0.189, 0.189, 0.189, 0.189, 0.189, 0.189, 0.127, 0.116, 0.116, 0.116, 0.116, 0.116, 0.116, 0.116, 0.116, 0.116, 0.116, 0.116, 0.116, 0.116, 0.116, 0.116, 0.116, 0.116]

Final Product Amount [mmol]
500.7178405600235

Final Biomass Amount [g]
25.02143896245658

Process End
23.5
#-------------------------