#-------------------------
Termination Status
LOCALLY_INFEASIBLE

Time Elapsed
15.845006616

Objective Value
55.10508448483187

Normalized Complementary Slackness
-51.64106139011033

Finite Elements
[1.23, 1.84, 1.84, 1.84, 1.84, 1.84, 1.84, 1.84, 1.84, 1.84, 1.84, 1.84, 1.84, 1.84, 1.84, 1.75, 1.32, 1.23, 1.23, 1.23, 1.23, 1.23, 1.23, 1.23, 1.23, 1.23, 1.23, 1.23, 1.23, 1.23]

Complementary Slackness per Finite Element
[-54.63, -52.1, -52.05, -52.05, -52.03, -52.18, -52.09, -52.0, -51.89, -51.78, -51.61, -51.32, -51.42, -51.3, -51.22, -51.17, -51.14, -51.14, -51.08, -51.14, -51.16, -51.11, -51.21, -51.3, -51.38, -51.45, -51.51, -51.57, -51.7, -51.51]

Feed Rates
[0.001, 0.0, 0.0, 0.0, 0.0, 0.0, 0.0, 0.0, 0.0, 0.001, 0.001, 0.001, 0.001, 0.001, 0.002, 0.002, 0.003, 0.004, 0.004, 0.005, 0.006, 0.007, 0.008, 0.01, 0.011, 0.013, 0.016, 0.018, 0.022, 0.026]

Growth Rates [h-1]
[0.134, 0.134, 0.134, 0.134, 0.134, 0.134, 0.134, 0.134, 0.134, 0.134, 0.134, 0.134, 0.134, 0.134, 0.134, 0.134, 0.134, 0.134, 0.134, 0.134, 0.134, 0.134, 0.134, 0.134, 0.134, 0.134, 0.134, 0.134, 0.134, 0.134]

Final Product Amount [mmol]
446.88579861539216

Final Biomass Amount [g]
24.704392539832625

Process End
46.0
#-------------------------