#-------------------------
Termination Status
LOCALLY_INFEASIBLE

Time Elapsed
15.612018075

Objective Value
480.4177633744917

Normalized Complementary Slackness
-18.494921731991504

Finite Elements
[2.68, 2.68, 2.41, 2.34, 2.28, 2.21, 2.11, 1.98, 1.89, 1.8, 1.79, 1.79, 1.79, 1.79, 1.79, 1.79, 1.79, 1.79, 1.79, 1.79, 2.63, 2.68, 2.68, 2.68, 2.68, 2.68, 2.68, 2.68, 2.68, 2.68]

Complementary Slackness per Finite Element
[-19.06, -18.24, -18.52, -18.53, -18.58, -18.58, -18.54, -18.53, -18.75, -18.68, -18.6, -18.78, -18.7, -18.65, -18.62, -18.59, -18.5, -18.59, -18.6, -18.52, -18.36, -18.34, -18.32, -18.26, -18.24, -18.23, -18.25, -18.22, -18.24, -18.21]

Feed Rates
[0.001, 0.0, 0.0, 0.0, 0.0, 0.0, 0.0, 0.0, 0.0, 0.0, 0.0, 0.0, 0.0, 0.0, 0.0, 0.0, 0.0, 0.0, 0.001, 0.001, 0.001, 0.001, 0.002, 0.002, 0.004, 0.005, 0.007, 0.01, 0.015, 0.022]

Growth Rates [h-1]
[0.134, 0.134, 0.134, 0.134, 0.134, 0.134, 0.134, 0.134, 0.134, 0.134, 0.134, 0.134, 0.134, 0.134, 0.134, 0.134, 0.134, 0.134, 0.134, 0.134, 0.134, 0.134, 0.134, 0.134, 0.134, 0.134, 0.134, 0.134, 0.134, 0.134]

Final Product Amount [mmol]
493.15636822617546

Final Biomass Amount [g]
24.57497314450295

Process End
67.0
#-------------------------