#-------------------------
Termination Status
LOCALLY_INFEASIBLE

Time Elapsed
13.574267561

Objective Value
23.558303680148793

Normalized Complementary Slackness
-19.124735375211284

Finite Elements
[1.96, 1.96, 1.74, 1.7, 1.65, 1.58, 1.5, 1.4, 1.33, 1.31, 1.31, 1.32, 1.31, 1.31, 1.31, 1.31, 1.31, 1.31, 1.31, 1.49, 1.96, 1.96, 1.96, 1.96, 1.96, 1.96, 1.96, 1.96, 1.96, 1.96]

Complementary Slackness per Finite Element
[-18.22, -18.36, -18.38, -18.41, -18.46, -18.55, -18.93, -19.21, -19.14, -19.04, -18.32, -18.91, -19.37, -19.36, -19.36, -19.36, -19.37, -19.38, -19.33, -19.36, -19.38, -19.39, -19.45, -19.53, -19.55, -19.53, -19.57, -19.51, -19.5, -19.51]

Feed Rates
[0.001, 0.0, 0.0, 0.0, 0.0, 0.0, 0.0, 0.0, 0.0, 0.0, 0.0, 0.0, 0.0, 0.0, 0.0, 0.0, 0.0, 0.0, 0.001, 0.001, 0.001, 0.002, 0.002, 0.003, 0.005, 0.007, 0.01, 0.014, 0.021, 0.03]

Growth Rates [h-1]
[0.189, 0.189, 0.189, 0.189, 0.189, 0.189, 0.189, 0.189, 0.189, 0.189, 0.189, 0.189, 0.189, 0.189, 0.189, 0.189, 0.189, 0.189, 0.189, 0.189, 0.189, 0.189, 0.189, 0.189, 0.189, 0.189, 0.189, 0.189, 0.189, 0.189]

Final Product Amount [mmol]
198.01829011055335

Final Biomass Amount [g]
27.109105273840775

Process End
49.0
#-------------------------