#-------------------------
Termination Status
LOCALLY_SOLVED

Time Elapsed
87.321362305

Objective Value
707.108451477057

Normalized Complementary Slackness
-16.4621048331659

Finite Elements
[1.48, 1.48, 1.48, 1.48, 1.48, 1.48, 1.48, 1.48, 1.48, 1.48, 1.48, 1.48, 1.48, 1.48, 1.48, 0.99, 0.99, 0.99, 0.99, 0.99, 0.99, 0.99, 0.99, 0.99, 0.99, 0.99, 0.99, 0.99, 0.99, 0.99]

Complementary Slackness per Finite Element
[-16.95, -16.95, -16.95, -16.95, -16.95, -16.95, -16.95, -16.95, -16.95, -16.95, -14.92, -5.31, -14.58, -17.03, -17.03, -17.03, -17.03, -17.03, -17.03, -17.03, -17.03, -17.03, -17.03, -17.03, -17.03, -17.03, -17.03, -17.03, -17.03, -17.03]

Feed Rates
[0.001, 0.001, 0.002, 0.003, 0.003, 0.005, 0.006, 0.008, 0.011, 0.014, 0.016, 0.007, 0.006, 0.006, 0.006, 0.006, 0.006, 0.006, 0.006, 0.006, 0.007, 0.007, 0.007, 0.007, 0.007, 0.007, 0.007, 0.007, 0.007, 0.007]

Growth Rates [h-1]
[0.189, 0.189, 0.189, 0.189, 0.189, 0.189, 0.189, 0.189, 0.189, 0.189, 0.158, 0.012, 0.005, 0.005, 0.005, 0.005, 0.005, 0.005, 0.005, 0.005, 0.005, 0.005, 0.005, 0.005, 0.005, 0.005, 0.005, 0.005, 0.005, 0.005]

Final Product Amount [mmol]
691.0367680863268

Final Biomass Amount [g]
16.71300624236393

Process End
37.0
#-------------------------