#-------------------------
Termination Status
ALMOST_LOCALLY_SOLVED

Time Elapsed
510.457088541

Objective Value
38.18744924193364

Normalized Complementary Slackness
-15.110966511197864

Finite Elements
[0.4, 0.4, 0.4, 0.4, 0.4, 0.4, 0.4, 0.4, 0.4, 0.32, 0.27, 0.27, 0.27, 0.27, 0.27, 0.27, 0.27, 0.27, 0.27, 0.27, 0.38, 0.4, 0.39, 0.4, 0.4, 0.38, 0.27, 0.27, 0.27, 0.27]

Complementary Slackness per Finite Element
[-17.68, -17.68, -17.68, -17.68, -17.68, -17.68, -17.68, -17.68, -17.68, -17.71, -17.68, -17.68, -17.68, -17.67, -17.67, -17.68, -17.66, -17.14, -15.18, -11.43, -10.9, -10.9, -10.9, -10.9, -10.9, -10.9, -10.9, -10.9, -10.9, -10.9]

Feed Rates
[0.001, 0.001, 0.001, 0.001, 0.001, 0.002, 0.002, 0.002, 0.002, 0.002, 0.002, 0.002, 0.003, 0.003, 0.003, 0.003, 0.003, 0.003, 0.003, 0.002, 0.002, 0.002, 0.002, 0.003, 0.003, 0.003, 0.003, 0.003, 0.003, 0.003]

Growth Rates [h-1]
[0.189, 0.189, 0.189, 0.189, 0.189, 0.189, 0.189, 0.189, 0.189, 0.189, 0.189, 0.189, 0.189, 0.189, 0.189, 0.189, 0.189, 0.179, 0.147, 0.105, 0.097, 0.097, 0.097, 0.097, 0.097, 0.097, 0.097, 0.097, 0.097, 0.097]

Final Product Amount [mmol]
51.687323978406404

Final Biomass Amount [g]
3.3242363007524593

Process End
10.0
#-------------------------