#-------------------------
Termination Status
LOCALLY_INFEASIBLE

Time Elapsed
14.809326081

Objective Value
-31.339072808143754

Normalized Complementary Slackness
-195.30839571833906

Finite Elements
[1.82, 1.81, 1.33, 1.79, 1.77, 1.25, 1.25, 1.24, 1.24, 1.24, 1.24, 1.24, 1.24, 1.24, 1.24, 1.25, 1.25, 1.26, 1.27, 1.79, 1.8, 1.81, 1.82, 1.82, 1.82, 1.82, 1.83, 1.83, 1.83, 1.83]

Complementary Slackness per Finite Element
[-196.69, -196.62, -196.45, -196.44, -196.33, -196.18, -196.11, -196.08, -195.99, -195.94, -195.89, -195.82, -195.76, -195.69, -195.61, -195.53, -195.44, -195.34, -195.3, -195.05, -194.95, -194.75, -194.58, -194.43, -194.28, -194.15, -194.03, -193.9, -193.58, -192.35]

Feed Rates
[0.001, 0.001, 0.001, 0.001, 0.001, 0.001, 0.001, 0.001, 0.002, 0.002, 0.002, 0.002, 0.002, 0.003, 0.003, 0.003, 0.004, 0.004, 0.004, 0.005, 0.006, 0.006, 0.007, 0.009, 0.01, 0.011, 0.013, 0.015, 0.018, 0.02]

Growth Rates [h-1]
[0.079, 0.079, 0.079, 0.079, 0.079, 0.079, 0.079, 0.079, 0.079, 0.079, 0.079, 0.079, 0.079, 0.079, 0.079, 0.079, 0.079, 0.079, 0.079, 0.079, 0.079, 0.079, 0.079, 0.079, 0.079, 0.079, 0.079, 0.079, 0.079, 0.079]

Final Product Amount [mmol]
699.5245303499196

Final Biomass Amount [g]
26.841027513673776

Process End
46.0
#-------------------------