#-------------------------
Termination Status
LOCALLY_INFEASIBLE

Time Elapsed
15.931283709

Objective Value
24.823258454933026

Normalized Complementary Slackness
-38.76531933208501

Finite Elements
[2.2, 2.2, 2.2, 2.2, 2.2, 2.2, 2.2, 2.2, 2.2, 2.2, 2.2, 2.2, 2.11, 1.66, 1.47, 1.47, 1.48, 1.47, 1.47, 1.49, 1.48, 1.48, 2.07, 2.08, 1.48, 1.47, 1.47, 1.47, 1.48, 1.51]

Complementary Slackness per Finite Element
[-39.5, -38.57, -38.67, -38.72, -38.77, -38.87, -38.98, -39.07, -39.06, -38.83, -39.0, -38.93, -38.94, -38.89, -38.85, -38.79, -38.63, -38.6, -38.59, -38.59, -38.6, -38.61, -38.63, -38.64, -38.58, -38.57, -38.58, -38.56, -38.61, -38.73]

Feed Rates
[0.001, 0.0, 0.0, 0.0, 0.0, 0.0, 0.0, 0.0, 0.0, 0.0, 0.0, 0.0, 0.0, 0.0, 0.001, 0.001, 0.001, 0.001, 0.002, 0.002, 0.003, 0.004, 0.005, 0.007, 0.01, 0.012, 0.016, 0.021, 0.026, 0.034]

Growth Rates [h-1]
[0.171, 0.171, 0.171, 0.171, 0.171, 0.171, 0.171, 0.171, 0.171, 0.171, 0.171, 0.171, 0.171, 0.171, 0.171, 0.171, 0.171, 0.171, 0.171, 0.171, 0.171, 0.171, 0.171, 0.171, 0.171, 0.171, 0.171, 0.171, 0.171, 0.171]

Final Product Amount [mmol]
323.14812925189034

Final Biomass Amount [g]
30.155358350036522

Process End
55.0
#-------------------------