#-------------------------
Termination Status
LOCALLY_SOLVED

Time Elapsed
70.765142255

Objective Value
187.23853367445477

Normalized Complementary Slackness
-14.992711112891872

Finite Elements
[1.36, 1.36, 1.36, 1.36, 1.36, 1.36, 1.36, 1.36, 1.36, 1.36, 1.36, 1.36, 1.36, 0.91, 1.36, 1.36, 0.91, 0.91, 0.91, 0.91, 0.91, 0.91, 0.91, 0.91, 0.91, 0.91, 0.91, 0.91, 0.91, 0.91]

Complementary Slackness per Finite Element
[-16.95, -16.95, -16.95, -16.95, -16.95, -14.63, -9.69, -9.71, -15.11, -15.11, -15.11, -15.11, -19.06, -9.69, -15.11, -15.11, -15.11, -15.11, -15.11, -15.11, -15.11, -15.11, -15.11, -15.11, -15.11, -15.11, -15.11, -15.11, -15.11, -15.11]

Feed Rates
[0.001, 0.001, 0.002, 0.002, 0.003, 0.003, 0.003, 0.003, 0.003, 0.004, 0.004, 0.005, 0.005, 0.006, 0.006, 0.007, 0.008, 0.008, 0.009, 0.01, 0.01, 0.011, 0.012, 0.013, 0.014, 0.015, 0.016, 0.017, 0.018, 0.02]

Growth Rates [h-1]
[0.189, 0.189, 0.189, 0.189, 0.189, 0.154, 0.079, 0.079, 0.079, 0.079, 0.079, 0.079, 0.079, 0.079, 0.079, 0.079, 0.079, 0.079, 0.079, 0.079, 0.079, 0.079, 0.079, 0.079, 0.079, 0.079, 0.079, 0.079, 0.079, 0.079]

Final Product Amount [mmol]
612.6490073363861

Final Biomass Amount [g]
24.42424733844136

Process End
34.0
#-------------------------