#-------------------------
Termination Status
LOCALLY_SOLVED

Time Elapsed
53.049034862

Objective Value
544.3382219093413

Normalized Complementary Slackness
-14.93663824999226

Finite Elements
[1.6, 1.6, 1.6, 1.6, 1.6, 1.6, 1.6, 1.6, 1.6, 1.6, 1.6, 1.6, 1.07, 1.6, 1.07, 1.6, 1.6, 1.07, 1.07, 1.07, 1.07, 1.07, 1.07, 1.07, 1.07, 1.07, 1.07, 1.07, 1.07, 1.07]

Complementary Slackness per Finite Element
[-16.95, -11.89, -13.95, -15.12, -15.12, -15.12, -15.12, -15.12, -15.12, -15.12, -15.12, -19.13, -9.7, -19.13, -9.7, -15.12, -15.12, -15.11, -15.12, -15.12, -15.12, -15.12, -15.12, -15.12, -15.12, -15.12, -15.12, -15.12, -15.12, -15.12]

Feed Rates
[0.001, 0.001, 0.001, 0.001, 0.001, 0.001, 0.002, 0.002, 0.002, 0.002, 0.003, 0.003, 0.004, 0.004, 0.004, 0.005, 0.005, 0.006, 0.007, 0.007, 0.008, 0.009, 0.009, 0.01, 0.011, 0.012, 0.013, 0.014, 0.015, 0.017]

Growth Rates [h-1]
[0.189, 0.112, 0.079, 0.079, 0.079, 0.079, 0.079, 0.079, 0.079, 0.079, 0.079, 0.079, 0.079, 0.079, 0.079, 0.079, 0.079, 0.079, 0.079, 0.079, 0.079, 0.079, 0.079, 0.079, 0.079, 0.079, 0.079, 0.079, 0.079, 0.079]

Final Product Amount [mmol]
541.2158283512839

Final Biomass Amount [g]
21.0375296824862

Process End
40.0
#-------------------------