#-------------------------
Termination Status
LOCALLY_INFEASIBLE

Time Elapsed
17.468966932

Objective Value
5.621270721411737

Normalized Complementary Slackness
-24.901069818200735

Finite Elements
[2.8, 2.8, 2.8, 2.8, 2.8, 2.79, 2.45, 2.44, 2.42, 2.4, 2.36, 2.3, 2.22, 2.1, 1.94, 1.88, 1.87, 1.87, 1.87, 1.87, 1.87, 1.87, 2.32, 2.63, 2.68, 2.71, 2.73, 2.66, 1.89, 1.87]

Complementary Slackness per Finite Element
[-24.63, -24.75, -24.82, -24.81, -24.97, -24.84, -24.85, -24.85, -24.84, -24.77, -24.74, -24.75, -25.01, -24.98, -24.98, -24.98, -24.99, -25.0, -25.01, -25.02, -25.04, -25.05, -25.05, -24.95, -24.99, -24.95, -24.91, -24.81, -24.77, -24.91]

Feed Rates
[0.001, 0.0, 0.0, 0.0, 0.0, 0.0, 0.0, 0.0, 0.0, 0.0, 0.0, 0.0, 0.0, 0.0, 0.0, 0.0, 0.0, 0.0, 0.0, 0.0, 0.001, 0.001, 0.001, 0.002, 0.003, 0.005, 0.008, 0.013, 0.021, 0.03]

Growth Rates [h-1]
[0.189, 0.189, 0.189, 0.189, 0.189, 0.189, 0.189, 0.189, 0.189, 0.189, 0.189, 0.189, 0.189, 0.189, 0.189, 0.189, 0.189, 0.189, 0.189, 0.189, 0.189, 0.189, 0.189, 0.189, 0.189, 0.189, 0.189, 0.189, 0.189, 0.189]

Final Product Amount [mmol]
198.61803821148877

Final Biomass Amount [g]
27.007726531514436

Process End
70.0
#-------------------------