#-------------------------
Termination Status
LOCALLY_SOLVED

Time Elapsed
237.504735939

Objective Value
201.19672103159766

Normalized Complementary Slackness
-16.61390443382501

Finite Elements
[2.23, 2.23, 1.56, 0.56, 0.56, 0.56, 0.56, 0.56, 0.56, 0.56, 0.56, 0.56, 0.56, 0.56, 0.56, 0.56, 0.56, 0.56, 0.56, 0.56, 0.56, 0.56, 2.23, 2.23, 2.23, 2.23, 2.23, 2.23, 2.23, 1.23]

Complementary Slackness per Finite Element
[-16.95, -16.95, -16.95, -16.95, -16.95, -16.95, -16.95, -16.95, -16.95, -16.95, -16.95, -16.95, -16.95, -16.95, -16.95, -16.95, -16.95, -16.95, -16.95, -16.95, -16.95, -16.95, -7.16, -16.3, -17.01, -17.01, -17.01, -17.01, -17.01, -17.01]

Feed Rates
[0.001, 0.002, 0.003, 0.003, 0.004, 0.004, 0.005, 0.005, 0.006, 0.006, 0.007, 0.008, 0.009, 0.01, 0.011, 0.012, 0.014, 0.015, 0.017, 0.019, 0.021, 0.023, 0.007, 0.007, 0.007, 0.007, 0.007, 0.007, 0.007, 0.008]

Growth Rates [h-1]
[0.189, 0.189, 0.189, 0.189, 0.189, 0.189, 0.189, 0.189, 0.189, 0.189, 0.189, 0.189, 0.189, 0.189, 0.189, 0.189, 0.189, 0.189, 0.189, 0.189, 0.189, 0.189, 0.006, 0.006, 0.006, 0.006, 0.006, 0.006, 0.006, 0.006]

Final Product Amount [mmol]
674.2188982162428

Final Biomass Amount [g]
18.367431349590582

Process End
33.52
#-------------------------