#-------------------------
Termination Status
LOCALLY_INFEASIBLE

Time Elapsed
13.844428057

Objective Value
375.3568717550274

Normalized Complementary Slackness
-336.0369444516581

Finite Elements
[1.24, 1.24, 1.24, 1.24, 1.24, 1.24, 1.24, 1.24, 1.24, 1.24, 1.25, 1.73, 1.26, 1.26, 1.27, 1.79, 1.8, 1.81, 1.81, 1.8, 1.81, 1.67, 1.81, 1.8, 1.8, 1.8, 1.81, 1.81, 1.81, 1.73]

Complementary Slackness per Finite Element
[-339.32, -338.87, -338.6, -338.38, -338.17, -337.98, -337.8, -337.64, -337.5, -337.36, -337.21, -337.4, -336.88, -336.73, -336.63, -336.59, -336.55, -336.28, -335.89, -335.39, -335.01, -334.49, -334.11, -333.79, -333.71, -333.56, -333.6, -333.47, -332.65, -329.55]

Feed Rates
[0.001, 0.001, 0.001, 0.001, 0.001, 0.001, 0.001, 0.001, 0.001, 0.001, 0.002, 0.002, 0.002, 0.002, 0.003, 0.003, 0.003, 0.004, 0.004, 0.005, 0.006, 0.007, 0.008, 0.009, 0.01, 0.012, 0.013, 0.015, 0.018, 0.02]

Growth Rates [h-1]
[0.079, 0.079, 0.079, 0.079, 0.079, 0.079, 0.079, 0.079, 0.079, 0.079, 0.079, 0.079, 0.079, 0.079, 0.079, 0.079, 0.079, 0.079, 0.079, 0.079, 0.079, 0.079, 0.079, 0.079, 0.079, 0.079, 0.079, 0.079, 0.079, 0.079]

Final Product Amount [mmol]
699.6792878263815

Final Biomass Amount [g]
26.841027489691506

Process End
46.0
#-------------------------