#-------------------------
Termination Status
LOCALLY_INFEASIBLE

Time Elapsed
16.296649096

Objective Value
166.7649628282676

Normalized Complementary Slackness
-183.8164522163046

Finite Elements
[2.28, 2.21, 2.04, 2.21, 2.14, 2.14, 1.55, 1.55, 1.55, 1.55, 1.55, 1.55, 1.55, 1.55, 1.55, 1.56, 1.57, 1.59, 1.66, 1.82, 1.94, 2.32, 2.32, 2.32, 2.32, 2.32, 2.32, 2.32, 2.32, 2.32]

Complementary Slackness per Finite Element
[-185.57, -185.31, -185.1, -184.82, -184.51, -184.23, -184.08, -183.92, -183.8, -183.69, -183.62, -183.58, -183.57, -183.49, -183.37, -183.49, -183.54, -183.54, -183.54, -183.45, -183.43, -183.41, -183.53, -183.5, -183.51, -183.54, -183.58, -183.42, -184.15, -182.22]

Feed Rates
[0.001, 0.001, 0.001, 0.001, 0.001, 0.001, 0.002, 0.002, 0.002, 0.002, 0.003, 0.003, 0.004, 0.004, 0.005, 0.005, 0.006, 0.007, 0.008, 0.009, 0.01, 0.012, 0.014, 0.017, 0.02, 0.024, 0.029, 0.035, 0.042, 0.051]

Growth Rates [h-1]
[0.079, 0.079, 0.079, 0.079, 0.079, 0.079, 0.079, 0.079, 0.079, 0.079, 0.079, 0.079, 0.079, 0.079, 0.079, 0.079, 0.079, 0.079, 0.079, 0.079, 0.079, 0.079, 0.079, 0.079, 0.079, 0.079, 0.079, 0.079, 0.079, 0.079]

Final Product Amount [mmol]
1835.5364847537564

Final Biomass Amount [g]
69.23591424537241

Process End
58.0
#-------------------------