#-------------------------
Termination Status
LOCALLY_SOLVED

Time Elapsed
450.19541859

Objective Value
28.99177464228352

Normalized Complementary Slackness
-16.213095240591723

Finite Elements
[0.4, 0.4, 0.4, 0.4, 0.4, 0.35, 0.29, 0.27, 0.27, 0.27, 0.27, 0.27, 0.27, 0.27, 0.27, 0.27, 0.27, 0.27, 0.27, 0.27, 0.29, 0.4, 0.4, 0.4, 0.4, 0.4, 0.4, 0.4, 0.4, 0.4]

Complementary Slackness per Finite Element
[-16.33, -16.33, -16.33, -16.33, -16.33, -16.33, -16.33, -16.33, -16.33, -16.33, -16.33, -16.33, -16.33, -16.33, -16.33, -16.33, -16.33, -16.33, -16.33, -16.33, -18.67, -15.68, -15.68, -15.68, -15.68, -15.68, -15.68, -15.68, -15.68, -15.68]

Feed Rates
[0.001, 0.001, 0.001, 0.001, 0.001, 0.002, 0.002, 0.002, 0.002, 0.002, 0.002, 0.002, 0.002, 0.002, 0.003, 0.003, 0.003, 0.003, 0.003, 0.003, 0.003, 0.003, 0.004, 0.004, 0.004, 0.004, 0.005, 0.005, 0.005, 0.006]

Growth Rates [h-1]
[0.189, 0.189, 0.189, 0.189, 0.189, 0.189, 0.189, 0.189, 0.189, 0.189, 0.189, 0.189, 0.189, 0.189, 0.189, 0.189, 0.189, 0.189, 0.189, 0.189, 0.184, 0.171, 0.171, 0.171, 0.171, 0.171, 0.171, 0.171, 0.171, 0.171]

Final Product Amount [mmol]
34.40657412528101

Final Biomass Amount [g]
4.408600748462399

Process End
10.0
#-------------------------