#-------------------------
Termination Status
LOCALLY_SOLVED

Time Elapsed
117.314355076

Objective Value
208.46611762143274

Normalized Complementary Slackness
-15.918041974372445

Finite Elements
[1.12, 1.12, 1.12, 1.12, 1.12, 1.12, 1.12, 1.12, 1.12, 1.12, 1.12, 1.12, 1.12, 1.12, 1.12, 0.75, 0.75, 0.75, 0.75, 0.75, 0.75, 0.75, 0.75, 0.75, 0.75, 0.75, 0.75, 0.75, 0.75, 0.75]

Complementary Slackness per Finite Element
[-16.95, -16.95, -16.95, -16.95, -16.95, -16.95, -16.95, -16.95, -16.95, -16.95, -16.95, -16.95, -16.95, -16.95, -16.95, -7.21, -5.31, -6.47, -17.03, -17.03, -17.03, -17.03, -17.03, -17.03, -17.03, -17.03, -17.03, -17.03, -17.03, -17.03]

Feed Rates
[0.001, 0.001, 0.002, 0.002, 0.003, 0.003, 0.004, 0.005, 0.006, 0.008, 0.009, 0.011, 0.014, 0.018, 0.022, 0.011, 0.008, 0.008, 0.007, 0.007, 0.007, 0.007, 0.007, 0.008, 0.008, 0.008, 0.008, 0.008, 0.008, 0.008]

Growth Rates [h-1]
[0.189, 0.189, 0.189, 0.189, 0.189, 0.189, 0.189, 0.189, 0.189, 0.189, 0.189, 0.189, 0.189, 0.189, 0.189, 0.041, 0.012, 0.008, 0.005, 0.005, 0.005, 0.005, 0.005, 0.005, 0.005, 0.005, 0.005, 0.005, 0.005, 0.005]

Final Product Amount [mmol]
564.0400455491172

Final Biomass Amount [g]
18.792242993798865

Process End
28.0
#-------------------------