#-------------------------
Termination Status
LOCALLY_INFEASIBLE

Time Elapsed
13.501188613

Objective Value
426.8466891996541

Normalized Complementary Slackness
-63.860612276715706

Finite Elements
[2.56, 2.55, 2.55, 2.55, 2.56, 2.36, 2.13, 1.91, 1.73, 1.71, 1.71, 1.71, 1.71, 1.71, 1.71, 1.71, 1.71, 1.71, 1.71, 1.71, 1.71, 2.14, 2.53, 2.56, 2.56, 2.56, 2.56, 2.56, 2.56, 2.56]

Complementary Slackness per Finite Element
[-65.86, -64.58, -64.38, -64.28, -64.39, -64.04, -64.07, -63.99, -64.01, -64.04, -64.08, -64.13, -64.3, -64.3, -64.4, -64.49, -64.57, -64.67, -64.48, -63.97, -63.58, -63.3, -63.15, -62.97, -62.86, -62.76, -62.67, -62.58, -62.53, -62.37]

Feed Rates
[0.001, 0.0, 0.0, 0.0, 0.0, 0.0, 0.0, 0.0, 0.0, 0.0, 0.0, 0.0, 0.0, 0.0, 0.0, 0.0, 0.0, 0.001, 0.001, 0.001, 0.001, 0.001, 0.002, 0.003, 0.004, 0.006, 0.008, 0.011, 0.015, 0.022]

Growth Rates [h-1]
[0.134, 0.134, 0.134, 0.134, 0.134, 0.134, 0.134, 0.134, 0.134, 0.134, 0.134, 0.134, 0.134, 0.134, 0.134, 0.134, 0.134, 0.134, 0.134, 0.134, 0.134, 0.134, 0.134, 0.134, 0.134, 0.134, 0.134, 0.134, 0.134, 0.134]

Final Product Amount [mmol]
485.18553067815384

Final Biomass Amount [g]
24.586119407454415

Process End
64.0
#-------------------------