#-------------------------
Termination Status
LOCALLY_INFEASIBLE

Time Elapsed
16.766773639

Objective Value
60.10356697638254

Normalized Complementary Slackness
-45.47562091727105

Finite Elements
[2.32, 2.32, 2.32, 2.31, 2.31, 2.3, 2.29, 2.2, 1.92, 1.66, 1.57, 1.56, 1.56, 1.55, 1.55, 1.56, 1.62, 1.85, 2.04, 2.12, 2.16, 2.18, 2.19, 2.19, 2.16, 1.95, 1.59, 1.55, 1.55, 1.55]

Complementary Slackness per Finite Element
[-47.93, -45.59, -45.58, -45.74, -45.74, -45.82, -45.86, -45.87, -45.88, -45.79, -45.75, -45.77, -45.67, -45.68, -45.67, -45.6, -45.37, -45.17, -45.11, -45.1, -45.1, -45.09, -45.1, -45.13, -45.27, -45.37, -44.81, -44.76, -44.57, -44.36]

Feed Rates
[0.001, 0.0, 0.0, 0.0, 0.0, 0.0, 0.0, 0.0, 0.0, 0.0, 0.0, 0.0, 0.0, 0.001, 0.001, 0.001, 0.001, 0.001, 0.002, 0.002, 0.003, 0.004, 0.005, 0.006, 0.009, 0.012, 0.015, 0.018, 0.023, 0.028]

Growth Rates [h-1]
[0.134, 0.134, 0.134, 0.134, 0.134, 0.134, 0.134, 0.134, 0.134, 0.134, 0.134, 0.134, 0.134, 0.134, 0.134, 0.134, 0.134, 0.134, 0.134, 0.134, 0.134, 0.134, 0.134, 0.134, 0.134, 0.134, 0.134, 0.134, 0.134, 0.134]

Final Product Amount [mmol]
560.8003732582424

Final Biomass Amount [g]
28.11739836981873

Process End
58.0
#-------------------------