#-------------------------
Termination Status
LOCALLY_INFEASIBLE

Time Elapsed
16.254981873

Objective Value
19.71379658656972

Normalized Complementary Slackness
-33.14390430312287

Finite Elements
[2.32, 2.25, 2.22, 2.19, 2.16, 2.11, 2.05, 1.97, 1.86, 1.73, 1.59, 1.55, 1.55, 1.55, 1.55, 1.55, 1.55, 1.55, 1.55, 1.55, 1.66, 2.04, 2.19, 2.23, 2.24, 2.26, 2.18, 2.18, 2.32, 2.32]

Complementary Slackness per Finite Element
[-32.98, -32.58, -32.81, -33.05, -33.14, -33.18, -33.27, -33.16, -33.57, -33.54, -33.54, -33.44, -33.55, -33.56, -33.58, -33.55, -33.55, -33.53, -33.48, -33.33, -33.01, -32.87, -32.91, -32.7, -32.69, -32.63, -32.68, -32.64, -32.76, -33.03]

Feed Rates
[0.001, 0.0, 0.0, 0.0, 0.0, 0.0, 0.0, 0.0, 0.0, 0.0, 0.0, 0.0, 0.0, 0.0, 0.0, 0.0, 0.0, 0.0, 0.001, 0.001, 0.001, 0.001, 0.002, 0.003, 0.004, 0.006, 0.008, 0.012, 0.018, 0.027]

Growth Rates [h-1]
[0.171, 0.171, 0.171, 0.171, 0.171, 0.171, 0.171, 0.171, 0.171, 0.171, 0.171, 0.171, 0.171, 0.171, 0.171, 0.171, 0.171, 0.171, 0.171, 0.171, 0.171, 0.171, 0.171, 0.171, 0.171, 0.171, 0.171, 0.171, 0.171, 0.171]

Final Product Amount [mmol]
288.1094561954911

Final Biomass Amount [g]
26.37866788032797

Process End
58.0
#-------------------------