#-------------------------
Termination Status
LOCALLY_INFEASIBLE

Time Elapsed
19.305406224

Objective Value
1241.0293757407678

Normalized Complementary Slackness
-25.833200943264192

Finite Elements
[1.07, 1.07, 1.07, 1.07, 1.07, 1.15, 1.07, 1.07, 1.15, 1.07, 1.08, 1.54, 1.56, 1.57, 1.57, 1.57, 1.58, 1.49, 1.57, 1.35, 1.57, 1.57, 1.38, 1.57, 1.12, 1.53, 1.15, 1.3, 1.6, 1.49]

Complementary Slackness per Finite Element
[-26.85, -25.72, -25.43, -25.47, -25.22, -25.52, -25.59, -25.65, -25.68, -25.69, -25.71, -25.86, -25.66, -25.54, -25.56, -25.65, -25.74, -25.92, -25.73, -26.21, -26.26, -26.36, -26.1, -27.0, -27.05, -27.23, -25.93, -25.49, -25.36, -23.82]

Feed Rates
[0.001, 0.001, 0.001, 0.001, 0.001, 0.001, 0.002, 0.002, 0.002, 0.002, 0.003, 0.003, 0.004, 0.004, 0.005, 0.006, 0.008, 0.009, 0.011, 0.013, 0.015, 0.019, 0.022, 0.026, 0.031, 0.036, 0.042, 0.048, 0.056, 0.068]

Growth Rates [h-1]
[0.116, 0.116, 0.116, 0.116, 0.116, 0.116, 0.116, 0.116, 0.116, 0.116, 0.116, 0.116, 0.116, 0.116, 0.116, 0.116, 0.116, 0.116, 0.116, 0.116, 0.116, 0.116, 0.116, 0.116, 0.116, 0.116, 0.116, 0.116, 0.116, 0.116]

Final Product Amount [mmol]
1242.5174537009934

Final Biomass Amount [g]
72.8630371680476

Process End
40.0
#-------------------------