#-------------------------
Termination Status
LOCALLY_INFEASIBLE

Time Elapsed
16.368585473

Objective Value
214.55218864062437

Normalized Complementary Slackness
-13.987479637770537

Finite Elements
[1.12, 1.11, 1.11, 1.11, 1.1, 0.76, 0.76, 0.76, 0.75, 0.75, 0.76, 0.76, 0.76, 0.76, 1.1, 0.76, 1.11, 1.11, 1.11, 1.11, 1.11, 1.11, 1.11, 1.11, 1.11, 0.76, 0.76, 0.76, 0.76, 0.76]

Complementary Slackness per Finite Element
[-14.03, -14.0, -13.99, -13.99, -14.57, -13.64, -13.65, -14.0, -13.99, -13.99, -13.99, -13.99, -13.99, -13.99, -14.27, -13.64, -14.0, -13.99, -13.99, -13.99, -13.99, -13.99, -13.99, -13.99, -13.99, -13.99, -13.99, -13.99, -13.99, -13.99]

Feed Rates
[0.001, 0.001, 0.001, 0.001, 0.002, 0.002, 0.002, 0.002, 0.002, 0.003, 0.003, 0.003, 0.004, 0.004, 0.005, 0.005, 0.006, 0.007, 0.008, 0.009, 0.011, 0.012, 0.014, 0.016, 0.019, 0.022, 0.024, 0.027, 0.03, 0.033]

Growth Rates [h-1]
[0.134, 0.134, 0.134, 0.134, 0.134, 0.134, 0.134, 0.134, 0.134, 0.134, 0.134, 0.134, 0.134, 0.134, 0.134, 0.134, 0.134, 0.134, 0.134, 0.134, 0.134, 0.134, 0.134, 0.134, 0.134, 0.134, 0.134, 0.134, 0.134, 0.134]

Final Product Amount [mmol]
595.1559826496759

Final Biomass Amount [g]
30.405252399434442

Process End
28.0
#-------------------------