#-------------------------
Termination Status
LOCALLY_INFEASIBLE

Time Elapsed
14.990441598

Objective Value
206.59647347504915

Normalized Complementary Slackness
-21.492077655100843

Finite Elements
[2.68, 2.64, 2.25, 2.63, 2.09, 2.05, 1.97, 1.9, 1.9, 1.88, 1.85, 1.82, 1.81, 2.35, 2.21, 2.03, 1.79, 1.79, 1.79, 1.79, 1.79, 2.55, 2.68, 2.68, 2.68, 2.68, 2.68, 2.68, 2.68, 2.68]

Complementary Slackness per Finite Element
[-21.78, -21.33, -21.33, -21.37, -21.27, -21.3, -21.39, -21.47, -21.47, -21.47, -21.48, -21.49, -21.49, -21.5, -21.5, -21.5, -21.51, -21.51, -21.52, -21.52, -21.53, -21.53, -21.54, -21.55, -21.56, -21.56, -21.57, -21.63, -21.55, -21.54]

Feed Rates
[0.001, 0.0, 0.0, 0.0, 0.0, 0.0, 0.0, 0.0, 0.0, 0.0, 0.0, 0.0, 0.0, 0.0, 0.0, 0.0, 0.0, 0.0, 0.0, 0.0, 0.0, 0.001, 0.001, 0.001, 0.002, 0.004, 0.007, 0.011, 0.018, 0.031]

Growth Rates [h-1]
[0.189, 0.189, 0.189, 0.189, 0.189, 0.189, 0.189, 0.189, 0.189, 0.189, 0.189, 0.189, 0.189, 0.189, 0.189, 0.189, 0.189, 0.189, 0.189, 0.189, 0.189, 0.189, 0.189, 0.189, 0.189, 0.189, 0.189, 0.189, 0.189, 0.189]

Final Product Amount [mmol]
226.0034091866379

Final Biomass Amount [g]
30.8863206427231

Process End
67.0
#-------------------------