#-------------------------
Termination Status
LOCALLY_INFEASIBLE

Time Elapsed
17.209784172

Objective Value
66.26036922645798

Normalized Complementary Slackness
-25.771450659562387

Finite Elements
[2.08, 2.08, 2.08, 2.08, 2.08, 2.08, 2.08, 2.08, 2.07, 2.05, 1.67, 1.41, 1.4, 1.4, 1.4, 1.57, 1.9, 1.94, 1.94, 1.48, 1.95, 1.43, 1.86, 1.4, 1.54, 1.4, 1.39, 1.39, 1.39, 1.39]

Complementary Slackness per Finite Element
[-28.51, -26.07, -26.02, -25.27, -25.37, -25.82, -25.97, -26.0, -25.81, -25.88, -25.84, -25.59, -25.77, -25.7, -25.52, -25.42, -25.49, -25.45, -25.43, -25.47, -25.34, -25.57, -25.58, -25.55, -25.66, -25.63, -25.73, -25.81, -25.9, -25.97]

Feed Rates
[0.001, 0.0, 0.0, 0.0, 0.0, 0.0, 0.0, 0.0, 0.0, 0.001, 0.001, 0.001, 0.001, 0.001, 0.002, 0.002, 0.002, 0.003, 0.003, 0.004, 0.005, 0.006, 0.008, 0.009, 0.011, 0.013, 0.016, 0.018, 0.021, 0.025]

Growth Rates [h-1]
[0.116, 0.116, 0.116, 0.116, 0.116, 0.116, 0.116, 0.116, 0.116, 0.116, 0.116, 0.116, 0.116, 0.116, 0.116, 0.116, 0.116, 0.116, 0.116, 0.116, 0.116, 0.116, 0.116, 0.116, 0.116, 0.116, 0.116, 0.116, 0.116, 0.116]

Final Product Amount [mmol]
430.09539570525294

Final Biomass Amount [g]
26.852451733396236

Process End
52.0
#-------------------------