#-------------------------
Termination Status
LOCALLY_INFEASIBLE

Time Elapsed
14.541564143

Objective Value
439.4929199493741

Normalized Complementary Slackness
-17.334129047531956

Finite Elements
[2.68, 2.66, 2.66, 2.66, 2.08, 2.05, 2.0, 1.94, 1.88, 1.83, 1.81, 1.8, 1.8, 1.79, 1.79, 1.79, 1.79, 1.79, 1.79, 1.79, 2.49, 2.68, 2.68, 2.68, 2.68, 2.68, 2.68, 2.68, 2.68, 2.68]

Complementary Slackness per Finite Element
[-17.71, -17.5, -17.39, -17.4, -17.34, -17.33, -17.34, -17.34, -17.34, -17.33, -17.33, -17.32, -17.31, -17.31, -17.3, -17.3, -17.3, -17.3, -17.3, -17.28, -17.31, -17.27, -17.29, -17.3, -17.3, -17.31, -17.3, -17.29, -17.29, -17.28]

Feed Rates
[0.001, 0.0, 0.0, 0.0, 0.0, 0.0, 0.0, 0.0, 0.0, 0.0, 0.0, 0.0, 0.0, 0.0, 0.0, 0.0, 0.0, 0.0, 0.0, 0.001, 0.001, 0.001, 0.002, 0.002, 0.003, 0.005, 0.008, 0.012, 0.018, 0.027]

Growth Rates [h-1]
[0.153, 0.153, 0.153, 0.153, 0.153, 0.153, 0.153, 0.153, 0.153, 0.153, 0.153, 0.153, 0.153, 0.153, 0.153, 0.153, 0.153, 0.153, 0.153, 0.153, 0.153, 0.153, 0.153, 0.153, 0.153, 0.153, 0.153, 0.153, 0.153, 0.153]

Final Product Amount [mmol]
452.02909163402234

Final Biomass Amount [g]
29.180015785006937

Process End
67.0
#-------------------------