#-------------------------
Termination Status
LOCALLY_SOLVED

Time Elapsed
70.335772894

Objective Value
140.77126198607743

Normalized Complementary Slackness
-16.717570173957444

Finite Elements
[2.56, 2.56, 2.56, 2.56, 2.56, 2.56, 2.56, 2.56, 2.56, 2.56, 2.56, 2.56, 2.56, 2.56, 2.56, 1.71, 1.71, 1.71, 1.71, 1.71, 1.71, 1.71, 1.71, 1.71, 1.71, 1.71, 1.71, 1.71, 1.71, 1.71]

Complementary Slackness per Finite Element
[-16.95, -16.95, -16.95, -16.95, -16.65, -8.48, -17.02, -17.02, -17.02, -17.02, -17.02, -17.02, -17.02, -17.02, -17.02, -17.02, -17.02, -17.02, -17.02, -17.02, -17.02, -17.02, -17.02, -17.02, -17.02, -17.02, -17.02, -17.02, -17.02, -17.02]

Feed Rates
[0.001, 0.002, 0.003, 0.005, 0.008, 0.003, 0.003, 0.003, 0.003, 0.003, 0.003, 0.004, 0.004, 0.004, 0.004, 0.004, 0.004, 0.004, 0.004, 0.004, 0.004, 0.004, 0.004, 0.004, 0.004, 0.004, 0.004, 0.004, 0.004, 0.004]

Growth Rates [h-1]
[0.189, 0.189, 0.189, 0.189, 0.185, 0.005, 0.005, 0.005, 0.005, 0.005, 0.005, 0.005, 0.005, 0.005, 0.005, 0.005, 0.005, 0.005, 0.005, 0.005, 0.005, 0.005, 0.005, 0.005, 0.005, 0.005, 0.005, 0.005, 0.005, 0.005]

Final Product Amount [mmol]
755.0005230560591

Final Biomass Amount [g]
10.420699052907683

Process End
64.0
#-------------------------