#-------------------------
Termination Status
ALMOST_LOCALLY_SOLVED

Time Elapsed
463.843109343

Objective Value
18.7313223838488

Normalized Complementary Slackness
-11.696967995261064

Finite Elements
[0.4, 0.4, 0.4, 0.4, 0.4, 0.4, 0.4, 0.4, 0.4, 0.4, 0.4, 0.4, 0.4, 0.4, 0.4, 0.27, 0.27, 0.27, 0.27, 0.27, 0.27, 0.27, 0.27, 0.27, 0.27, 0.27, 0.27, 0.27, 0.27, 0.27]

Complementary Slackness per Finite Element
[-11.7, -11.7, -11.7, -11.7, -11.7, -11.7, -11.7, -11.7, -11.7, -11.7, -11.7, -11.7, -11.7, -11.7, -11.7, -11.7, -11.7, -11.7, -11.7, -11.7, -11.7, -11.7, -11.7, -11.7, -11.7, -11.7, -11.7, -11.7, -11.7, -11.7]

Feed Rates
[0.001, 0.001, 0.001, 0.001, 0.001, 0.002, 0.002, 0.002, 0.002, 0.002, 0.002, 0.003, 0.003, 0.003, 0.003, 0.003, 0.004, 0.004, 0.004, 0.004, 0.004, 0.005, 0.005, 0.005, 0.005, 0.006, 0.006, 0.006, 0.007, 0.007]

Growth Rates [h-1]
[0.189, 0.189, 0.189, 0.189, 0.189, 0.189, 0.189, 0.189, 0.189, 0.189, 0.189, 0.189, 0.189, 0.189, 0.189, 0.189, 0.189, 0.189, 0.189, 0.189, 0.189, 0.189, 0.189, 0.189, 0.189, 0.189, 0.189, 0.189, 0.189, 0.189]

Final Product Amount [mmol]
29.209550503289936

Final Biomass Amount [g]
4.718571080055387

Process End
10.0
#-------------------------