#-------------------------
Termination Status
LOCALLY_INFEASIBLE

Time Elapsed
16.777333142

Objective Value
469.7864205939348

Normalized Complementary Slackness
-16.91661051478813

Finite Elements
[2.8, 2.8, 2.8, 2.79, 2.62, 2.46, 2.27, 2.05, 1.88, 1.87, 1.87, 1.87, 1.87, 1.87, 1.87, 1.87, 1.87, 1.87, 1.87, 2.02, 2.31, 2.48, 2.6, 2.67, 2.79, 2.8, 2.8, 2.8, 2.8, 2.8]

Complementary Slackness per Finite Element
[-17.6, -17.0, -16.9, -16.77, -16.84, -16.6, -16.91, -16.82, -16.54, -16.94, -16.9, -16.36, -16.6, -17.05, -17.03, -16.88, -16.92, -17.08, -16.88, -16.92, -17.05, -17.02, -17.02, -17.01, -17.03, -17.02, -17.0, -17.07, -17.21, -16.52]

Feed Rates
[0.001, 0.0, 0.0, 0.0, 0.0, 0.0, 0.0, 0.0, 0.0, 0.0, 0.0, 0.0, 0.0, 0.0, 0.0, 0.0, 0.0, 0.001, 0.001, 0.001, 0.001, 0.002, 0.002, 0.003, 0.004, 0.005, 0.007, 0.01, 0.014, 0.019]

Growth Rates [h-1]
[0.116, 0.116, 0.116, 0.116, 0.116, 0.116, 0.116, 0.116, 0.116, 0.116, 0.116, 0.116, 0.116, 0.116, 0.116, 0.116, 0.116, 0.116, 0.116, 0.116, 0.116, 0.116, 0.116, 0.116, 0.116, 0.116, 0.116, 0.116, 0.116, 0.116]

Final Product Amount [mmol]
480.54490743149904

Final Biomass Amount [g]
23.40399441238068

Process End
70.0
#-------------------------