#-------------------------
Termination Status
LOCALLY_INFEASIBLE

Time Elapsed
13.463957879

Objective Value
46.315494954987656

Normalized Complementary Slackness
-19.845367370878137

Finite Elements
[2.56, 2.56, 2.36, 2.34, 2.3, 2.25, 2.19, 2.1, 1.99, 1.86, 1.73, 1.71, 1.71, 1.71, 1.71, 1.71, 1.71, 1.71, 1.71, 1.71, 1.73, 2.18, 2.55, 2.56, 2.56, 2.56, 2.56, 2.56, 2.56, 2.56]

Complementary Slackness per Finite Element
[-20.47, -19.81, -19.48, -19.74, -19.76, -19.79, -19.81, -19.83, -19.85, -19.86, -19.88, -19.88, -19.88, -19.87, -19.86, -19.83, -19.83, -19.86, -19.96, -19.97, -19.81, -19.79, -19.8, -19.81, -19.82, -19.82, -19.82, -19.82, -19.83, -19.82]

Feed Rates
[0.001, 0.0, 0.0, 0.0, 0.0, 0.0, 0.0, 0.0, 0.0, 0.0, 0.0, 0.0, 0.0, 0.0, 0.0, 0.0, 0.0, 0.0, 0.0, 0.001, 0.001, 0.001, 0.002, 0.002, 0.003, 0.005, 0.007, 0.011, 0.016, 0.024]

Growth Rates [h-1]
[0.153, 0.153, 0.153, 0.153, 0.153, 0.153, 0.153, 0.153, 0.153, 0.153, 0.153, 0.153, 0.153, 0.153, 0.153, 0.153, 0.153, 0.153, 0.153, 0.153, 0.153, 0.153, 0.153, 0.153, 0.153, 0.153, 0.153, 0.153, 0.153, 0.153]

Final Product Amount [mmol]
395.49100783667967

Final Biomass Amount [g]
25.5466833641245

Process End
64.0
#-------------------------