#-------------------------
Termination Status
LOCALLY_SOLVED

Time Elapsed
108.999773368

Objective Value
134.49490238516114

Normalized Complementary Slackness
-15.897961212585026

Finite Elements
[0.76, 0.76, 0.76, 0.76, 0.76, 0.76, 0.76, 0.76, 0.76, 0.76, 0.59, 0.51, 0.51, 0.51, 0.51, 0.51, 0.51, 0.51, 0.51, 0.51, 0.51, 0.67, 0.76, 0.76, 0.76, 0.76, 0.51, 0.51, 0.51, 0.51]

Complementary Slackness per Finite Element
[-17.05, -17.05, -17.05, -17.05, -17.05, -17.05, -17.05, -17.05, -17.05, -17.05, -17.05, -17.05, -17.05, -17.05, -17.05, -17.05, -17.05, -17.05, -17.05, -17.05, -16.11, -13.32, -13.32, -13.32, -13.32, -13.32, -13.32, -13.32, -13.32, -13.32]

Feed Rates
[0.001, 0.001, 0.001, 0.002, 0.002, 0.002, 0.003, 0.003, 0.003, 0.004, 0.005, 0.005, 0.006, 0.006, 0.007, 0.008, 0.008, 0.009, 0.01, 0.011, 0.011, 0.01, 0.011, 0.013, 0.014, 0.016, 0.017, 0.018, 0.02, 0.021]

Growth Rates [h-1]
[0.189, 0.189, 0.189, 0.189, 0.189, 0.189, 0.189, 0.189, 0.189, 0.189, 0.189, 0.189, 0.189, 0.189, 0.189, 0.189, 0.189, 0.189, 0.189, 0.189, 0.172, 0.134, 0.134, 0.134, 0.134, 0.134, 0.134, 0.134, 0.134, 0.134]

Final Product Amount [mmol]
272.8197809363159

Final Biomass Amount [g]
18.732896021021396

Process End
19.0
#-------------------------