#-------------------------
Termination Status
LOCALLY_SOLVED

Time Elapsed
119.080536996

Objective Value
139.9286786724007

Normalized Complementary Slackness
-11.701331348270152

Finite Elements
[0.7, 0.7, 0.7, 0.7, 0.7, 0.7, 0.7, 0.7, 0.7, 0.7, 0.7, 0.7, 0.7, 0.7, 0.7, 0.47, 0.47, 0.47, 0.47, 0.47, 0.47, 0.47, 0.47, 0.47, 0.47, 0.47, 0.47, 0.47, 0.47, 0.47]

Complementary Slackness per Finite Element
[-11.7, -11.7, -11.7, -11.7, -11.7, -11.7, -11.7, -11.7, -11.7, -11.7, -11.7, -11.7, -11.7, -11.7, -11.7, -11.7, -11.7, -11.7, -11.7, -11.7, -11.7, -11.7, -11.7, -11.7, -11.7, -11.7, -11.7, -11.7, -11.7, -11.7]

Feed Rates
[0.001, 0.001, 0.001, 0.002, 0.002, 0.002, 0.002, 0.003, 0.003, 0.004, 0.004, 0.005, 0.005, 0.006, 0.007, 0.008, 0.009, 0.01, 0.01, 0.011, 0.012, 0.014, 0.015, 0.016, 0.018, 0.019, 0.021, 0.023, 0.025, 0.028]

Growth Rates [h-1]
[0.189, 0.189, 0.189, 0.189, 0.189, 0.189, 0.189, 0.189, 0.189, 0.189, 0.189, 0.189, 0.189, 0.189, 0.189, 0.189, 0.189, 0.189, 0.189, 0.189, 0.189, 0.189, 0.189, 0.189, 0.189, 0.189, 0.189, 0.189, 0.189, 0.189]

Final Product Amount [mmol]
137.1453157731817

Final Biomass Amount [g]
19.530971284091244

Process End
17.5
#-------------------------