#-------------------------
Termination Status
LOCALLY_SOLVED

Time Elapsed
378.992676763

Objective Value
18.878569082691367

Normalized Complementary Slackness
-16.234862387650647

Finite Elements
[0.4, 0.4, 0.4, 0.4, 0.4, 0.4, 0.4, 0.28, 0.27, 0.27, 0.27, 0.27, 0.27, 0.27, 0.27, 0.27, 0.27, 0.27, 0.27, 0.27, 0.27, 0.27, 0.4, 0.4, 0.4, 0.4, 0.4, 0.4, 0.4, 0.39]

Complementary Slackness per Finite Element
[-16.34, -16.34, -16.34, -16.34, -16.34, -16.34, -16.34, -16.34, -16.34, -16.34, -16.34, -16.34, -16.34, -16.34, -16.34, -16.34, -16.34, -16.34, -16.34, -16.34, -16.34, -16.34, -17.8, -15.68, -15.68, -15.68, -15.68, -15.68, -15.68, -15.68]

Feed Rates
[0.001, 0.001, 0.001, 0.001, 0.001, 0.002, 0.002, 0.002, 0.002, 0.002, 0.002, 0.002, 0.002, 0.003, 0.003, 0.003, 0.003, 0.003, 0.003, 0.003, 0.004, 0.004, 0.004, 0.004, 0.004, 0.005, 0.005, 0.005, 0.006, 0.006]

Growth Rates [h-1]
[0.189, 0.189, 0.189, 0.189, 0.189, 0.189, 0.189, 0.189, 0.189, 0.189, 0.189, 0.189, 0.189, 0.189, 0.189, 0.189, 0.189, 0.189, 0.189, 0.189, 0.189, 0.189, 0.171, 0.171, 0.171, 0.171, 0.171, 0.171, 0.171, 0.171]

Final Product Amount [mmol]
34.00561342286242

Final Biomass Amount [g]
4.449917951745752

Process End
10.0
#-------------------------