#-------------------------
Termination Status
LOCALLY_INFEASIBLE

Time Elapsed
14.135698181

Objective Value
56.39626534136279

Normalized Complementary Slackness
-20.150549404217873

Finite Elements
[0.83, 0.83, 0.83, 0.83, 0.83, 0.83, 0.83, 0.83, 0.83, 0.83, 0.83, 0.83, 0.83, 0.83, 0.83, 1.24, 1.24, 1.24, 1.24, 1.24, 1.24, 1.24, 1.24, 1.24, 1.24, 1.24, 1.24, 1.24, 1.24, 1.24]

Complementary Slackness per Finite Element
[-20.01, -20.01, -20.03, -20.04, -20.05, -20.06, -20.07, -20.09, -20.15, -20.14, -20.17, -20.18, -20.21, -20.21, -20.21, -20.29, -20.18, -20.25, -20.24, -20.23, -20.22, -20.21, -20.2, -20.19, -20.21, -20.18, -20.15, -20.12, -20.12, -20.12]

Feed Rates
[0.001, 0.0, 0.0, 0.0, 0.0, 0.0, 0.0, 0.0, 0.0, 0.001, 0.001, 0.001, 0.001, 0.001, 0.001, 0.001, 0.002, 0.002, 0.003, 0.004, 0.005, 0.006, 0.008, 0.009, 0.012, 0.015, 0.019, 0.024, 0.031, 0.039]

Growth Rates [h-1]
[0.189, 0.189, 0.189, 0.189, 0.189, 0.189, 0.189, 0.189, 0.189, 0.189, 0.189, 0.189, 0.189, 0.189, 0.189, 0.189, 0.189, 0.189, 0.189, 0.189, 0.189, 0.189, 0.189, 0.189, 0.189, 0.189, 0.189, 0.189, 0.189, 0.189]

Final Product Amount [mmol]
226.02454003210428

Final Biomass Amount [g]
31.15722689544967

Process End
31.0
#-------------------------