#-------------------------
Termination Status
LOCALLY_INFEASIBLE

Time Elapsed
17.427335081

Objective Value
77.49107781629249

Normalized Complementary Slackness
-26.534202833074637

Finite Elements
[0.91, 1.36, 1.36, 1.36, 1.36, 1.36, 1.36, 1.36, 1.36, 1.36, 1.36, 1.36, 1.36, 1.36, 1.36, 1.35, 0.91, 0.91, 0.91, 0.91, 0.91, 0.91, 0.91, 0.91, 0.91, 0.91, 0.91, 0.91, 0.91, 0.91]

Complementary Slackness per Finite Element
[-26.84, -26.68, -26.61, -26.64, -26.72, -26.79, -26.72, -26.63, -26.54, -26.48, -26.42, -26.39, -26.43, -26.48, -26.41, -26.47, -26.43, -26.42, -26.47, -26.49, -26.52, -26.53, -26.54, -26.49, -26.5, -26.47, -26.46, -26.54, -26.47, -26.44]

Feed Rates
[0.001, 0.0, 0.0, 0.0, 0.0, 0.001, 0.001, 0.001, 0.001, 0.001, 0.002, 0.002, 0.002, 0.003, 0.004, 0.005, 0.006, 0.006, 0.007, 0.009, 0.01, 0.011, 0.013, 0.015, 0.017, 0.02, 0.022, 0.026, 0.03, 0.034]

Growth Rates [h-1]
[0.153, 0.153, 0.153, 0.153, 0.153, 0.153, 0.153, 0.153, 0.153, 0.153, 0.153, 0.153, 0.153, 0.153, 0.153, 0.153, 0.153, 0.153, 0.153, 0.153, 0.153, 0.153, 0.153, 0.153, 0.153, 0.153, 0.153, 0.153, 0.153, 0.153]

Final Product Amount [mmol]
326.44522062469537

Final Biomass Amount [g]
29.486584157903028

Process End
34.0
#-------------------------