#-------------------------
Termination Status
LOCALLY_INFEASIBLE

Time Elapsed
14.696267356

Objective Value
172.14848821591008

Normalized Complementary Slackness
-109.5936315483061

Finite Elements
[0.99, 1.48, 1.48, 1.48, 1.48, 1.48, 1.48, 1.48, 1.48, 1.48, 1.48, 1.48, 1.48, 1.48, 1.48, 1.35, 1.11, 0.99, 0.99, 0.99, 0.99, 0.99, 0.99, 0.99, 0.99, 0.99, 0.99, 0.99, 0.99, 0.99]

Complementary Slackness per Finite Element
[-109.54, -109.36, -109.37, -109.38, -109.4, -109.46, -109.55, -109.61, -109.63, -109.64, -109.64, -109.63, -109.62, -109.6, -109.58, -109.56, -109.56, -109.59, -109.63, -109.67, -109.7, -109.71, -109.72, -109.72, -109.71, -109.7, -109.68, -109.65, -109.61, -109.57]

Feed Rates
[0.001, 0.0, 0.0, 0.0, 0.0, 0.0, 0.0, 0.0, 0.0, 0.001, 0.001, 0.001, 0.001, 0.002, 0.002, 0.003, 0.004, 0.004, 0.005, 0.006, 0.007, 0.008, 0.01, 0.012, 0.014, 0.016, 0.02, 0.023, 0.027, 0.032]

Growth Rates [h-1]
[0.171, 0.171, 0.171, 0.171, 0.171, 0.171, 0.171, 0.171, 0.171, 0.171, 0.171, 0.171, 0.171, 0.171, 0.171, 0.171, 0.171, 0.171, 0.171, 0.171, 0.171, 0.171, 0.171, 0.171, 0.171, 0.171, 0.171, 0.171, 0.171, 0.171]

Final Product Amount [mmol]
275.98183145750454

Final Biomass Amount [g]
26.524470482852447

Process End
37.0
#-------------------------