#-------------------------
Termination Status
LOCALLY_INFEASIBLE

Time Elapsed
13.483002959

Objective Value
-16.177624535763044

Normalized Complementary Slackness
-119.34411470727497

Finite Elements
[2.44, 2.44, 2.44, 2.44, 2.44, 2.44, 2.44, 2.44, 2.44, 2.43, 2.41, 1.92, 1.82, 1.64, 1.64, 1.63, 1.63, 1.63, 1.63, 1.64, 2.07, 2.12, 2.19, 2.22, 2.12, 1.78, 1.64, 1.63, 1.63, 1.64]

Complementary Slackness per Finite Element
[-120.93, -120.46, -120.18, -120.0, -119.87, -119.84, -119.87, -119.94, -120.03, -120.11, -120.07, -119.8, -119.47, -119.54, -119.44, -119.28, -119.04, -118.91, -118.89, -119.29, -119.02, -118.75, -118.64, -118.65, -118.68, -118.7, -118.73, -118.7, -118.53, -116.97]

Feed Rates
[0.001, 0.0, 0.0, 0.0, 0.0, 0.0, 0.0, 0.0, 0.0, 0.0, 0.0, 0.001, 0.001, 0.001, 0.001, 0.001, 0.002, 0.002, 0.002, 0.003, 0.003, 0.004, 0.005, 0.007, 0.009, 0.011, 0.014, 0.017, 0.02, 0.025]

Growth Rates [h-1]
[0.116, 0.116, 0.116, 0.116, 0.116, 0.116, 0.116, 0.116, 0.116, 0.116, 0.116, 0.116, 0.116, 0.116, 0.116, 0.116, 0.116, 0.116, 0.116, 0.116, 0.116, 0.116, 0.116, 0.116, 0.116, 0.116, 0.116, 0.116, 0.116, 0.116]

Final Product Amount [mmol]
572.2345879888585

Final Biomass Amount [g]
26.78115721212146

Process End
61.0
#-------------------------