#-------------------------
Termination Status
LOCALLY_SOLVED

Time Elapsed
52.475757816

Objective Value
264.55928230415947

Normalized Complementary Slackness
-15.256131345090434

Finite Elements
[0.7, 0.7, 0.7, 0.7, 0.7, 0.7, 0.7, 0.7, 0.7, 0.7, 0.7, 0.7, 0.7, 0.53, 0.47, 0.47, 0.47, 0.47, 0.47, 0.47, 0.47, 0.47, 0.47, 0.7, 0.63, 0.47, 0.47, 0.47, 0.47, 0.47]

Complementary Slackness per Finite Element
[-16.95, -16.95, -16.95, -16.95, -16.95, -16.95, -16.95, -16.95, -16.95, -16.95, -16.95, -16.95, -16.95, -16.95, -16.95, -16.95, -16.95, -16.95, -16.95, -16.95, -16.95, -16.95, -16.95, -9.69, -9.69, -9.69, -9.69, -9.69, -9.69, -9.69]

Feed Rates
[0.001, 0.001, 0.001, 0.002, 0.002, 0.002, 0.002, 0.003, 0.003, 0.004, 0.004, 0.005, 0.005, 0.006, 0.007, 0.007, 0.008, 0.009, 0.01, 0.011, 0.012, 0.013, 0.014, 0.008, 0.009, 0.009, 0.01, 0.01, 0.01, 0.011]

Growth Rates [h-1]
[0.189, 0.189, 0.189, 0.189, 0.189, 0.189, 0.189, 0.189, 0.189, 0.189, 0.189, 0.189, 0.189, 0.189, 0.189, 0.189, 0.189, 0.189, 0.189, 0.189, 0.189, 0.189, 0.189, 0.079, 0.079, 0.079, 0.079, 0.079, 0.079, 0.079]

Final Product Amount [mmol]
243.54423757090524

Final Biomass Amount [g]
13.027956150231491

Process End
17.5
#-------------------------