#-------------------------
Termination Status
LOCALLY_SOLVED

Time Elapsed
68.009837285

Objective Value
105.56216407679486

Normalized Complementary Slackness
-15.989997683126434

Finite Elements
[0.76, 0.76, 0.76, 0.76, 0.76, 0.76, 0.76, 0.76, 0.76, 0.76, 0.76, 0.76, 0.76, 0.76, 0.62, 0.51, 0.65, 0.51, 0.51, 0.51, 0.51, 0.51, 0.51, 0.51, 0.51, 0.51, 0.51, 0.51, 0.51, 0.51]

Complementary Slackness per Finite Element
[-16.26, -16.26, -16.26, -16.26, -16.26, -16.26, -16.26, -16.26, -16.26, -16.26, -16.26, -16.26, -16.26, -16.26, -16.26, -16.26, -15.68, -15.68, -15.68, -15.68, -15.68, -15.68, -15.68, -15.68, -15.68, -15.68, -15.68, -15.68, -15.68, -15.68]

Feed Rates
[0.001, 0.001, 0.001, 0.002, 0.002, 0.002, 0.003, 0.003, 0.003, 0.004, 0.005, 0.005, 0.006, 0.007, 0.008, 0.009, 0.009, 0.011, 0.011, 0.013, 0.014, 0.015, 0.016, 0.018, 0.019, 0.021, 0.023, 0.025, 0.027, 0.03]

Growth Rates [h-1]
[0.189, 0.189, 0.189, 0.189, 0.189, 0.189, 0.189, 0.189, 0.189, 0.189, 0.189, 0.189, 0.189, 0.189, 0.189, 0.189, 0.171, 0.171, 0.171, 0.171, 0.171, 0.171, 0.171, 0.171, 0.171, 0.171, 0.171, 0.171, 0.171, 0.171]

Final Product Amount [mmol]
218.59764312325223

Final Biomass Amount [g]
22.712654153809964

Process End
19.0
#-------------------------