#-------------------------
Termination Status
LOCALLY_SOLVED

Time Elapsed
108.865036942

Objective Value
525.3068434086865

Normalized Complementary Slackness
-14.50875120048279

Finite Elements
[1.36, 1.36, 1.36, 1.36, 1.36, 1.36, 1.36, 1.36, 1.36, 1.36, 1.36, 1.36, 1.36, 1.36, 0.91, 1.36, 0.91, 0.91, 0.91, 0.91, 0.91, 0.91, 0.91, 0.91, 0.91, 0.91, 0.91, 0.91, 0.91, 0.91]

Complementary Slackness per Finite Element
[-16.95, -12.63, -12.49, -14.63, -14.63, -14.63, -14.63, -14.63, -14.63, -14.63, -14.63, -14.63, -14.63, -17.41, -10.9, -17.41, -10.9, -14.63, -14.63, -14.63, -14.63, -14.63, -14.63, -14.63, -14.63, -14.63, -14.63, -14.63, -14.63, -14.63]

Feed Rates
[0.001, 0.001, 0.001, 0.001, 0.001, 0.002, 0.002, 0.002, 0.002, 0.003, 0.003, 0.004, 0.004, 0.005, 0.005, 0.006, 0.006, 0.007, 0.008, 0.008, 0.009, 0.01, 0.011, 0.012, 0.013, 0.014, 0.016, 0.017, 0.019, 0.02]

Growth Rates [h-1]
[0.189, 0.124, 0.097, 0.097, 0.097, 0.097, 0.097, 0.097, 0.097, 0.097, 0.097, 0.097, 0.097, 0.097, 0.097, 0.097, 0.097, 0.097, 0.097, 0.097, 0.097, 0.097, 0.097, 0.097, 0.097, 0.097, 0.097, 0.097, 0.097, 0.097]

Final Product Amount [mmol]
522.7540614110372

Final Biomass Amount [g]
22.85366989370435

Process End
34.0
#-------------------------