#-------------------------
Termination Status
LOCALLY_INFEASIBLE

Time Elapsed
15.073342331

Objective Value
378.4201587541376

Normalized Complementary Slackness
-27.06611328316393

Finite Elements
[2.32, 2.32, 2.31, 2.28, 2.2, 2.09, 1.95, 1.79, 1.61, 1.55, 1.55, 1.55, 1.55, 1.55, 1.55, 1.55, 1.55, 1.55, 1.62, 1.93, 2.11, 2.2, 2.11, 2.24, 2.19, 2.27, 2.29, 2.3, 1.74, 2.21]

Complementary Slackness per Finite Element
[-28.19, -26.94, -26.93, -26.96, -27.0, -27.04, -27.08, -27.11, -27.1, -27.16, -27.19, -27.21, -27.23, -27.26, -27.29, -27.32, -27.31, -27.26, -27.07, -26.93, -26.91, -26.95, -26.99, -26.98, -26.97, -26.99, -26.72, -26.48, -26.79, -26.65]

Feed Rates
[0.001, 0.0, 0.0, 0.0, 0.0, 0.0, 0.0, 0.0, 0.0, 0.0, 0.0, 0.0, 0.0, 0.0, 0.0, 0.0, 0.001, 0.001, 0.001, 0.001, 0.001, 0.002, 0.003, 0.004, 0.005, 0.008, 0.011, 0.015, 0.022, 0.029]

Growth Rates [h-1]
[0.153, 0.153, 0.153, 0.153, 0.153, 0.153, 0.153, 0.153, 0.153, 0.153, 0.153, 0.153, 0.153, 0.153, 0.153, 0.153, 0.153, 0.153, 0.153, 0.153, 0.153, 0.153, 0.153, 0.153, 0.153, 0.153, 0.153, 0.153, 0.153, 0.153]

Final Product Amount [mmol]
400.60834450162645

Final Biomass Amount [g]
29.216260957619294

Process End
58.0
#-------------------------