#-------------------------
Termination Status
LOCALLY_INFEASIBLE

Time Elapsed
14.389024273

Objective Value
213.92598291412097

Normalized Complementary Slackness
-15.281712998993596

Finite Elements
[2.2, 2.2, 2.2, 2.01, 1.98, 1.95, 1.9, 1.84, 1.76, 1.65, 1.53, 1.99, 1.47, 1.47, 1.47, 1.47, 1.47, 1.47, 1.47, 1.47, 1.55, 1.97, 2.08, 2.11, 2.12, 2.14, 2.16, 2.15, 2.09, 1.67]

Complementary Slackness per Finite Element
[-15.28, -15.28, -15.28, -15.28, -15.28, -15.28, -15.28, -15.28, -15.28, -15.28, -15.28, -15.28, -15.28, -15.28, -15.28, -15.28, -15.28, -15.28, -15.28, -15.28, -15.28, -15.28, -15.28, -15.28, -15.28, -15.28, -15.28, -15.28, -15.28, -15.28]

Feed Rates
[0.001, 0.0, 0.0, 0.0, 0.0, 0.0, 0.0, 0.0, 0.0, 0.0, 0.0, 0.0, 0.0, 0.0, 0.0, 0.0, 0.0, 0.0, 0.001, 0.001, 0.001, 0.002, 0.002, 0.003, 0.005, 0.007, 0.011, 0.016, 0.025, 0.036]

Growth Rates [h-1]
[0.189, 0.189, 0.189, 0.189, 0.189, 0.189, 0.189, 0.189, 0.189, 0.189, 0.189, 0.189, 0.189, 0.189, 0.189, 0.189, 0.189, 0.189, 0.189, 0.189, 0.189, 0.189, 0.189, 0.189, 0.189, 0.189, 0.189, 0.189, 0.189, 0.189]

Final Product Amount [mmol]
226.62352214539604

Final Biomass Amount [g]
30.94426083726686

Process End
55.0
#-------------------------