#-------------------------
Termination Status
LOCALLY_INFEASIBLE

Time Elapsed
17.903010159

Objective Value
44.425207388436114

Normalized Complementary Slackness
-23.05057352852416

Finite Elements
[2.08, 2.08, 2.08, 2.08, 2.08, 2.08, 2.08, 2.08, 1.99, 1.76, 1.49, 1.39, 1.39, 1.39, 1.39, 1.39, 1.39, 1.5, 1.44, 1.4, 1.4, 1.96, 1.83, 2.0, 1.94, 1.45, 1.51, 1.57, 1.73, 2.08]

Complementary Slackness per Finite Element
[-23.16, -22.86, -22.88, -22.89, -23.08, -24.19, -24.41, -23.03, -23.1, -22.97, -22.92, -22.9, -22.9, -22.91, -22.94, -23.0, -22.71, -22.79, -22.98, -23.08, -22.49, -22.8, -22.63, -23.19, -22.85, -22.85, -23.17, -23.22, -23.31, -23.33]

Feed Rates
[0.001, 0.0, 0.0, 0.0, 0.0, 0.0, 0.0, 0.0, 0.0, 0.0, 0.0, 0.0, 0.0, 0.0, 0.001, 0.001, 0.001, 0.001, 0.001, 0.002, 0.002, 0.003, 0.004, 0.005, 0.008, 0.011, 0.014, 0.018, 0.023, 0.031]

Growth Rates [h-1]
[0.171, 0.171, 0.171, 0.171, 0.171, 0.171, 0.171, 0.171, 0.171, 0.171, 0.171, 0.171, 0.171, 0.171, 0.171, 0.171, 0.171, 0.171, 0.171, 0.171, 0.171, 0.171, 0.171, 0.171, 0.171, 0.171, 0.171, 0.171, 0.171, 0.171]

Final Product Amount [mmol]
328.372414060284

Final Biomass Amount [g]
30.16936470705673

Process End
52.0
#-------------------------