#-------------------------
Termination Status
LOCALLY_INFEASIBLE

Time Elapsed
15.472117425

Objective Value
485.55281932997997

Normalized Complementary Slackness
-20.1884320852739

Finite Elements
[2.08, 2.08, 2.08, 2.08, 2.08, 2.08, 2.08, 2.08, 2.08, 2.08, 2.08, 2.08, 2.08, 2.07, 2.05, 1.42, 1.39, 1.39, 1.39, 1.39, 1.39, 1.39, 1.39, 1.39, 1.39, 1.39, 1.39, 1.39, 1.39, 1.39]

Complementary Slackness per Finite Element
[-23.63, -20.16, -20.08, -19.99, -19.94, -19.94, -19.97, -20.05, -20.24, -19.98, -20.0, -20.04, -20.08, -20.13, -20.15, -20.14, -20.13, -20.08, -19.97, -20.27, -20.11, -20.08, -20.06, -20.14, -19.97, -20.06, -20.05, -20.05, -20.11, -20.03]

Feed Rates
[0.001, 0.0, 0.0, 0.0, 0.0, 0.0, 0.0, 0.0, 0.0, 0.0, 0.0, 0.001, 0.001, 0.001, 0.001, 0.002, 0.002, 0.003, 0.003, 0.004, 0.005, 0.006, 0.007, 0.008, 0.01, 0.012, 0.014, 0.017, 0.021, 0.025]

Growth Rates [h-1]
[0.134, 0.134, 0.134, 0.134, 0.134, 0.134, 0.134, 0.134, 0.134, 0.134, 0.134, 0.134, 0.134, 0.134, 0.134, 0.134, 0.134, 0.134, 0.134, 0.134, 0.134, 0.134, 0.134, 0.134, 0.134, 0.134, 0.134, 0.134, 0.134, 0.134]

Final Product Amount [mmol]
496.13736057025915

Final Biomass Amount [g]
24.644099529906107

Process End
52.0
#-------------------------