#-------------------------
Termination Status
LOCALLY_INFEASIBLE

Time Elapsed
14.81354819

Objective Value
569.20562846072

Normalized Complementary Slackness
-20.660676006777848

Finite Elements
[0.75, 0.75, 0.75, 0.75, 0.75, 0.75, 0.75, 0.75, 0.75, 0.75, 0.76, 0.76, 0.76, 0.76, 1.02, 1.09, 1.1, 1.1, 1.11, 1.11, 1.11, 1.11, 1.11, 1.11, 0.92, 1.11, 1.11, 1.11, 1.11, 1.11]

Complementary Slackness per Finite Element
[-19.78, -19.84, -20.16, -20.38, -20.53, -20.64, -20.72, -20.78, -20.82, -20.86, -20.9, -20.95, -20.09, -20.87, -21.0, -20.85, -20.94, -20.99, -20.92, -20.93, -20.91, -20.96, -20.99, -21.04, -21.05, -21.05, -20.94, -20.69, -20.17, -19.05]

Feed Rates
[0.001, 0.001, 0.001, 0.001, 0.001, 0.002, 0.002, 0.002, 0.002, 0.003, 0.003, 0.003, 0.004, 0.004, 0.005, 0.006, 0.007, 0.008, 0.009, 0.011, 0.013, 0.015, 0.018, 0.021, 0.025, 0.029, 0.034, 0.041, 0.048, 0.057]

Growth Rates [h-1]
[0.153, 0.153, 0.153, 0.153, 0.153, 0.153, 0.153, 0.153, 0.153, 0.153, 0.153, 0.153, 0.153, 0.153, 0.153, 0.153, 0.153, 0.153, 0.153, 0.153, 0.153, 0.153, 0.153, 0.153, 0.153, 0.153, 0.153, 0.153, 0.153, 0.153]

Final Product Amount [mmol]
578.609221883908

Final Biomass Amount [g]
50.90549930890856

Process End
28.0
#-------------------------