#-------------------------
Termination Status
ALMOST_LOCALLY_SOLVED

Time Elapsed
498.40112686

Objective Value
113.64170782904193

Normalized Complementary Slackness
-14.608119425821348

Finite Elements
[0.52, 0.52, 0.52, 0.52, 0.52, 0.52, 0.52, 0.52, 0.52, 0.52, 0.52, 0.52, 0.52, 0.52, 0.52, 0.35, 0.35, 0.35, 0.35, 0.35, 0.35, 0.35, 0.35, 0.35, 0.35, 0.35, 0.35, 0.35, 0.35, 0.35]

Complementary Slackness per Finite Element
[-16.95, -16.95, -16.95, -16.95, -16.95, -16.95, -16.95, -16.95, -16.95, -16.95, -16.95, -16.95, -16.95, -16.95, -16.95, -16.95, -16.95, -16.95, -16.95, -16.95, -11.89, -9.7, -9.7, -9.7, -9.7, -9.7, -9.7, -9.7, -9.7, -9.7]

Feed Rates
[0.001, 0.001, 0.001, 0.001, 0.002, 0.002, 0.002, 0.002, 0.002, 0.003, 0.003, 0.003, 0.004, 0.004, 0.004, 0.005, 0.005, 0.005, 0.006, 0.006, 0.005, 0.004, 0.004, 0.004, 0.004, 0.004, 0.004, 0.005, 0.005, 0.005]

Growth Rates [h-1]
[0.189, 0.189, 0.189, 0.189, 0.189, 0.189, 0.189, 0.189, 0.189, 0.189, 0.189, 0.189, 0.189, 0.189, 0.189, 0.189, 0.189, 0.189, 0.189, 0.189, 0.112, 0.079, 0.079, 0.079, 0.079, 0.079, 0.079, 0.079, 0.079, 0.079]

Final Product Amount [mmol]
99.56042099397828

Final Biomass Amount [g]
5.745556384260626

Process End
13.0
#-------------------------