#-------------------------
Termination Status
LOCALLY_INFEASIBLE

Time Elapsed
18.838872696

Objective Value
-1.62264949427734

Normalized Complementary Slackness
-82.75025003633597

Finite Elements
[2.68, 2.68, 2.68, 2.68, 2.68, 2.68, 2.68, 2.68, 2.68, 2.68, 2.68, 2.68, 2.68, 2.68, 2.66, 1.8, 1.79, 1.79, 1.79, 1.79, 1.79, 1.79, 1.79, 1.79, 1.79, 1.79, 1.79, 1.79, 1.79, 1.79]

Complementary Slackness per Finite Element
[-84.77, -83.13, -82.77, -82.53, -82.42, -82.37, -82.26, -82.07, -82.5, -82.86, -83.22, -82.97, -82.89, -82.75, -82.63, -82.75, -82.48, -82.6, -82.59, -82.84, -83.04, -83.38, -82.17, -82.29, -82.26, -80.7, -83.53, -83.28, -82.16, -84.29]

Feed Rates
[0.001, 0.0, 0.0, 0.0, 0.0, 0.0, 0.0, 0.0, 0.0, 0.001, 0.001, 0.001, 0.001, 0.001, 0.002, 0.002, 0.002, 0.003, 0.003, 0.004, 0.004, 0.005, 0.006, 0.007, 0.008, 0.009, 0.01, 0.012, 0.013, 0.015]

Growth Rates [h-1]
[0.079, 0.079, 0.079, 0.079, 0.079, 0.079, 0.079, 0.079, 0.079, 0.079, 0.079, 0.079, 0.079, 0.079, 0.079, 0.079, 0.079, 0.079, 0.079, 0.079, 0.079, 0.079, 0.079, 0.079, 0.079, 0.079, 0.079, 0.079, 0.079, 0.079]

Final Product Amount [mmol]
475.226673093498

Final Biomass Amount [g]
20.250611415960005

Process End
67.0
#-------------------------