#-------------------------
Termination Status
LOCALLY_INFEASIBLE

Time Elapsed
16.26693018

Objective Value
179.7247975026933

Normalized Complementary Slackness
-20.854775727533383

Finite Elements
[2.56, 2.56, 2.56, 2.56, 2.56, 2.56, 2.37, 2.47, 2.39, 2.56, 2.56, 2.56, 2.53, 2.19, 1.79, 1.71, 1.71, 1.71, 1.71, 1.71, 1.71, 1.71, 1.71, 1.71, 1.71, 1.9, 1.71, 1.72, 2.27, 2.56]

Complementary Slackness per Finite Element
[-20.8, -20.8, -20.81, -20.81, -20.81, -20.81, -20.81, -20.81, -20.8, -20.78, -20.94, -20.75, -20.89, -20.87, -20.86, -20.86, -20.87, -20.88, -20.89, -20.9, -20.91, -20.91, -20.92, -20.92, -20.92, -20.93, -20.81, -20.82, -20.83, -20.94]

Feed Rates
[0.001, 0.0, 0.0, 0.0, 0.0, 0.0, 0.0, 0.0, 0.0, 0.0, 0.0, 0.0, 0.0, 0.0, 0.0, 0.0, 0.0, 0.0, 0.001, 0.001, 0.001, 0.002, 0.002, 0.003, 0.005, 0.006, 0.009, 0.012, 0.018, 0.027]

Growth Rates [h-1]
[0.189, 0.189, 0.189, 0.189, 0.189, 0.189, 0.189, 0.189, 0.189, 0.189, 0.189, 0.189, 0.189, 0.189, 0.189, 0.189, 0.189, 0.189, 0.189, 0.189, 0.189, 0.189, 0.189, 0.189, 0.189, 0.189, 0.189, 0.189, 0.189, 0.189]

Final Product Amount [mmol]
198.39688726593977

Final Biomass Amount [g]
27.03704089984617

Process End
64.0
#-------------------------