#-------------------------
Termination Status
LOCALLY_INFEASIBLE

Time Elapsed
16.558664852

Objective Value
618.7372645719677

Normalized Complementary Slackness
-16.072302750756528

Finite Elements
[2.44, 2.44, 2.44, 2.44, 2.44, 2.44, 2.44, 2.44, 2.44, 2.44, 2.44, 2.44, 2.44, 2.43, 2.0, 2.08, 1.63, 1.63, 1.63, 1.63, 1.63, 1.63, 1.63, 1.63, 1.63, 1.63, 1.63, 1.63, 1.63, 1.63]

Complementary Slackness per Finite Element
[-16.39, -16.3, -20.97, -11.56, -15.78, -16.1, -16.05, -16.05, -16.05, -16.05, -16.05, -16.05, -16.04, -16.06, -16.01, -16.17, -15.92, -16.06, -16.03, -16.06, -16.04, -16.04, -16.04, -16.04, -16.04, -16.04, -16.04, -16.04, -16.05, -16.03]

Feed Rates
[0.001, 0.0, 0.0, 0.0, 0.0, 0.0, 0.001, 0.001, 0.001, 0.001, 0.001, 0.001, 0.002, 0.002, 0.002, 0.003, 0.003, 0.004, 0.004, 0.005, 0.006, 0.006, 0.007, 0.008, 0.009, 0.011, 0.012, 0.014, 0.016, 0.018]

Growth Rates [h-1]
[0.079, 0.079, 0.079, 0.079, 0.079, 0.079, 0.079, 0.079, 0.079, 0.079, 0.079, 0.079, 0.079, 0.079, 0.079, 0.079, 0.079, 0.079, 0.079, 0.079, 0.079, 0.079, 0.079, 0.079, 0.079, 0.079, 0.079, 0.079, 0.079, 0.079]

Final Product Amount [mmol]
618.8365246816151

Final Biomass Amount [g]
23.221024882738977

Process End
61.0
#-------------------------