#-------------------------
Termination Status
LOCALLY_INFEASIBLE

Time Elapsed
14.670770401

Objective Value
76.84649270296515

Normalized Complementary Slackness
-27.09768009262503

Finite Elements
[2.32, 2.32, 2.32, 2.32, 2.32, 2.32, 2.15, 1.87, 1.6, 1.95, 1.55, 1.55, 1.55, 1.55, 1.55, 1.86, 1.95, 1.57, 1.55, 1.9, 1.57, 1.78, 1.56, 2.23, 1.68, 1.85, 2.32, 2.32, 2.32, 2.32]

Complementary Slackness per Finite Element
[-28.65, -27.01, -27.01, -27.07, -27.15, -27.24, -27.23, -27.18, -27.1, -27.17, -27.2, -27.1, -27.1, -27.09, -27.06, -26.99, -27.0, -26.93, -27.09, -26.95, -26.98, -27.06, -26.86, -27.07, -26.97, -26.89, -26.94, -26.96, -26.94, -26.94]

Feed Rates
[0.001, 0.0, 0.0, 0.0, 0.0, 0.0, 0.0, 0.0, 0.0, 0.0, 0.0, 0.001, 0.001, 0.001, 0.001, 0.001, 0.001, 0.002, 0.002, 0.002, 0.003, 0.004, 0.004, 0.005, 0.007, 0.008, 0.01, 0.013, 0.018, 0.023]

Growth Rates [h-1]
[0.116, 0.116, 0.116, 0.116, 0.116, 0.116, 0.116, 0.116, 0.116, 0.116, 0.116, 0.116, 0.116, 0.116, 0.116, 0.116, 0.116, 0.116, 0.116, 0.116, 0.116, 0.116, 0.116, 0.116, 0.116, 0.116, 0.116, 0.116, 0.116, 0.116]

Final Product Amount [mmol]
552.4790896632568

Final Biomass Amount [g]
26.799880112559137

Process End
58.0
#-------------------------