#-------------------------
Termination Status
LOCALLY_INFEASIBLE

Time Elapsed
16.803498337

Objective Value
437.7229665138321

Normalized Complementary Slackness
-22.727517747487003

Finite Elements
[2.8, 2.8, 2.8, 2.8, 2.8, 2.8, 2.8, 2.8, 2.8, 2.8, 2.46, 1.88, 1.87, 1.87, 1.87, 1.87, 1.87, 1.87, 1.87, 1.87, 1.87, 1.87, 2.03, 2.26, 1.87, 2.47, 2.65, 2.77, 2.19, 2.76]

Complementary Slackness per Finite Element
[-23.72, -22.48, -22.59, -22.78, -22.94, -22.66, -22.45, -23.09, -23.02, -23.02, -22.96, -22.83, -22.4, -22.39, -22.46, -22.5, -22.55, -22.52, -22.52, -22.56, -22.55, -22.44, -23.58, -23.01, -22.83, -22.89, -23.02, -23.02, -22.73, -21.32]

Feed Rates
[0.001, 0.0, 0.0, 0.0, 0.0, 0.0, 0.0, 0.0, 0.0, 0.0, 0.0, 0.0, 0.0, 0.0, 0.001, 0.001, 0.001, 0.001, 0.001, 0.002, 0.002, 0.003, 0.003, 0.004, 0.005, 0.007, 0.009, 0.012, 0.017, 0.022]

Growth Rates [h-1]
[0.116, 0.116, 0.116, 0.116, 0.116, 0.116, 0.116, 0.116, 0.116, 0.116, 0.116, 0.116, 0.116, 0.116, 0.116, 0.116, 0.116, 0.116, 0.116, 0.116, 0.116, 0.116, 0.116, 0.116, 0.116, 0.116, 0.116, 0.116, 0.116, 0.116]

Final Product Amount [mmol]
454.43753181614215

Final Biomass Amount [g]
26.740295945821256

Process End
70.0
#-------------------------