#-------------------------
Termination Status
LOCALLY_INFEASIBLE

Time Elapsed
15.317760255

Objective Value
21.58333920024375

Normalized Complementary Slackness
-31.610594668079035

Finite Elements
[1.07, 1.6, 1.6, 1.6, 1.6, 1.6, 1.6, 1.6, 1.6, 1.6, 1.52, 1.15, 1.07, 1.07, 1.07, 1.23, 1.38, 1.46, 1.49, 1.5, 1.49, 1.43, 1.2, 1.07, 1.07, 1.07, 1.07, 1.07, 1.07, 1.07]

Complementary Slackness per Finite Element
[-31.62, -31.61, -31.61, -31.61, -31.61, -31.61, -31.61, -31.61, -31.62, -31.62, -31.62, -31.62, -31.62, -31.62, -31.61, -31.61, -31.61, -31.61, -31.61, -31.61, -31.61, -31.61, -31.61, -31.61, -31.61, -31.6, -31.6, -31.6, -31.59, -31.58]

Feed Rates
[0.001, 0.0, 0.0, 0.0, 0.0, 0.0, 0.0, 0.0, 0.0, 0.0, 0.0, 0.001, 0.001, 0.001, 0.001, 0.001, 0.002, 0.002, 0.003, 0.004, 0.005, 0.006, 0.008, 0.01, 0.013, 0.016, 0.019, 0.023, 0.028, 0.035]

Growth Rates [h-1]
[0.189, 0.189, 0.189, 0.189, 0.189, 0.189, 0.189, 0.189, 0.189, 0.189, 0.189, 0.189, 0.189, 0.189, 0.189, 0.189, 0.189, 0.189, 0.189, 0.189, 0.189, 0.189, 0.189, 0.189, 0.189, 0.189, 0.189, 0.189, 0.189, 0.189]

Final Product Amount [mmol]
198.7042235466113

Final Biomass Amount [g]
27.175067285349495

Process End
40.0
#-------------------------