#-------------------------
Termination Status
LOCALLY_INFEASIBLE

Time Elapsed
19.717889371

Objective Value
262.76850380371013

Normalized Complementary Slackness
-17.246699370041277

Finite Elements
[2.08, 1.72, 1.69, 1.64, 2.07, 2.07, 1.99, 1.79, 1.52, 1.39, 1.39, 1.39, 1.39, 1.39, 1.39, 1.39, 1.39, 1.39, 1.39, 1.39, 1.44, 2.08, 2.08, 2.08, 2.08, 2.08, 2.08, 2.08, 2.08, 2.08]

Complementary Slackness per Finite Element
[-17.65, -17.21, -17.21, -17.21, -17.21, -17.21, -17.21, -17.21, -17.21, -17.21, -17.21, -17.21, -17.21, -17.21, -17.21, -17.21, -17.21, -17.21, -17.21, -17.21, -17.21, -17.21, -17.22, -17.22, -17.22, -17.21, -17.23, -17.24, -17.27, -17.76]

Feed Rates
[0.001, 0.0, 0.0, 0.0, 0.0, 0.0, 0.0, 0.0, 0.0, 0.0, 0.0, 0.0, 0.0, 0.0, 0.0, 0.0, 0.0, 0.001, 0.001, 0.001, 0.001, 0.002, 0.002, 0.003, 0.005, 0.007, 0.009, 0.014, 0.019, 0.028]

Growth Rates [h-1]
[0.171, 0.171, 0.171, 0.171, 0.171, 0.171, 0.171, 0.171, 0.171, 0.171, 0.171, 0.171, 0.171, 0.171, 0.171, 0.171, 0.171, 0.171, 0.171, 0.171, 0.171, 0.171, 0.171, 0.171, 0.171, 0.171, 0.171, 0.171, 0.171, 0.171]

Final Product Amount [mmol]
276.62823615904136

Final Biomass Amount [g]
26.405627111084073

Process End
52.0
#-------------------------