#-------------------------
Termination Status
LOCALLY_INFEASIBLE

Time Elapsed
15.208256873

Objective Value
6.443818913282726

Normalized Complementary Slackness
-74.59747734119215

Finite Elements
[2.56, 2.56, 2.56, 2.56, 2.56, 2.55, 2.54, 2.35, 2.08, 1.77, 1.71, 1.72, 1.71, 1.71, 1.71, 1.71, 1.71, 1.71, 1.71, 1.71, 1.94, 2.15, 1.72, 2.33, 2.42, 2.45, 2.48, 2.49, 2.46, 2.39]

Complementary Slackness per Finite Element
[-76.36, -75.5, -75.24, -75.1, -75.18, -74.82, -74.84, -74.79, -74.81, -74.81, -74.84, -75.05, -74.99, -75.14, -75.14, -75.22, -75.28, -75.29, -74.9, -74.45, -74.16, -73.96, -73.97, -73.72, -73.63, -73.53, -73.43, -73.34, -73.25, -73.18]

Feed Rates
[0.001, 0.0, 0.0, 0.0, 0.0, 0.0, 0.0, 0.0, 0.0, 0.0, 0.0, 0.0, 0.0, 0.0, 0.0, 0.0, 0.001, 0.001, 0.001, 0.001, 0.001, 0.002, 0.002, 0.003, 0.004, 0.006, 0.008, 0.011, 0.016, 0.022]

Growth Rates [h-1]
[0.134, 0.134, 0.134, 0.134, 0.134, 0.134, 0.134, 0.134, 0.134, 0.134, 0.134, 0.134, 0.134, 0.134, 0.134, 0.134, 0.134, 0.134, 0.134, 0.134, 0.134, 0.134, 0.134, 0.134, 0.134, 0.134, 0.134, 0.134, 0.134, 0.134]

Final Product Amount [mmol]
482.16432902616225

Final Biomass Amount [g]
24.586119443293313

Process End
64.0
#-------------------------