#-------------------------
Termination Status
LOCALLY_INFEASIBLE

Time Elapsed
13.87803318

Objective Value
564.8197117671245

Normalized Complementary Slackness
-51.55841201459834

Finite Elements
[0.84, 0.84, 0.95, 0.84, 0.84, 0.84, 0.84, 0.85, 0.85, 0.85, 0.99, 0.89, 0.91, 1.18, 1.17, 1.16, 1.22, 1.22, 1.22, 1.22, 0.88, 1.22, 1.22, 1.11, 1.21, 1.12, 1.14, 1.15, 1.22, 1.04]

Complementary Slackness per Finite Element
[-53.65, -52.28, -51.74, -51.61, -51.44, -51.34, -51.29, -51.31, -51.34, -51.36, -51.4, -51.41, -51.46, -52.11, -51.83, -51.66, -51.57, -51.6, -51.63, -51.61, -51.31, -51.56, -51.59, -51.52, -51.56, -51.51, -51.5, -51.44, -51.06, -50.05]

Feed Rates
[0.001, 0.001, 0.001, 0.001, 0.001, 0.002, 0.002, 0.002, 0.002, 0.002, 0.003, 0.003, 0.003, 0.004, 0.005, 0.005, 0.006, 0.007, 0.009, 0.01, 0.012, 0.014, 0.016, 0.019, 0.022, 0.026, 0.03, 0.035, 0.041, 0.048]

Growth Rates [h-1]
[0.134, 0.134, 0.134, 0.134, 0.134, 0.134, 0.134, 0.134, 0.134, 0.134, 0.134, 0.134, 0.134, 0.134, 0.134, 0.134, 0.134, 0.134, 0.134, 0.134, 0.134, 0.134, 0.134, 0.134, 0.134, 0.134, 0.134, 0.134, 0.134, 0.134]

Final Product Amount [mmol]
603.2490965175105

Final Biomass Amount [g]
45.474991606243854

Process End
31.0
#-------------------------