#-------------------------
Termination Status
LOCALLY_INFEASIBLE

Time Elapsed
15.583557303

Objective Value
540.0054255600418

Normalized Complementary Slackness
-16.11154642737706

Finite Elements
[2.44, 2.44, 2.44, 2.44, 2.44, 2.44, 2.44, 2.44, 2.44, 2.44, 2.44, 2.44, 2.44, 2.43, 2.35, 1.71, 1.63, 1.63, 1.63, 1.63, 1.63, 1.63, 1.63, 1.63, 1.63, 1.63, 1.63, 1.63, 1.63, 1.63]

Complementary Slackness per Finite Element
[-16.46, -16.35, -21.03, -11.55, -15.77, -16.14, -16.09, -16.09, -16.09, -16.09, -16.09, -16.09, -16.09, -16.09, -16.09, -16.08, -16.09, -16.06, -16.1, -16.08, -16.08, -16.08, -16.08, -16.08, -16.08, -16.08, -16.08, -16.08, -16.09, -16.07]

Feed Rates
[0.001, 0.0, 0.0, 0.0, 0.0, 0.0, 0.0, 0.001, 0.001, 0.001, 0.001, 0.001, 0.001, 0.002, 0.002, 0.003, 0.003, 0.003, 0.004, 0.004, 0.005, 0.006, 0.006, 0.007, 0.008, 0.009, 0.011, 0.012, 0.014, 0.016]

Growth Rates [h-1]
[0.079, 0.079, 0.079, 0.079, 0.079, 0.079, 0.079, 0.079, 0.079, 0.079, 0.079, 0.079, 0.079, 0.079, 0.079, 0.079, 0.079, 0.079, 0.079, 0.079, 0.079, 0.079, 0.079, 0.079, 0.079, 0.079, 0.079, 0.079, 0.079, 0.079]

Final Product Amount [mmol]
542.0952426109437

Final Biomass Amount [g]
20.329866923712665

Process End
61.0
#-------------------------