#-------------------------
Termination Status
LOCALLY_INFEASIBLE

Time Elapsed
15.494522357

Objective Value
73.64583382556947

Normalized Complementary Slackness
-19.631182004124803

Finite Elements
[2.68, 2.68, 2.68, 2.68, 2.68, 2.68, 2.68, 2.68, 2.68, 2.68, 2.68, 2.67, 2.41, 2.05, 1.82, 1.79, 1.79, 1.79, 1.79, 1.79, 2.4, 2.43, 2.27, 1.8, 1.79, 1.79, 1.79, 1.79, 1.79, 1.79]

Complementary Slackness per Finite Element
[-22.88, -19.55, -19.43, -19.39, -19.38, -19.38, -19.38, -19.38, -19.39, -19.4, -19.41, -19.44, -19.48, -19.51, -19.5, -19.49, -19.49, -19.5, -19.51, -19.51, -19.76, -19.71, -19.69, -19.67, -19.73, -19.58, -19.63, -19.63, -19.67, -19.48]

Feed Rates
[0.001, 0.0, 0.0, 0.0, 0.0, 0.0, 0.0, 0.0, 0.0, 0.0, 0.0, 0.0, 0.0, 0.0, 0.001, 0.001, 0.001, 0.001, 0.002, 0.002, 0.003, 0.003, 0.005, 0.006, 0.008, 0.01, 0.013, 0.017, 0.021, 0.027]

Growth Rates [h-1]
[0.134, 0.134, 0.134, 0.134, 0.134, 0.134, 0.134, 0.134, 0.134, 0.134, 0.134, 0.134, 0.134, 0.134, 0.134, 0.134, 0.134, 0.134, 0.134, 0.134, 0.134, 0.134, 0.134, 0.134, 0.134, 0.134, 0.134, 0.134, 0.134, 0.134]

Final Product Amount [mmol]
566.4055518460447

Final Biomass Amount [g]
28.07990024368275

Process End
67.0
#-------------------------