#-------------------------
Termination Status
LOCALLY_INFEASIBLE

Time Elapsed
15.275001307

Objective Value
17.46429295913972

Normalized Complementary Slackness
-31.952792220135176

Finite Elements
[1.15, 1.72, 1.72, 1.72, 1.72, 1.72, 1.72, 1.72, 1.72, 1.72, 1.58, 1.25, 1.15, 1.15, 1.15, 1.16, 1.15, 1.39, 1.15, 1.43, 1.61, 1.63, 1.64, 1.63, 1.55, 1.19, 1.15, 1.15, 1.15, 1.15]

Complementary Slackness per Finite Element
[-31.92, -32.0, -32.0, -31.99, -31.99, -31.99, -31.98, -31.98, -31.98, -31.97, -31.98, -31.96, -31.94, -31.93, -31.92, -31.94, -31.94, -31.94, -31.94, -31.94, -31.95, -31.94, -31.93, -31.92, -31.92, -31.9, -31.98, -31.91, -31.92, -31.96]

Feed Rates
[0.001, 0.0, 0.0, 0.0, 0.0, 0.0, 0.0, 0.0, 0.0, 0.0, 0.0, 0.0, 0.0, 0.001, 0.001, 0.001, 0.001, 0.001, 0.002, 0.002, 0.003, 0.004, 0.006, 0.008, 0.011, 0.014, 0.018, 0.022, 0.028, 0.034]

Growth Rates [h-1]
[0.189, 0.189, 0.189, 0.189, 0.189, 0.189, 0.189, 0.189, 0.189, 0.189, 0.189, 0.189, 0.189, 0.189, 0.189, 0.189, 0.189, 0.189, 0.189, 0.189, 0.189, 0.189, 0.189, 0.189, 0.189, 0.189, 0.189, 0.189, 0.189, 0.189]

Final Product Amount [mmol]
198.66290929852696

Final Biomass Amount [g]
27.15640538699617

Process End
43.0
#-------------------------