#-------------------------
Termination Status
LOCALLY_INFEASIBLE

Time Elapsed
52.530561098

Objective Value
137.44977777011408

Normalized Complementary Slackness
-207.61179567800357

Finite Elements
[1.73, 1.24, 1.39, 1.67, 1.24, 1.24, 1.24, 1.24, 1.24, 1.24, 1.25, 1.24, 1.25, 1.25, 1.26, 1.29, 1.37, 1.65, 1.82, 1.83, 1.83, 1.83, 1.83, 1.84, 1.84, 1.84, 1.84, 1.84, 1.84, 1.79]

Complementary Slackness per Finite Element
[-209.01, -208.85, -208.8, -208.81, -208.58, -208.52, -208.44, -208.35, -208.25, -208.14, -208.02, -207.89, -207.76, -207.63, -207.51, -207.39, -207.28, -207.21, -207.24, -206.9, -206.83, -206.82, -206.84, -206.84, -206.84, -206.85, -206.85, -206.84, -206.92, -206.14]

Feed Rates
[0.001, 0.001, 0.001, 0.001, 0.001, 0.001, 0.002, 0.002, 0.002, 0.002, 0.003, 0.003, 0.003, 0.004, 0.004, 0.005, 0.005, 0.006, 0.007, 0.009, 0.01, 0.012, 0.015, 0.018, 0.021, 0.026, 0.031, 0.036, 0.044, 0.052]

Growth Rates [h-1]
[0.097, 0.097, 0.097, 0.097, 0.097, 0.097, 0.097, 0.097, 0.097, 0.097, 0.097, 0.097, 0.097, 0.097, 0.097, 0.097, 0.097, 0.097, 0.097, 0.097, 0.097, 0.097, 0.097, 0.097, 0.097, 0.097, 0.097, 0.097, 0.097, 0.097]

Final Product Amount [mmol]
1465.8777849501632

Final Biomass Amount [g]
62.588830377079354

Process End
46.0
#-------------------------