#-------------------------
Termination Status
LOCALLY_SOLVED

Time Elapsed
22.535801036

Objective Value
55.49373458047055

Normalized Complementary Slackness
-11.717414607141583

Finite Elements
[0.64, 0.64, 0.64, 0.64, 0.64, 0.64, 0.64, 0.64, 0.64, 0.64, 0.64, 0.64, 0.64, 0.64, 0.64, 0.43, 0.43, 0.43, 0.43, 0.43, 0.43, 0.43, 0.43, 0.43, 0.43, 0.43, 0.43, 0.43, 0.43, 0.43]

Complementary Slackness per Finite Element
[-11.72, -11.72, -11.72, -11.72, -11.72, -11.72, -11.72, -11.72, -11.72, -11.72, -11.72, -11.72, -11.72, -11.72, -11.72, -11.72, -11.72, -11.72, -11.72, -11.72, -11.72, -11.72, -11.72, -11.72, -11.72, -11.72, -11.72, -11.72, -11.72, -11.72]

Feed Rates
[0.001, 0.001, 0.001, 0.002, 0.002, 0.002, 0.002, 0.003, 0.003, 0.003, 0.004, 0.004, 0.005, 0.005, 0.006, 0.007, 0.007, 0.008, 0.009, 0.009, 0.01, 0.011, 0.012, 0.013, 0.014, 0.015, 0.016, 0.018, 0.019, 0.021]

Growth Rates [h-1]
[0.189, 0.189, 0.189, 0.189, 0.189, 0.189, 0.189, 0.189, 0.189, 0.189, 0.189, 0.189, 0.189, 0.189, 0.189, 0.189, 0.189, 0.189, 0.189, 0.189, 0.189, 0.189, 0.189, 0.189, 0.189, 0.189, 0.189, 0.189, 0.189, 0.189]

Final Product Amount [mmol]
101.94864758656774

Final Biomass Amount [g]
14.700826992936898

Process End
16.0
#-------------------------