#-------------------------
Termination Status
LOCALLY_SOLVED

Time Elapsed
72.864648237

Objective Value
623.2894357762046

Normalized Complementary Slackness
-15.01602251657767

Finite Elements
[1.72, 1.72, 1.72, 1.72, 1.72, 1.72, 1.72, 1.72, 1.72, 1.72, 1.72, 1.72, 1.15, 1.72, 1.72, 1.72, 1.15, 1.15, 1.15, 1.15, 1.15, 1.15, 1.15, 1.15, 1.15, 1.15, 1.15, 1.15, 1.15, 1.15]

Complementary Slackness per Finite Element
[-14.24, -14.36, -15.12, -15.12, -15.12, -15.12, -15.12, -15.12, -15.12, -15.12, -15.12, -19.16, -9.7, -15.12, -15.12, -15.12, -15.11, -15.12, -15.12, -15.12, -15.12, -15.12, -15.12, -15.12, -15.12, -15.12, -15.12, -15.12, -15.12, -15.12]

Feed Rates
[0.001, 0.001, 0.001, 0.001, 0.001, 0.001, 0.002, 0.002, 0.002, 0.002, 0.003, 0.003, 0.004, 0.004, 0.004, 0.005, 0.006, 0.006, 0.007, 0.008, 0.008, 0.009, 0.01, 0.011, 0.012, 0.013, 0.014, 0.016, 0.017, 0.019]

Growth Rates [h-1]
[0.148, 0.079, 0.079, 0.079, 0.079, 0.079, 0.079, 0.079, 0.079, 0.079, 0.079, 0.079, 0.079, 0.079, 0.079, 0.079, 0.079, 0.079, 0.079, 0.079, 0.079, 0.079, 0.079, 0.079, 0.079, 0.079, 0.079, 0.079, 0.079, 0.079]

Final Product Amount [mmol]
618.4367684269936

Final Biomass Amount [g]
23.8548873659573

Process End
43.0
#-------------------------