#-------------------------
Termination Status
LOCALLY_SOLVED

Time Elapsed
145.322654563

Objective Value
365.7298571347363

Normalized Complementary Slackness
-15.618945986885583

Finite Elements
[0.82, 0.82, 0.82, 0.82, 0.82, 0.82, 0.82, 0.82, 0.82, 0.82, 0.82, 0.65, 0.55, 0.55, 0.55, 0.55, 0.55, 0.55, 0.55, 0.82, 0.82, 0.82, 0.72, 0.55, 0.55, 0.55, 0.55, 0.55, 0.55, 0.55]

Complementary Slackness per Finite Element
[-16.95, -16.95, -16.95, -16.95, -16.95, -16.95, -16.95, -16.95, -16.95, -16.95, -16.95, -16.95, -16.95, -16.95, -16.95, -16.95, -16.95, -16.95, -16.95, -13.32, -13.32, -13.32, -13.32, -13.32, -13.32, -13.32, -13.32, -13.32, -13.32, -13.32]

Feed Rates
[0.001, 0.001, 0.002, 0.002, 0.002, 0.002, 0.003, 0.003, 0.004, 0.004, 0.005, 0.006, 0.007, 0.008, 0.008, 0.009, 0.01, 0.011, 0.013, 0.011, 0.012, 0.014, 0.015, 0.017, 0.018, 0.019, 0.021, 0.023, 0.024, 0.026]

Growth Rates [h-1]
[0.189, 0.189, 0.189, 0.189, 0.189, 0.189, 0.189, 0.189, 0.189, 0.189, 0.189, 0.189, 0.189, 0.189, 0.189, 0.189, 0.189, 0.189, 0.189, 0.134, 0.134, 0.134, 0.134, 0.134, 0.134, 0.134, 0.134, 0.134, 0.134, 0.134]

Final Product Amount [mmol]
362.6070662394644

Final Biomass Amount [g]
23.41848656491937

Process End
20.5
#-------------------------