#-------------------------
Termination Status
LOCALLY_INFEASIBLE

Time Elapsed
23.791866686

Objective Value
21.925022819158357

Normalized Complementary Slackness
-34.00999950124665

Finite Elements
[1.63, 1.63, 1.63, 1.64, 1.64, 2.26, 1.64, 1.64, 1.64, 1.64, 1.64, 1.64, 1.64, 1.65, 1.85, 2.41, 2.42, 2.43, 2.43, 2.44, 2.44, 2.44, 2.44, 2.44, 2.44, 2.44, 2.44, 2.44, 2.28, 1.67]

Complementary Slackness per Finite Element
[-30.68, -29.88, -30.6, -31.48, -32.03, -32.95, -32.52, -32.76, -32.77, -32.93, -33.9, -32.81, -33.04, -34.15, -35.4, -35.6, -36.2, -37.12, -36.12, -35.99, -35.59, -35.86, -35.89, -35.82, -35.76, -35.45, -35.26, -34.87, -34.25, -32.61]

Feed Rates
[0.001, 0.001, 0.001, 0.001, 0.001, 0.001, 0.001, 0.001, 0.001, 0.001, 0.002, 0.002, 0.002, 0.002, 0.002, 0.003, 0.003, 0.003, 0.004, 0.005, 0.005, 0.006, 0.007, 0.008, 0.009, 0.011, 0.013, 0.015, 0.017, 0.019]

Growth Rates [h-1]
[0.061, 0.061, 0.061, 0.061, 0.061, 0.061, 0.061, 0.061, 0.061, 0.061, 0.061, 0.061, 0.061, 0.061, 0.061, 0.061, 0.061, 0.061, 0.061, 0.061, 0.061, 0.061, 0.061, 0.061, 0.061, 0.061, 0.061, 0.061, 0.061, 0.061]

Final Product Amount [mmol]
298.89802961609496

Final Biomass Amount [g]
28.55060348139359

Process End
61.0
#-------------------------