#-------------------------
Termination Status
LOCALLY_INFEASIBLE

Time Elapsed
17.969968807

Objective Value
64.9847120749887

Normalized Complementary Slackness
-22.869939207157298

Finite Elements
[0.99, 1.48, 1.48, 1.48, 1.48, 1.48, 1.48, 1.48, 1.48, 1.47, 1.26, 1.07, 1.01, 1.0, 1.01, 1.34, 1.37, 1.39, 1.39, 1.38, 1.34, 1.24, 1.0, 0.99, 0.99, 0.99, 0.99, 0.99, 0.99, 0.99]

Complementary Slackness per Finite Element
[-22.82, -22.69, -22.77, -22.75, -22.69, -22.65, -22.65, -22.69, -22.77, -22.85, -22.91, -22.94, -22.97, -22.97, -22.84, -22.61, -22.93, -23.02, -22.9, -22.86, -22.86, -22.89, -22.93, -22.96, -22.98, -22.98, -22.99, -23.02, -23.1, -23.09]

Feed Rates
[0.001, 0.0, 0.0, 0.0, 0.0, 0.0, 0.0, 0.001, 0.001, 0.001, 0.001, 0.001, 0.002, 0.002, 0.002, 0.002, 0.003, 0.004, 0.005, 0.006, 0.007, 0.009, 0.01, 0.012, 0.014, 0.016, 0.019, 0.022, 0.025, 0.029]

Growth Rates [h-1]
[0.153, 0.153, 0.153, 0.153, 0.153, 0.153, 0.153, 0.153, 0.153, 0.153, 0.153, 0.153, 0.153, 0.153, 0.153, 0.153, 0.153, 0.153, 0.153, 0.153, 0.153, 0.153, 0.153, 0.153, 0.153, 0.153, 0.153, 0.153, 0.153, 0.153]

Final Product Amount [mmol]
299.7312547009266

Final Biomass Amount [g]
25.750811511660295

Process End
37.0
#-------------------------