#-------------------------
Termination Status
LOCALLY_INFEASIBLE

Time Elapsed
16.113051044

Objective Value
20.901143320978107

Normalized Complementary Slackness
-50.51866324031646

Finite Elements
[0.91, 1.36, 1.36, 1.36, 1.36, 1.36, 1.36, 1.36, 1.36, 1.36, 1.36, 1.36, 1.36, 1.36, 1.36, 1.36, 0.91, 0.91, 0.91, 0.91, 0.91, 0.91, 0.91, 0.91, 0.91, 0.91, 0.91, 0.91, 0.91, 0.91]

Complementary Slackness per Finite Element
[-50.45, -50.89, -50.88, -50.87, -50.87, -50.87, -50.86, -50.86, -50.85, -50.88, -50.77, -50.78, -50.78, -50.75, -50.73, -50.67, -50.53, -50.42, -50.28, -50.17, -50.04, -49.95, -49.84, -49.71, -49.69, -50.15, -50.55, -50.48, -50.46, -50.52]

Feed Rates
[0.001, 0.0, 0.0, 0.0, 0.0, 0.0, 0.0, 0.0, 0.001, 0.001, 0.001, 0.001, 0.002, 0.002, 0.003, 0.003, 0.004, 0.005, 0.006, 0.007, 0.009, 0.01, 0.012, 0.015, 0.017, 0.021, 0.024, 0.029, 0.034, 0.041]

Growth Rates [h-1]
[0.189, 0.189, 0.189, 0.189, 0.189, 0.189, 0.189, 0.189, 0.189, 0.189, 0.189, 0.189, 0.189, 0.189, 0.189, 0.189, 0.189, 0.189, 0.189, 0.189, 0.189, 0.189, 0.189, 0.189, 0.189, 0.189, 0.189, 0.189, 0.189, 0.189]

Final Product Amount [mmol]
226.87975329863735

Final Biomass Amount [g]
31.103049472594936

Process End
34.0
#-------------------------