#-------------------------
Termination Status
LOCALLY_INFEASIBLE

Time Elapsed
14.847722361

Objective Value
1292.8604451218057

Normalized Complementary Slackness
-16.271926843905632

Finite Elements
[1.79, 1.79, 1.79, 1.79, 1.79, 1.79, 1.79, 1.79, 1.79, 1.79, 1.79, 1.79, 1.79, 1.79, 1.8, 2.64, 2.68, 2.68, 2.68, 2.68, 2.68, 2.68, 2.68, 2.68, 2.68, 2.68, 2.68, 2.68, 2.68, 2.68]

Complementary Slackness per Finite Element
[-16.41, -16.23, -16.28, -16.27, -16.27, -16.27, -16.27, -16.27, -16.27, -16.27, -16.27, -16.27, -16.27, -16.28, -16.24, -16.29, -16.26, -16.27, -16.27, -16.27, -16.27, -16.27, -16.27, -16.27, -16.27, -16.27, -16.27, -16.27, -16.27, -16.26]

Feed Rates
[0.001, 0.001, 0.001, 0.001, 0.001, 0.001, 0.001, 0.001, 0.001, 0.001, 0.002, 0.002, 0.002, 0.002, 0.002, 0.003, 0.003, 0.004, 0.004, 0.005, 0.006, 0.007, 0.009, 0.01, 0.012, 0.014, 0.016, 0.019, 0.023, 0.027]

Growth Rates [h-1]
[0.061, 0.061, 0.061, 0.061, 0.061, 0.061, 0.061, 0.061, 0.061, 0.061, 0.061, 0.061, 0.061, 0.061, 0.061, 0.061, 0.061, 0.061, 0.061, 0.061, 0.061, 0.061, 0.061, 0.061, 0.061, 0.061, 0.061, 0.061, 0.061, 0.061]

Final Product Amount [mmol]
1281.9304465054804

Final Biomass Amount [g]
41.060184747441106

Process End
67.0
#-------------------------