#-------------------------
Termination Status
LOCALLY_INFEASIBLE

Time Elapsed
15.252959592

Objective Value
-40.53714323484127

Normalized Complementary Slackness
-194.12628252760024

Finite Elements
[1.07, 1.6, 1.6, 1.6, 1.6, 1.6, 1.6, 1.6, 1.6, 1.6, 1.6, 1.6, 1.6, 1.6, 1.6, 1.6, 1.07, 1.07, 1.07, 1.07, 1.07, 1.07, 1.07, 1.07, 1.07, 1.07, 1.07, 1.07, 1.07, 1.07]

Complementary Slackness per Finite Element
[-194.18, -193.96, -193.99, -193.99, -193.98, -193.91, -193.96, -193.87, -193.79, -193.64, -193.49, -193.3, -193.07, -192.89, -192.74, -192.65, -193.69, -193.95, -194.74, -196.23, -194.77, -194.85, -194.97, -195.28, -195.04, -194.84, -194.74, -194.68, -194.48, -194.1]

Feed Rates
[0.001, 0.0, 0.0, 0.0, 0.0, 0.0, 0.001, 0.001, 0.001, 0.001, 0.001, 0.002, 0.002, 0.002, 0.003, 0.004, 0.005, 0.005, 0.006, 0.007, 0.008, 0.009, 0.011, 0.013, 0.015, 0.017, 0.019, 0.022, 0.026, 0.03]

Growth Rates [h-1]
[0.134, 0.134, 0.134, 0.134, 0.134, 0.134, 0.134, 0.134, 0.134, 0.134, 0.134, 0.134, 0.134, 0.134, 0.134, 0.134, 0.134, 0.134, 0.134, 0.134, 0.134, 0.134, 0.134, 0.134, 0.134, 0.134, 0.134, 0.134, 0.134, 0.134]

Final Product Amount [mmol]
565.3212047621981

Final Biomass Amount [g]
28.314752938468775

Process End
40.0
#-------------------------