#-------------------------
Termination Status
LOCALLY_INFEASIBLE

Time Elapsed
17.249400438

Objective Value
35.69156800797094

Normalized Complementary Slackness
-21.877775076551682

Finite Elements
[0.99, 1.48, 1.48, 1.48, 1.48, 1.48, 1.48, 1.48, 1.48, 1.48, 1.48, 1.48, 1.48, 1.48, 1.48, 1.48, 0.99, 0.99, 0.99, 0.99, 0.99, 0.99, 0.99, 0.99, 0.99, 0.99, 0.99, 0.99, 0.99, 0.99]

Complementary Slackness per Finite Element
[-21.75, -22.19, -22.18, -22.18, -22.18, -22.18, -22.17, -22.17, -22.16, -22.15, -22.13, -22.12, -22.09, -21.92, -21.81, -21.67, -21.54, -21.43, -21.35, -21.68, -21.7, -21.71, -21.52, -21.51, -21.46, -21.79, -21.71, -21.73, -22.01, -22.15]

Feed Rates
[0.001, 0.0, 0.0, 0.0, 0.0, 0.0, 0.0, 0.0, 0.0, 0.0, 0.001, 0.001, 0.001, 0.001, 0.002, 0.002, 0.003, 0.004, 0.005, 0.005, 0.007, 0.008, 0.01, 0.011, 0.014, 0.017, 0.02, 0.024, 0.029, 0.035]

Growth Rates [h-1]
[0.189, 0.189, 0.189, 0.189, 0.189, 0.189, 0.189, 0.189, 0.189, 0.189, 0.189, 0.189, 0.189, 0.189, 0.189, 0.189, 0.189, 0.189, 0.189, 0.189, 0.189, 0.189, 0.189, 0.189, 0.189, 0.189, 0.189, 0.189, 0.189, 0.189]

Final Product Amount [mmol]
198.73580642097514

Final Biomass Amount [g]
27.198854582065568

Process End
37.0
#-------------------------