#-------------------------
Termination Status
LOCALLY_INFEASIBLE

Time Elapsed
13.889282233

Objective Value
33.50483561826381

Normalized Complementary Slackness
-26.560764985765037

Finite Elements
[2.32, 2.31, 2.31, 2.07, 2.03, 1.98, 1.91, 1.83, 1.72, 1.61, 1.56, 1.55, 1.55, 1.55, 1.55, 1.55, 1.55, 1.55, 1.55, 1.55, 1.62, 2.22, 2.31, 2.32, 2.32, 2.32, 2.32, 2.32, 2.32, 2.32]

Complementary Slackness per Finite Element
[-26.74, -26.57, -26.71, -26.77, -26.75, -26.74, -26.72, -26.7, -26.75, -26.73, -26.72, -26.7, -26.7, -26.69, -26.67, -26.67, -26.65, -26.65, -26.63, -26.6, -26.45, -26.34, -26.36, -26.3, -26.29, -26.2, -26.24, -26.25, -26.21, -26.32]

Feed Rates
[0.001, 0.0, 0.0, 0.0, 0.0, 0.0, 0.0, 0.0, 0.0, 0.0, 0.0, 0.0, 0.0, 0.0, 0.0, 0.0, 0.0, 0.0, 0.001, 0.001, 0.001, 0.001, 0.002, 0.003, 0.004, 0.006, 0.009, 0.014, 0.02, 0.03]

Growth Rates [h-1]
[0.171, 0.171, 0.171, 0.171, 0.171, 0.171, 0.171, 0.171, 0.171, 0.171, 0.171, 0.171, 0.171, 0.171, 0.171, 0.171, 0.171, 0.171, 0.171, 0.171, 0.171, 0.171, 0.171, 0.171, 0.171, 0.171, 0.171, 0.171, 0.171, 0.171]

Final Product Amount [mmol]
327.8026861149523

Final Biomass Amount [g]
30.141990961841636

Process End
58.0
#-------------------------