#-------------------------
Termination Status
LOCALLY_SOLVED

Time Elapsed
87.188424663

Objective Value
132.2084158130344

Normalized Complementary Slackness
-16.730610851563334

Finite Elements
[2.8, 2.8, 2.8, 2.8, 2.8, 2.8, 2.8, 2.8, 2.8, 2.8, 2.8, 2.8, 2.8, 2.8, 2.8, 1.87, 1.87, 1.87, 1.87, 1.87, 1.87, 1.87, 1.87, 1.87, 1.87, 1.87, 1.87, 1.87, 1.87, 1.87]

Complementary Slackness per Finite Element
[-16.95, -16.95, -16.95, -16.95, -9.12, -16.27, -17.03, -17.03, -17.03, -17.03, -17.03, -17.03, -17.03, -17.03, -17.03, -17.03, -17.03, -17.03, -17.03, -17.03, -17.03, -17.03, -17.03, -17.03, -17.03, -17.03, -17.03, -17.03, -17.03, -17.03]

Feed Rates
[0.001, 0.002, 0.003, 0.006, 0.005, 0.003, 0.003, 0.003, 0.003, 0.003, 0.003, 0.003, 0.003, 0.003, 0.003, 0.003, 0.003, 0.004, 0.004, 0.004, 0.004, 0.004, 0.004, 0.004, 0.004, 0.004, 0.004, 0.004, 0.004, 0.004]

Growth Rates [h-1]
[0.189, 0.189, 0.189, 0.189, 0.07, 0.005, 0.005, 0.005, 0.005, 0.005, 0.005, 0.005, 0.005, 0.005, 0.005, 0.005, 0.005, 0.005, 0.005, 0.005, 0.005, 0.005, 0.005, 0.005, 0.005, 0.005, 0.005, 0.005, 0.005, 0.005]

Final Product Amount [mmol]
762.1038768932857

Final Biomass Amount [g]
9.721918418079262

Process End
70.0
#-------------------------