#-------------------------
Termination Status
LOCALLY_SOLVED

Time Elapsed
32.044231938

Objective Value
125.43739169879704

Normalized Complementary Slackness
-16.2814486357678

Finite Elements
[2.2, 2.2, 2.2, 2.2, 2.2, 2.2, 2.2, 2.2, 2.2, 2.2, 2.2, 2.2, 2.2, 2.2, 2.2, 1.47, 1.47, 1.47, 1.47, 1.47, 1.47, 1.47, 1.47, 1.47, 1.47, 1.47, 1.47, 1.47, 1.47, 1.47]

Complementary Slackness per Finite Element
[-16.95, -16.95, -16.95, -16.95, -10.48, -13.05, -16.55, -16.55, -16.55, -16.55, -16.55, -16.55, -16.55, -16.55, -16.55, -16.55, -16.55, -16.55, -16.55, -16.55, -16.55, -16.55, -16.55, -16.55, -16.55, -16.55, -16.55, -16.55, -16.55, -16.55]

Feed Rates
[0.001, 0.002, 0.003, 0.004, 0.004, 0.002, 0.003, 0.003, 0.003, 0.003, 0.003, 0.003, 0.003, 0.004, 0.004, 0.004, 0.004, 0.004, 0.005, 0.005, 0.005, 0.005, 0.005, 0.005, 0.006, 0.006, 0.006, 0.006, 0.006, 0.007]

Growth Rates [h-1]
[0.189, 0.189, 0.189, 0.189, 0.091, 0.024, 0.024, 0.024, 0.024, 0.024, 0.024, 0.024, 0.024, 0.024, 0.024, 0.024, 0.024, 0.024, 0.024, 0.024, 0.024, 0.024, 0.024, 0.024, 0.024, 0.024, 0.024, 0.024, 0.024, 0.024]

Final Product Amount [mmol]
622.3565713424913

Final Biomass Amount [g]
13.055470273398129

Process End
55.0
#-------------------------