#-------------------------
Termination Status
LOCALLY_INFEASIBLE

Time Elapsed
15.573787839

Objective Value
45.54577202382262

Normalized Complementary Slackness
-15.306937025982611

Finite Elements
[1.07, 1.6, 1.6, 1.6, 1.6, 1.6, 1.6, 1.6, 1.6, 1.6, 1.6, 1.6, 1.6, 1.6, 1.6, 1.59, 1.07, 1.07, 1.07, 1.07, 1.07, 1.07, 1.07, 1.07, 1.07, 1.07, 1.07, 1.07, 1.07, 1.07]

Complementary Slackness per Finite Element
[-15.31, -15.31, -15.31, -15.31, -15.31, -15.31, -15.31, -15.31, -15.31, -15.31, -15.31, -15.31, -15.31, -15.31, -15.31, -15.31, -15.31, -15.31, -15.31, -15.31, -15.31, -15.31, -15.31, -15.31, -15.31, -15.31, -15.31, -15.31, -15.31, -15.31]

Feed Rates
[0.001, 0.0, 0.0, 0.0, 0.0, 0.0, 0.0, 0.0, 0.0, 0.0, 0.0, 0.001, 0.001, 0.001, 0.002, 0.002, 0.003, 0.004, 0.004, 0.005, 0.006, 0.008, 0.01, 0.012, 0.014, 0.018, 0.022, 0.027, 0.032, 0.04]

Growth Rates [h-1]
[0.189, 0.189, 0.189, 0.189, 0.189, 0.189, 0.189, 0.189, 0.189, 0.189, 0.189, 0.189, 0.189, 0.189, 0.189, 0.189, 0.189, 0.189, 0.189, 0.189, 0.189, 0.189, 0.189, 0.189, 0.189, 0.189, 0.189, 0.189, 0.189, 0.189]

Final Product Amount [mmol]
226.88412157853259

Final Biomass Amount [g]
31.041577789303766

Process End
40.0
#-------------------------