#-------------------------
Termination Status
LOCALLY_INFEASIBLE

Time Elapsed
18.649314079

Objective Value
67.98932248908014

Normalized Complementary Slackness
-18.438913985381824

Finite Elements
[0.75, 1.12, 1.12, 1.12, 1.12, 1.12, 1.12, 1.12, 1.12, 1.12, 1.12, 1.12, 1.12, 1.12, 1.12, 1.02, 0.85, 0.75, 0.75, 0.75, 0.75, 0.75, 0.75, 0.75, 0.75, 0.75, 0.75, 0.75, 0.75, 0.75]

Complementary Slackness per Finite Element
[-18.31, -18.32, -18.32, -18.32, -18.32, -18.32, -18.32, -18.32, -18.32, -18.42, -18.42, -18.41, -18.41, -18.45, -18.45, -18.46, -18.44, -18.46, -18.48, -18.49, -18.5, -18.51, -18.53, -18.54, -18.52, -18.54, -18.55, -18.56, -18.57, -18.58]

Feed Rates
[0.001, 0.0, 0.0, 0.0, 0.001, 0.001, 0.001, 0.001, 0.001, 0.002, 0.002, 0.002, 0.003, 0.004, 0.004, 0.005, 0.007, 0.008, 0.009, 0.01, 0.012, 0.014, 0.016, 0.018, 0.021, 0.024, 0.028, 0.032, 0.037, 0.042]

Growth Rates [h-1]
[0.189, 0.189, 0.189, 0.189, 0.189, 0.189, 0.189, 0.189, 0.189, 0.189, 0.189, 0.189, 0.189, 0.189, 0.189, 0.189, 0.189, 0.189, 0.189, 0.189, 0.189, 0.189, 0.189, 0.189, 0.189, 0.189, 0.189, 0.189, 0.189, 0.189]

Final Product Amount [mmol]
226.8192248578163

Final Biomass Amount [g]
31.243510765568814

Process End
28.0
#-------------------------