#-------------------------
Termination Status
LOCALLY_SOLVED

Time Elapsed
291.722082341

Objective Value
325.3121075985918

Normalized Complementary Slackness
-15.762055005555387

Finite Elements
[0.82, 0.82, 0.82, 0.82, 0.82, 0.82, 0.82, 0.82, 0.82, 0.82, 0.82, 0.82, 0.82, 0.55, 0.55, 0.55, 0.55, 0.82, 0.82, 0.55, 0.55, 0.55, 0.55, 0.55, 0.55, 0.55, 0.55, 0.55, 0.55, 0.55]

Complementary Slackness per Finite Element
[-16.7, -16.7, -16.7, -16.7, -16.7, -16.7, -16.7, -16.7, -16.7, -16.7, -16.7, -16.7, -16.7, -16.7, -16.7, -16.7, -16.7, -14.54, -14.54, -14.54, -14.54, -14.54, -14.54, -14.54, -14.54, -14.54, -14.54, -14.54, -14.54, -14.54]

Feed Rates
[0.001, 0.001, 0.002, 0.002, 0.002, 0.002, 0.003, 0.003, 0.004, 0.004, 0.005, 0.006, 0.007, 0.008, 0.009, 0.01, 0.011, 0.011, 0.012, 0.014, 0.015, 0.016, 0.018, 0.019, 0.021, 0.023, 0.024, 0.027, 0.029, 0.031]

Growth Rates [h-1]
[0.189, 0.189, 0.189, 0.189, 0.189, 0.189, 0.189, 0.189, 0.189, 0.189, 0.189, 0.189, 0.189, 0.189, 0.189, 0.189, 0.189, 0.153, 0.153, 0.153, 0.153, 0.153, 0.153, 0.153, 0.153, 0.153, 0.153, 0.153, 0.153, 0.153]

Final Product Amount [mmol]
329.5075085355594

Final Biomass Amount [g]
26.00972433909748

Process End
20.5
#-------------------------