#-------------------------
Termination Status
LOCALLY_INFEASIBLE

Time Elapsed
15.305254405

Objective Value
70.82639682888585

Normalized Complementary Slackness
-41.07585984134757

Finite Elements
[1.96, 1.96, 1.96, 1.96, 1.96, 1.96, 1.96, 1.96, 1.96, 1.96, 1.96, 1.96, 1.96, 1.96, 1.95, 1.32, 1.31, 1.31, 1.31, 1.31, 1.31, 1.31, 1.31, 1.31, 1.31, 1.31, 1.31, 1.31, 1.31, 1.31]

Complementary Slackness per Finite Element
[-41.57, -40.66, -40.63, -40.87, -41.16, -41.42, -41.62, -41.85, -41.83, -41.96, -42.03, -42.07, -42.1, -42.12, -42.15, -42.21, -42.22, -42.23, -42.2, -42.15, -42.24, -42.25, -42.24, -42.18, -37.47, -41.51, -37.25, -37.29, -37.34, -37.47]

Feed Rates
[0.001, 0.0, 0.0, 0.0, 0.0, 0.0, 0.0, 0.001, 0.001, 0.001, 0.001, 0.001, 0.002, 0.002, 0.002, 0.003, 0.004, 0.004, 0.005, 0.006, 0.007, 0.008, 0.009, 0.01, 0.012, 0.014, 0.016, 0.019, 0.022, 0.025]

Growth Rates [h-1]
[0.116, 0.116, 0.116, 0.116, 0.116, 0.116, 0.116, 0.116, 0.116, 0.116, 0.116, 0.116, 0.116, 0.116, 0.116, 0.116, 0.116, 0.116, 0.116, 0.116, 0.116, 0.116, 0.116, 0.116, 0.116, 0.116, 0.116, 0.116, 0.116, 0.116]

Final Product Amount [mmol]
509.5669774387835

Final Biomass Amount [g]
26.890692258695736

Process End
49.0
#-------------------------