#-------------------------
Termination Status
LOCALLY_INFEASIBLE

Time Elapsed
14.691656495

Objective Value
-18.174300531751527

Normalized Complementary Slackness
-183.91614852536065

Finite Elements
[0.99, 1.48, 1.48, 1.48, 1.48, 1.48, 1.48, 1.48, 1.48, 1.48, 1.48, 1.48, 1.48, 1.48, 1.47, 1.47, 1.0, 0.99, 0.99, 0.99, 0.99, 0.99, 0.99, 0.99, 0.99, 0.99, 0.99, 0.99, 0.99, 0.99]

Complementary Slackness per Finite Element
[-184.89, -184.69, -184.55, -184.5, -184.44, -184.4, -184.37, -184.36, -184.32, -184.23, -184.07, -183.75, -183.73, -183.61, -183.22, -183.64, -183.83, -183.85, -183.86, -183.73, -183.7, -183.61, -183.57, -183.53, -183.52, -183.48, -183.46, -183.47, -183.54, -183.56]

Feed Rates
[0.001, 0.0, 0.0, 0.0, 0.001, 0.001, 0.001, 0.001, 0.001, 0.001, 0.002, 0.002, 0.002, 0.003, 0.004, 0.004, 0.005, 0.006, 0.007, 0.008, 0.009, 0.01, 0.012, 0.014, 0.016, 0.018, 0.02, 0.023, 0.026, 0.03]

Growth Rates [h-1]
[0.134, 0.134, 0.134, 0.134, 0.134, 0.134, 0.134, 0.134, 0.134, 0.134, 0.134, 0.134, 0.134, 0.134, 0.134, 0.134, 0.134, 0.134, 0.134, 0.134, 0.134, 0.134, 0.134, 0.134, 0.134, 0.134, 0.134, 0.134, 0.134, 0.134]

Final Product Amount [mmol]
565.1349868001963

Final Biomass Amount [g]
28.39537490215097

Process End
37.0
#-------------------------