#-------------------------
Termination Status
LOCALLY_INFEASIBLE

Time Elapsed
14.137941661

Objective Value
726.9489350093193

Normalized Complementary Slackness
-27.546060256070657

Finite Elements
[0.75, 0.75, 0.75, 0.83, 0.81, 0.78, 0.78, 0.77, 0.77, 0.77, 0.77, 0.77, 0.94, 0.96, 0.96, 1.09, 1.09, 1.1, 1.1, 1.09, 1.09, 1.04, 1.09, 0.8, 1.1, 1.02, 1.1, 1.08, 1.11, 0.95]

Complementary Slackness per Finite Element
[-27.51, -27.27, -27.16, -27.08, -27.03, -27.02, -27.03, -27.06, -27.1, -27.16, -27.23, -27.35, -27.64, -26.72, -27.01, -27.54, -27.71, -27.66, -27.44, -27.86, -28.12, -28.62, -28.4, -28.36, -28.12, -28.11, -27.86, -27.76, -27.78, -27.65]

Feed Rates
[0.001, 0.001, 0.001, 0.002, 0.002, 0.002, 0.002, 0.003, 0.003, 0.003, 0.004, 0.004, 0.005, 0.006, 0.007, 0.008, 0.01, 0.012, 0.014, 0.017, 0.021, 0.025, 0.03, 0.036, 0.042, 0.05, 0.06, 0.072, 0.087, 0.105]

Growth Rates [h-1]
[0.171, 0.171, 0.171, 0.171, 0.171, 0.171, 0.171, 0.171, 0.171, 0.171, 0.171, 0.171, 0.171, 0.171, 0.171, 0.171, 0.171, 0.171, 0.171, 0.171, 0.171, 0.171, 0.171, 0.171, 0.171, 0.171, 0.171, 0.171, 0.171, 0.171]

Final Product Amount [mmol]
739.8085667724744

Final Biomass Amount [g]
85.22768951794896

Process End
28.0
#-------------------------