#-------------------------
Termination Status
LOCALLY_INFEASIBLE

Time Elapsed
13.794915254

Objective Value
258.5037264436837

Normalized Complementary Slackness
-31.970272812603717

Finite Elements
[2.8, 2.8, 2.76, 2.45, 2.45, 2.43, 2.42, 2.39, 2.36, 2.32, 2.25, 2.16, 2.03, 1.9, 1.87, 1.87, 1.88, 1.87, 1.87, 1.87, 1.87, 1.87, 2.09, 2.64, 2.79, 2.8, 2.8, 2.8, 2.8, 2.8]

Complementary Slackness per Finite Element
[-32.42, -32.81, -32.4, -32.34, -32.29, -32.24, -32.21, -32.18, -32.15, -32.13, -32.11, -32.1, -32.09, -32.09, -32.09, -32.08, -32.29, -32.05, -32.02, -31.96, -31.89, -31.81, -31.53, -31.42, -31.4, -31.41, -31.4, -31.41, -31.41, -31.38]

Feed Rates
[0.001, 0.0, 0.0, 0.0, 0.0, 0.0, 0.0, 0.0, 0.0, 0.0, 0.0, 0.0, 0.0, 0.0, 0.0, 0.0, 0.0, 0.0, 0.0, 0.0, 0.001, 0.001, 0.001, 0.001, 0.002, 0.004, 0.006, 0.01, 0.015, 0.025]

Growth Rates [h-1]
[0.171, 0.171, 0.171, 0.171, 0.171, 0.171, 0.171, 0.171, 0.171, 0.171, 0.171, 0.171, 0.171, 0.171, 0.171, 0.171, 0.171, 0.171, 0.171, 0.171, 0.171, 0.171, 0.171, 0.171, 0.171, 0.171, 0.171, 0.171, 0.171, 0.171]

Final Product Amount [mmol]
287.75231840377063

Final Biomass Amount [g]
26.32701891546244

Process End
70.0
#-------------------------