#-------------------------
Termination Status
LOCALLY_SOLVED

Time Elapsed
518.424473903

Objective Value
39.51552827455612

Normalized Complementary Slackness
-20.89202696701967

Finite Elements
[0.4, 0.4, 0.4, 0.4, 0.4, 0.35, 0.27, 0.27, 0.27, 0.27, 0.27, 0.27, 0.27, 0.27, 0.27, 0.27, 0.27, 0.27, 0.27, 0.27, 0.31, 0.4, 0.4, 0.4, 0.4, 0.4, 0.4, 0.4, 0.4, 0.4]

Complementary Slackness per Finite Element
[-24.33, -24.33, -24.33, -24.33, -24.33, -24.33, -24.33, -24.33, -24.32, -24.32, -24.32, -24.32, -24.32, -24.32, -24.32, -24.32, -24.31, -24.31, -24.3, -24.29, -26.17, -13.5, -15.9, -12.11, -12.11, -12.11, -12.11, -12.11, -12.11, -12.11]

Feed Rates
[0.001, 0.001, 0.001, 0.001, 0.001, 0.002, 0.002, 0.002, 0.002, 0.002, 0.002, 0.002, 0.002, 0.002, 0.003, 0.003, 0.003, 0.003, 0.003, 0.003, 0.003, 0.003, 0.003, 0.003, 0.003, 0.003, 0.003, 0.003, 0.004, 0.004]

Growth Rates [h-1]
[0.189, 0.189, 0.189, 0.189, 0.189, 0.189, 0.189, 0.189, 0.189, 0.189, 0.189, 0.189, 0.189, 0.189, 0.189, 0.189, 0.189, 0.189, 0.189, 0.189, 0.181, 0.116, 0.116, 0.116, 0.116, 0.116, 0.116, 0.116, 0.116, 0.116]

Final Product Amount [mmol]
47.61770686323812

Final Biomass Amount [g]
3.6100185785091248

Process End
10.0
#-------------------------