#-------------------------
Termination Status
LOCALLY_INFEASIBLE

Time Elapsed
17.731474199

Objective Value
315.58877175716543

Normalized Complementary Slackness
-20.708333842400503

Finite Elements
[0.59, 0.59, 0.59, 0.86, 0.72, 0.8, 0.87, 0.82, 0.87, 0.87, 0.84, 0.77, 0.73, 0.87, 0.87, 0.87, 0.87, 0.6, 0.63, 0.6, 0.6, 0.86, 0.86, 0.6, 0.6, 0.85, 0.6, 0.6, 0.6, 0.61]

Complementary Slackness per Finite Element
[-20.71, -20.71, -20.71, -20.71, -20.71, -20.71, -20.71, -20.71, -20.71, -20.71, -20.71, -20.71, -20.71, -20.71, -20.71, -20.71, -20.71, -20.71, -20.7, -20.71, -20.71, -20.71, -20.71, -20.71, -20.71, -20.71, -20.71, -20.71, -20.71, -20.71]

Feed Rates
[0.001, 0.001, 0.001, 0.002, 0.002, 0.002, 0.002, 0.003, 0.003, 0.004, 0.005, 0.005, 0.006, 0.007, 0.009, 0.01, 0.012, 0.014, 0.016, 0.018, 0.02, 0.022, 0.026, 0.03, 0.034, 0.039, 0.045, 0.05, 0.056, 0.063]

Growth Rates [h-1]
[0.189, 0.189, 0.189, 0.189, 0.189, 0.189, 0.189, 0.189, 0.189, 0.189, 0.189, 0.189, 0.189, 0.189, 0.189, 0.189, 0.189, 0.189, 0.189, 0.189, 0.189, 0.189, 0.189, 0.189, 0.189, 0.189, 0.189, 0.189, 0.189, 0.189]

Final Product Amount [mmol]
327.7723790181211

Final Biomass Amount [g]
45.80016721740847

Process End
22.0
#-------------------------