#-------------------------
Termination Status
LOCALLY_INFEASIBLE

Time Elapsed
16.950615961

Objective Value
69.38919787598573

Normalized Complementary Slackness
-222.0779204550282

Finite Elements
[1.49, 1.5, 1.5, 1.5, 1.5, 1.5, 1.5, 1.5, 1.52, 1.56, 2.19, 2.2, 1.52, 1.5, 1.5, 2.2, 2.2, 2.2, 2.2, 2.17, 2.2, 1.5, 2.14, 2.11, 2.1, 2.2, 2.2, 2.2, 1.91, 1.47]

Complementary Slackness per Finite Element
[-227.11, -226.83, -226.7, -226.61, -226.49, -226.21, -225.61, -224.95, -224.41, -224.11, -223.91, -222.21, -221.0, -220.57, -220.28, -219.38, -219.4, -219.59, -219.74, -219.79, -219.72, -220.42, -219.74, -219.79, -219.85, -219.8, -219.84, -219.7, -220.08, -218.54]

Feed Rates
[0.001, 0.001, 0.001, 0.001, 0.001, 0.001, 0.001, 0.001, 0.002, 0.002, 0.002, 0.002, 0.003, 0.003, 0.004, 0.004, 0.005, 0.006, 0.007, 0.008, 0.01, 0.012, 0.013, 0.016, 0.018, 0.022, 0.026, 0.031, 0.037, 0.042]

Growth Rates [h-1]
[0.079, 0.079, 0.079, 0.079, 0.079, 0.079, 0.079, 0.079, 0.079, 0.079, 0.079, 0.079, 0.079, 0.079, 0.079, 0.079, 0.079, 0.079, 0.079, 0.079, 0.079, 0.079, 0.079, 0.079, 0.079, 0.079, 0.079, 0.079, 0.079, 0.079]

Final Product Amount [mmol]
1444.4661412594353

Final Biomass Amount [g]
54.6321554072995

Process End
55.0
#-------------------------