#-------------------------
Termination Status
LOCALLY_SOLVED

Time Elapsed
559.467906218

Objective Value
82.56798198865133

Normalized Complementary Slackness
-15.324868680005059

Finite Elements
[0.52, 0.52, 0.52, 0.52, 0.52, 0.52, 0.52, 0.52, 0.52, 0.52, 0.52, 0.52, 0.52, 0.52, 0.52, 0.35, 0.35, 0.35, 0.35, 0.35, 0.35, 0.35, 0.35, 0.35, 0.35, 0.35, 0.35, 0.35, 0.35, 0.35]

Complementary Slackness per Finite Element
[-16.7, -16.7, -16.7, -16.7, -16.7, -16.7, -16.7, -16.7, -16.7, -16.7, -16.7, -14.53, -14.53, -14.53, -14.53, -14.53, -14.53, -14.53, -14.53, -14.53, -14.53, -14.53, -14.53, -14.53, -14.53, -14.53, -14.53, -14.53, -14.53, -14.53]

Feed Rates
[0.001, 0.001, 0.001, 0.001, 0.002, 0.002, 0.002, 0.002, 0.002, 0.003, 0.003, 0.003, 0.003, 0.003, 0.003, 0.004, 0.004, 0.004, 0.004, 0.005, 0.005, 0.005, 0.005, 0.006, 0.006, 0.006, 0.007, 0.007, 0.007, 0.008]

Growth Rates [h-1]
[0.189, 0.189, 0.189, 0.189, 0.189, 0.189, 0.189, 0.189, 0.189, 0.189, 0.189, 0.153, 0.153, 0.153, 0.153, 0.153, 0.153, 0.153, 0.153, 0.153, 0.153, 0.153, 0.153, 0.153, 0.153, 0.153, 0.153, 0.153, 0.153, 0.153]

Final Product Amount [mmol]
75.86112527857291

Final Biomass Amount [g]
6.370752192198301

Process End
13.0
#-------------------------