#-------------------------
Termination Status
LOCALLY_INFEASIBLE

Time Elapsed
13.806373082

Objective Value
199.32633578062593

Normalized Complementary Slackness
-216.4330607807247

Finite Elements
[1.5, 1.43, 1.11, 1.36, 1.34, 1.1, 1.07, 1.07, 1.07, 1.07, 1.07, 1.07, 1.07, 1.08, 1.08, 1.09, 1.12, 1.24, 1.45, 1.59, 1.6, 1.6, 1.6, 1.6, 1.6, 1.6, 1.6, 1.6, 1.6, 1.6]

Complementary Slackness per Finite Element
[-217.62, -217.48, -217.44, -217.4, -217.38, -217.18, -217.12, -217.05, -216.98, -216.89, -216.8, -216.7, -216.6, -216.5, -216.39, -216.29, -216.17, -216.14, -216.23, -215.88, -215.74, -215.79, -215.78, -215.77, -215.7, -215.62, -215.55, -216.19, -215.42, -215.19]

Feed Rates
[0.001, 0.001, 0.001, 0.001, 0.001, 0.002, 0.002, 0.002, 0.002, 0.003, 0.003, 0.004, 0.004, 0.005, 0.005, 0.006, 0.007, 0.008, 0.009, 0.011, 0.013, 0.015, 0.018, 0.022, 0.027, 0.032, 0.038, 0.046, 0.056, 0.067]

Growth Rates [h-1]
[0.116, 0.116, 0.116, 0.116, 0.116, 0.116, 0.116, 0.116, 0.116, 0.116, 0.116, 0.116, 0.116, 0.116, 0.116, 0.116, 0.116, 0.116, 0.116, 0.116, 0.116, 0.116, 0.116, 0.116, 0.116, 0.116, 0.116, 0.116, 0.116, 0.116]

Final Product Amount [mmol]
1556.0297334403529

Final Biomass Amount [g]
72.86304075163764

Process End
40.0
#-------------------------