#-------------------------
Termination Status
ALMOST_LOCALLY_SOLVED

Time Elapsed
85.339544763

Objective Value
285.5506015716881

Normalized Complementary Slackness
-15.502764550325534

Finite Elements
[0.76, 0.76, 0.76, 0.76, 0.76, 0.76, 0.76, 0.76, 0.76, 0.76, 0.76, 0.76, 0.53, 0.51, 0.51, 0.51, 0.51, 0.51, 0.76, 0.76, 0.74, 0.51, 0.51, 0.51, 0.51, 0.51, 0.51, 0.51, 0.51, 0.51]

Complementary Slackness per Finite Element
[-16.95, -16.95, -16.95, -16.95, -16.95, -16.95, -16.95, -16.95, -16.95, -16.95, -16.95, -16.95, -16.95, -16.95, -16.95, -16.95, -16.95, -16.95, -13.33, -13.33, -13.33, -13.33, -13.33, -13.33, -13.33, -13.33, -13.33, -13.33, -13.33, -13.33]

Feed Rates
[0.001, 0.001, 0.001, 0.002, 0.002, 0.002, 0.003, 0.003, 0.003, 0.004, 0.005, 0.005, 0.006, 0.007, 0.007, 0.008, 0.009, 0.01, 0.009, 0.01, 0.011, 0.012, 0.012, 0.013, 0.014, 0.015, 0.016, 0.017, 0.019, 0.02]

Growth Rates [h-1]
[0.189, 0.189, 0.189, 0.189, 0.189, 0.189, 0.189, 0.189, 0.189, 0.189, 0.189, 0.189, 0.189, 0.189, 0.189, 0.189, 0.189, 0.189, 0.134, 0.134, 0.134, 0.134, 0.134, 0.134, 0.134, 0.134, 0.134, 0.134, 0.134, 0.134]

Final Product Amount [mmol]
272.07530983724035

Final Biomass Amount [g]
17.80691778107982

Process End
19.0
#-------------------------