#-------------------------
Termination Status
LOCALLY_INFEASIBLE

Time Elapsed
15.068454644

Objective Value
33.303315333284694

Normalized Complementary Slackness
-42.56103136954767

Finite Elements
[2.56, 2.56, 2.56, 2.56, 2.56, 2.56, 2.56, 2.56, 2.56, 2.56, 2.56, 2.56, 2.41, 1.98, 1.73, 1.71, 1.71, 1.71, 1.71, 1.71, 1.71, 2.23, 2.29, 2.12, 1.72, 1.71, 1.71, 1.71, 1.71, 1.71]

Complementary Slackness per Finite Element
[-44.84, -42.66, -42.53, -42.6, -42.66, -42.72, -42.89, -42.73, -42.79, -42.7, -42.55, -42.61, -42.57, -42.51, -42.46, -42.41, -42.36, -42.31, -42.28, -42.28, -42.37, -42.24, -42.23, -42.22, -42.26, -42.31, -42.38, -42.46, -42.72, -42.21]

Feed Rates
[0.001, 0.0, 0.0, 0.0, 0.0, 0.0, 0.0, 0.0, 0.0, 0.0, 0.0, 0.0, 0.001, 0.001, 0.001, 0.001, 0.001, 0.002, 0.002, 0.002, 0.003, 0.004, 0.005, 0.006, 0.008, 0.01, 0.012, 0.014, 0.018, 0.021]

Growth Rates [h-1]
[0.116, 0.116, 0.116, 0.116, 0.116, 0.116, 0.116, 0.116, 0.116, 0.116, 0.116, 0.116, 0.116, 0.116, 0.116, 0.116, 0.116, 0.116, 0.116, 0.116, 0.116, 0.116, 0.116, 0.116, 0.116, 0.116, 0.116, 0.116, 0.116, 0.116]

Final Product Amount [mmol]
433.7029967719939

Final Biomass Amount [g]
23.428040203006837

Process End
64.0
#-------------------------