#-------------------------
Termination Status
LOCALLY_INFEASIBLE

Time Elapsed
15.55150227

Objective Value
2.749652094710086

Normalized Complementary Slackness
-235.97599102428387

Finite Elements
[1.39, 1.39, 1.39, 1.39, 1.39, 1.39, 1.39, 1.39, 1.39, 1.39, 1.39, 1.39, 1.45, 1.4, 1.41, 2.0, 2.0, 2.08, 2.08, 2.08, 2.08, 2.08, 2.08, 2.08, 2.08, 2.08, 2.08, 2.08, 2.08, 2.08]

Complementary Slackness per Finite Element
[-237.5, -237.36, -237.27, -237.21, -237.14, -237.08, -237.0, -236.92, -236.83, -236.72, -236.61, -236.49, -236.37, -236.25, -236.14, -235.84, -235.63, -235.43, -235.24, -235.09, -235.0, -234.94, -234.95, -234.98, -234.98, -235.02, -235.08, -235.12, -235.27, -233.83]

Feed Rates
[0.001, 0.001, 0.001, 0.001, 0.001, 0.001, 0.001, 0.001, 0.001, 0.002, 0.002, 0.002, 0.002, 0.003, 0.003, 0.003, 0.004, 0.004, 0.005, 0.006, 0.007, 0.009, 0.01, 0.012, 0.014, 0.017, 0.02, 0.023, 0.027, 0.032]

Growth Rates [h-1]
[0.079, 0.079, 0.079, 0.079, 0.079, 0.079, 0.079, 0.079, 0.079, 0.079, 0.079, 0.079, 0.079, 0.079, 0.079, 0.079, 0.079, 0.079, 0.079, 0.079, 0.079, 0.079, 0.079, 0.079, 0.079, 0.079, 0.079, 0.079, 0.079, 0.079]

Final Product Amount [mmol]
1134.7385989517704

Final Biomass Amount [g]
43.10873119030047

Process End
52.0
#-------------------------