#-------------------------
Termination Status
LOCALLY_INFEASIBLE

Time Elapsed
19.155216547

Objective Value
-79.43024390614008

Normalized Complementary Slackness
-244.54832408703376

Finite Elements
[1.24, 1.23, 1.23, 1.24, 1.24, 1.24, 1.24, 1.24, 1.24, 1.24, 1.25, 1.39, 1.25, 1.26, 1.27, 1.8, 1.81, 1.82, 1.82, 1.82, 1.82, 1.82, 1.82, 1.82, 1.82, 1.82, 1.82, 1.82, 1.8, 1.75]

Complementary Slackness per Finite Element
[-245.93, -245.86, -245.72, -245.62, -245.54, -245.48, -245.41, -245.35, -245.29, -245.22, -245.16, -245.1, -245.05, -245.0, -245.0, -244.01, -244.14, -244.05, -243.97, -243.83, -243.67, -243.57, -243.69, -243.62, -243.78, -243.68, -244.04, -242.87, -244.09, -242.7]

Feed Rates
[0.001, 0.001, 0.001, 0.001, 0.001, 0.001, 0.001, 0.001, 0.001, 0.001, 0.002, 0.002, 0.002, 0.002, 0.002, 0.003, 0.003, 0.004, 0.004, 0.005, 0.006, 0.006, 0.007, 0.009, 0.01, 0.012, 0.013, 0.015, 0.018, 0.02]

Growth Rates [h-1]
[0.079, 0.079, 0.079, 0.079, 0.079, 0.079, 0.079, 0.079, 0.079, 0.079, 0.079, 0.079, 0.079, 0.079, 0.079, 0.079, 0.079, 0.079, 0.079, 0.079, 0.079, 0.079, 0.079, 0.079, 0.079, 0.079, 0.079, 0.079, 0.079, 0.079]

Final Product Amount [mmol]
698.2148777322633

Final Biomass Amount [g]
26.841027501759118

Process End
46.0
#-------------------------