#-------------------------
Termination Status
LOCALLY_INFEASIBLE

Time Elapsed
17.325536558

Objective Value
471.649259886141

Normalized Complementary Slackness
-43.228973601685944

Finite Elements
[1.55, 2.32, 2.32, 2.32, 2.32, 2.32, 2.32, 2.25, 1.9, 1.56, 1.55, 1.55, 1.55, 1.55, 1.55, 1.85, 1.95, 2.06, 2.08, 2.15, 2.16, 2.17, 2.17, 2.16, 2.1, 1.96, 1.62, 1.55, 1.55, 1.55]

Complementary Slackness per Finite Element
[-45.48, -44.88, -43.98, -43.54, -43.42, -43.4, -43.36, -42.68, -42.21, -42.17, -42.24, -42.35, -42.51, -42.82, -42.57, -43.19, -43.21, -43.51, -43.38, -43.83, -43.63, -43.51, -43.49, -43.47, -43.43, -43.43, -43.43, -43.36, -44.32, -40.06]

Feed Rates
[0.001, 0.001, 0.0, 0.0, 0.0, 0.0, 0.0, 0.0, 0.0, 0.001, 0.001, 0.001, 0.001, 0.001, 0.001, 0.001, 0.002, 0.002, 0.002, 0.003, 0.003, 0.004, 0.005, 0.006, 0.008, 0.01, 0.012, 0.014, 0.016, 0.019]

Growth Rates [h-1]
[0.097, 0.097, 0.097, 0.097, 0.097, 0.097, 0.097, 0.097, 0.097, 0.097, 0.097, 0.097, 0.097, 0.097, 0.097, 0.097, 0.097, 0.097, 0.097, 0.097, 0.097, 0.097, 0.097, 0.097, 0.097, 0.097, 0.097, 0.097, 0.097, 0.097]

Final Product Amount [mmol]
504.83826800756526

Final Biomass Amount [g]
21.94896662157562

Process End
58.0
#-------------------------