#-------------------------
Termination Status
ALMOST_LOCALLY_SOLVED

Time Elapsed
258.928439213

Objective Value
19.525556474764453

Normalized Complementary Slackness
-18.691563533026926

Finite Elements
[0.4, 0.4, 0.4, 0.4, 0.4, 0.4, 0.4, 0.4, 0.38, 0.29, 0.27, 0.27, 0.27, 0.27, 0.27, 0.27, 0.27, 0.27, 0.27, 0.27, 0.27, 0.27, 0.27, 0.27, 0.4, 0.4, 0.4, 0.4, 0.4, 0.4]

Complementary Slackness per Finite Element
[-19.79, -19.75, -19.85, -19.88, -19.89, -19.87, -19.82, -19.74, -19.74, -17.36, -19.78, -19.7, -19.73, -19.73, -19.73, -19.73, -19.74, -19.72, -19.73, -19.78, -19.84, -19.85, -19.82, -20.02, -15.52, -14.53, -14.53, -14.53, -14.53, -14.53]

Feed Rates
[0.001, 0.001, 0.001, 0.001, 0.001, 0.002, 0.002, 0.002, 0.002, 0.002, 0.002, 0.002, 0.002, 0.003, 0.003, 0.003, 0.003, 0.003, 0.003, 0.004, 0.004, 0.004, 0.004, 0.004, 0.004, 0.004, 0.004, 0.005, 0.005, 0.005]

Growth Rates [h-1]
[0.189, 0.189, 0.189, 0.189, 0.189, 0.189, 0.189, 0.189, 0.189, 0.185, 0.189, 0.189, 0.189, 0.189, 0.189, 0.189, 0.189, 0.189, 0.189, 0.189, 0.189, 0.189, 0.189, 0.188, 0.153, 0.153, 0.153, 0.153, 0.153, 0.153]

Final Product Amount [mmol]
37.05398207344747

Final Biomass Amount [g]
4.3131127821531585

Process End
10.0
#-------------------------