#-------------------------
Termination Status
LOCALLY_INFEASIBLE

Time Elapsed
15.226315101

Objective Value
384.54252822752375

Normalized Complementary Slackness
-15.938784194026388

Finite Elements
[2.68, 2.68, 2.68, 2.47, 2.45, 2.41, 2.36, 2.26, 2.13, 1.94, 1.8, 1.79, 1.79, 1.79, 1.79, 1.79, 1.79, 1.79, 1.79, 1.79, 1.79, 1.83, 2.68, 2.68, 2.68, 2.68, 2.68, 2.68, 2.68, 2.68]

Complementary Slackness per Finite Element
[-15.96, -15.95, -15.94, -15.93, -15.91, -15.93, -15.93, -15.94, -15.94, -15.95, -15.95, -15.95, -15.96, -15.96, -15.96, -15.95, -15.96, -15.96, -15.96, -15.97, -15.96, -15.96, -15.93, -15.92, -15.9, -15.9, -15.91, -15.91, -15.91, -15.91]

Feed Rates
[0.001, 0.0, 0.0, 0.0, 0.0, 0.0, 0.0, 0.0, 0.0, 0.0, 0.0, 0.0, 0.0, 0.0, 0.0, 0.0, 0.0, 0.0, 0.0, 0.001, 0.001, 0.001, 0.001, 0.002, 0.003, 0.005, 0.007, 0.01, 0.016, 0.023]

Growth Rates [h-1]
[0.153, 0.153, 0.153, 0.153, 0.153, 0.153, 0.153, 0.153, 0.153, 0.153, 0.153, 0.153, 0.153, 0.153, 0.153, 0.153, 0.153, 0.153, 0.153, 0.153, 0.153, 0.153, 0.153, 0.153, 0.153, 0.153, 0.153, 0.153, 0.153, 0.153]

Final Product Amount [mmol]
396.193244656847

Final Biomass Amount [g]
25.53509139459137

Process End
67.0
#-------------------------