#-------------------------
Termination Status
LOCALLY_INFEASIBLE

Time Elapsed
15.196720685

Objective Value
49.5021233256918

Normalized Complementary Slackness
-94.98466313134958

Finite Elements
[1.02, 0.99, 0.99, 0.99, 0.99, 0.99, 0.99, 0.99, 0.99, 0.99, 0.99, 1.0, 1.0, 1.42, 1.46, 1.47, 1.47, 1.47, 1.47, 1.47, 1.47, 1.47, 1.47, 1.47, 1.47, 1.47, 1.47, 1.46, 1.03, 1.03]

Complementary Slackness per Finite Element
[-99.77, -97.95, -96.57, -95.7, -95.17, -94.91, -94.87, -95.04, -95.54, -96.25, -97.05, -97.54, -97.67, -97.86, -98.27, -96.57, -94.2, -93.9, -92.54, -92.3, -93.05, -93.83, -94.05, -94.1, -94.1, -94.02, -93.75, -92.85, -90.95, -89.17]

Feed Rates
[0.001, 0.001, 0.001, 0.001, 0.001, 0.001, 0.001, 0.001, 0.002, 0.002, 0.002, 0.002, 0.002, 0.002, 0.003, 0.003, 0.004, 0.004, 0.005, 0.006, 0.007, 0.008, 0.009, 0.01, 0.012, 0.014, 0.016, 0.018, 0.021, 0.023]

Growth Rates [h-1]
[0.097, 0.097, 0.097, 0.097, 0.097, 0.097, 0.097, 0.097, 0.097, 0.097, 0.097, 0.097, 0.097, 0.097, 0.097, 0.097, 0.097, 0.097, 0.097, 0.097, 0.097, 0.097, 0.097, 0.097, 0.097, 0.097, 0.097, 0.097, 0.097, 0.097]

Final Product Amount [mmol]
495.9561069221031

Final Biomass Amount [g]
26.05593635548691

Process End
37.0
#-------------------------