#-------------------------
Termination Status
LOCALLY_SOLVED

Time Elapsed
80.659933055

Objective Value
607.6533247089113

Normalized Complementary Slackness
-16.40937362181038

Finite Elements
[1.36, 1.36, 1.36, 1.36, 1.36, 1.36, 1.36, 1.36, 1.36, 1.36, 1.36, 1.36, 1.36, 1.36, 1.36, 0.91, 0.91, 0.91, 0.91, 0.91, 0.91, 0.91, 0.91, 0.91, 0.91, 0.91, 0.91, 0.91, 0.91, 0.91]

Complementary Slackness per Finite Element
[-16.95, -16.95, -16.95, -16.95, -16.95, -16.95, -16.95, -16.95, -16.95, -16.95, -16.95, -11.91, -5.31, -16.08, -17.03, -17.03, -17.03, -17.03, -17.03, -17.03, -17.03, -17.03, -17.03, -17.03, -17.03, -17.03, -17.03, -17.03, -17.03, -17.03]

Feed Rates
[0.001, 0.001, 0.002, 0.002, 0.003, 0.004, 0.005, 0.007, 0.009, 0.011, 0.015, 0.013, 0.006, 0.006, 0.006, 0.006, 0.006, 0.006, 0.006, 0.006, 0.006, 0.006, 0.006, 0.006, 0.006, 0.006, 0.006, 0.006, 0.006, 0.006]

Growth Rates [h-1]
[0.189, 0.189, 0.189, 0.189, 0.189, 0.189, 0.189, 0.189, 0.189, 0.189, 0.189, 0.113, 0.012, 0.005, 0.005, 0.005, 0.005, 0.005, 0.005, 0.005, 0.005, 0.005, 0.005, 0.005, 0.005, 0.005, 0.005, 0.005, 0.005, 0.005]

Final Product Amount [mmol]
596.3669921045049

Final Biomass Amount [g]
15.612143235243488

Process End
34.0
#-------------------------