#-------------------------
Termination Status
LOCALLY_INFEASIBLE

Time Elapsed
16.156665104

Objective Value
957.9668791426034

Normalized Complementary Slackness
-23.38040985184959

Finite Elements
[0.89, 0.83, 0.83, 0.83, 0.83, 0.83, 0.83, 0.83, 0.83, 1.01, 1.12, 1.16, 1.19, 1.2, 1.21, 1.21, 1.22, 1.22, 1.22, 1.22, 1.21, 0.87, 0.87, 0.87, 0.9, 0.97, 1.1, 1.24, 1.24, 1.24]

Complementary Slackness per Finite Element
[-23.68, -23.3, -23.19, -23.17, -23.33, -23.27, -23.3, -23.32, -23.39, -23.71, -23.59, -23.54, -23.45, -23.31, -23.39, -23.33, -23.38, -23.37, -23.3, -23.97, -23.22, -23.59, -23.61, -23.93, -23.44, -23.1, -23.63, -23.36, -22.95, -22.28]

Feed Rates
[0.001, 0.001, 0.001, 0.001, 0.002, 0.002, 0.002, 0.002, 0.003, 0.003, 0.003, 0.004, 0.005, 0.006, 0.007, 0.009, 0.01, 0.012, 0.015, 0.018, 0.022, 0.026, 0.029, 0.034, 0.038, 0.044, 0.051, 0.061, 0.074, 0.089]

Growth Rates [h-1]
[0.153, 0.153, 0.153, 0.153, 0.153, 0.153, 0.153, 0.153, 0.153, 0.153, 0.153, 0.153, 0.153, 0.153, 0.153, 0.153, 0.153, 0.153, 0.153, 0.153, 0.153, 0.153, 0.153, 0.153, 0.153, 0.153, 0.153, 0.153, 0.153, 0.153]

Final Product Amount [mmol]
962.3564913668451

Final Biomass Amount [g]
80.45794414507847

Process End
31.0
#-------------------------