#-------------------------
Termination Status
LOCALLY_INFEASIBLE

Time Elapsed
22.298239583

Objective Value
79.66048749639315

Normalized Complementary Slackness
-17.119105362077274

Finite Elements
[2.8, 2.26, 1.88, 1.87, 1.87, 1.87, 1.87, 1.87, 1.87, 1.87, 1.87, 1.87, 1.87, 1.87, 1.87, 1.87, 2.39, 2.8, 2.8, 2.8, 2.8, 2.8, 2.8, 2.8, 2.8, 2.8, 2.8, 2.8, 2.8, 2.8]

Complementary Slackness per Finite Element
[-17.6, -16.83, -17.09, -17.5, -17.46, -17.42, -17.3, -17.23, -17.18, -17.14, -17.13, -17.13, -17.16, -17.19, -17.1, -16.99, -17.04, -16.96, -17.11, -17.0, -17.06, -17.02, -16.96, -16.99, -17.0, -16.99, -16.98, -16.99, -17.0, -17.01]

Feed Rates
[0.001, 0.0, 0.0, 0.0, 0.0, 0.0, 0.0, 0.0, 0.0, 0.0, 0.0, 0.0, 0.001, 0.001, 0.001, 0.001, 0.001, 0.001, 0.001, 0.002, 0.002, 0.003, 0.003, 0.004, 0.005, 0.007, 0.008, 0.011, 0.013, 0.016]

Growth Rates [h-1]
[0.079, 0.079, 0.079, 0.079, 0.079, 0.079, 0.079, 0.079, 0.079, 0.079, 0.079, 0.079, 0.079, 0.079, 0.079, 0.079, 0.079, 0.079, 0.079, 0.079, 0.079, 0.079, 0.079, 0.079, 0.079, 0.079, 0.079, 0.079, 0.079, 0.079]

Final Product Amount [mmol]
605.5081851655272

Final Biomass Amount [g]
23.09924794489976

Process End
70.0
#-------------------------