#-------------------------
Termination Status
LOCALLY_SOLVED

Time Elapsed
70.317101424

Objective Value
154.56653673689505

Normalized Complementary Slackness
-15.828448165249835

Finite Elements
[0.82, 0.82, 0.82, 0.82, 0.82, 0.82, 0.82, 0.82, 0.82, 0.82, 0.82, 0.82, 0.82, 0.82, 0.71, 0.55, 0.55, 0.55, 0.65, 0.55, 0.55, 0.55, 0.55, 0.55, 0.55, 0.55, 0.55, 0.55, 0.55, 0.55]

Complementary Slackness per Finite Element
[-16.7, -16.7, -16.7, -16.7, -16.7, -16.7, -16.7, -16.7, -16.7, -16.7, -16.7, -16.7, -16.7, -16.7, -16.7, -16.7, -16.7, -16.7, -14.53, -14.53, -14.53, -14.53, -14.53, -14.53, -14.53, -14.53, -14.53, -14.53, -14.53, -14.53]

Feed Rates
[0.001, 0.001, 0.002, 0.002, 0.002, 0.002, 0.003, 0.003, 0.004, 0.004, 0.005, 0.006, 0.007, 0.008, 0.01, 0.011, 0.012, 0.014, 0.013, 0.014, 0.015, 0.017, 0.018, 0.02, 0.021, 0.023, 0.025, 0.028, 0.03, 0.033]

Growth Rates [h-1]
[0.189, 0.189, 0.189, 0.189, 0.189, 0.189, 0.189, 0.189, 0.189, 0.189, 0.189, 0.189, 0.189, 0.189, 0.189, 0.189, 0.189, 0.189, 0.153, 0.153, 0.153, 0.153, 0.153, 0.153, 0.153, 0.153, 0.153, 0.153, 0.153, 0.153]

Final Product Amount [mmol]
330.84556438177964

Final Biomass Amount [g]
26.971939011811216

Process End
20.5
#-------------------------