#-------------------------
Termination Status
LOCALLY_SOLVED

Time Elapsed
42.034688559

Objective Value
197.20300149829896

Normalized Complementary Slackness
-16.194483965690598

Finite Elements
[1.24, 1.24, 1.24, 1.24, 1.24, 1.24, 1.24, 1.24, 1.24, 1.24, 1.24, 1.24, 1.24, 1.24, 0.83, 0.83, 1.24, 0.83, 0.83, 0.83, 0.83, 0.83, 0.83, 0.83, 0.83, 0.83, 0.83, 0.83, 0.83, 0.83]

Complementary Slackness per Finite Element
[-16.95, -16.95, -16.95, -16.95, -16.95, -16.95, -16.95, -16.95, -16.95, -16.95, -16.95, -16.95, -16.95, -6.9, -5.31, -14.92, -17.03, -17.03, -17.03, -17.03, -17.03, -17.03, -17.03, -17.03, -17.03, -17.03, -17.03, -17.03, -17.03, -17.03]

Feed Rates
[0.001, 0.001, 0.002, 0.002, 0.003, 0.004, 0.005, 0.006, 0.007, 0.009, 0.012, 0.015, 0.019, 0.009, 0.007, 0.007, 0.007, 0.007, 0.007, 0.007, 0.007, 0.007, 0.007, 0.007, 0.007, 0.007, 0.007, 0.007, 0.007, 0.007]

Growth Rates [h-1]
[0.189, 0.189, 0.189, 0.189, 0.189, 0.189, 0.189, 0.189, 0.189, 0.189, 0.189, 0.189, 0.189, 0.037, 0.012, 0.005, 0.005, 0.005, 0.005, 0.005, 0.005, 0.005, 0.005, 0.005, 0.005, 0.005, 0.005, 0.005, 0.005, 0.005]

Final Product Amount [mmol]
582.0277623806189

Final Biomass Amount [g]
17.022736984038016

Process End
31.0
#-------------------------