#-------------------------
Termination Status
LOCALLY_INFEASIBLE

Time Elapsed
12.080370851

Objective Value
186.08959059750345

Normalized Complementary Slackness
-15.291699201254763

Finite Elements
[2.2, 2.2, 2.2, 2.2, 2.2, 2.2, 2.2, 2.2, 2.2, 2.2, 2.2, 2.16, 1.9, 1.6, 1.96, 1.72, 1.68, 1.7, 1.47, 1.47, 1.47, 1.47, 1.47, 1.47, 1.47, 1.88, 1.55, 1.47, 1.47, 1.47]

Complementary Slackness per Finite Element
[-15.29, -15.29, -15.29, -15.29, -15.29, -15.29, -15.29, -15.29, -15.29, -15.29, -15.29, -15.29, -15.29, -15.29, -15.29, -15.29, -15.29, -15.29, -15.29, -15.29, -15.29, -15.29, -15.29, -15.29, -15.29, -15.29, -15.29, -15.29, -15.29, -15.29]

Feed Rates
[0.001, 0.0, 0.0, 0.0, 0.0, 0.0, 0.0, 0.0, 0.0, 0.0, 0.0, 0.0, 0.0, 0.0, 0.0, 0.001, 0.001, 0.001, 0.001, 0.002, 0.002, 0.003, 0.004, 0.006, 0.007, 0.01, 0.014, 0.019, 0.025, 0.033]

Growth Rates [h-1]
[0.189, 0.189, 0.189, 0.189, 0.189, 0.189, 0.189, 0.189, 0.189, 0.189, 0.189, 0.189, 0.189, 0.189, 0.189, 0.189, 0.189, 0.189, 0.189, 0.189, 0.189, 0.189, 0.189, 0.189, 0.189, 0.189, 0.189, 0.189, 0.189, 0.189]

Final Product Amount [mmol]
198.59327954802976

Final Biomass Amount [g]
27.079972001873124

Process End
55.0
#-------------------------