#-------------------------
Termination Status
LOCALLY_INFEASIBLE

Time Elapsed
14.464561015

Objective Value
271.13795132920603

Normalized Complementary Slackness
-73.846486490721

Finite Elements
[1.96, 1.96, 1.96, 1.96, 1.96, 1.96, 1.96, 1.96, 1.96, 1.96, 1.96, 1.96, 1.96, 1.96, 1.94, 1.33, 1.31, 1.31, 1.31, 1.31, 1.31, 1.31, 1.31, 1.31, 1.31, 1.31, 1.31, 1.31, 1.31, 1.31]

Complementary Slackness per Finite Element
[-75.06, -73.49, -73.58, -73.63, -73.68, -73.72, -73.73, -73.59, -73.61, -73.51, -73.72, -73.92, -74.07, -74.12, -74.01, -73.84, -73.79, -73.75, -73.73, -73.74, -73.83, -73.89, -73.58, -73.95, -74.19, -74.06, -74.1, -73.72, -73.94, -73.86]

Feed Rates
[0.001, 0.0, 0.0, 0.0, 0.0, 0.0, 0.0, 0.0, 0.0, 0.0, 0.0, 0.001, 0.001, 0.001, 0.001, 0.002, 0.002, 0.003, 0.003, 0.004, 0.005, 0.006, 0.007, 0.008, 0.01, 0.013, 0.015, 0.019, 0.023, 0.028]

Growth Rates [h-1]
[0.153, 0.153, 0.153, 0.153, 0.153, 0.153, 0.153, 0.153, 0.153, 0.153, 0.153, 0.153, 0.153, 0.153, 0.153, 0.153, 0.153, 0.153, 0.153, 0.153, 0.153, 0.153, 0.153, 0.153, 0.153, 0.153, 0.153, 0.153, 0.153, 0.153]

Final Product Amount [mmol]
338.6568592311457

Final Biomass Amount [g]
25.61498187299077

Process End
49.0
#-------------------------