#-------------------------
Termination Status
LOCALLY_SOLVED

Time Elapsed
594.230204993

Objective Value
52.880407129940544

Normalized Complementary Slackness
-14.60279906991796

Finite Elements
[0.46, 0.46, 0.46, 0.46, 0.46, 0.46, 0.46, 0.46, 0.46, 0.46, 0.46, 0.46, 0.46, 0.46, 0.46, 0.31, 0.31, 0.31, 0.31, 0.31, 0.31, 0.31, 0.31, 0.31, 0.31, 0.31, 0.31, 0.31, 0.31, 0.31]

Complementary Slackness per Finite Element
[-16.95, -16.95, -16.95, -16.95, -16.95, -16.95, -16.95, -16.95, -16.95, -16.95, -16.95, -16.95, -16.95, -16.95, -16.95, -16.95, -16.95, -16.95, -16.95, -16.95, -16.95, -16.95, -14.28, -7.27, -7.27, -7.27, -7.27, -7.27, -7.27, -7.27]

Feed Rates
[0.001, 0.001, 0.001, 0.001, 0.002, 0.002, 0.002, 0.002, 0.002, 0.002, 0.003, 0.003, 0.003, 0.003, 0.004, 0.004, 0.004, 0.005, 0.005, 0.005, 0.005, 0.006, 0.005, 0.003, 0.003, 0.003, 0.003, 0.003, 0.003, 0.003]

Growth Rates [h-1]
[0.189, 0.189, 0.189, 0.189, 0.189, 0.189, 0.189, 0.189, 0.189, 0.189, 0.189, 0.189, 0.189, 0.189, 0.189, 0.189, 0.189, 0.189, 0.189, 0.189, 0.189, 0.189, 0.149, 0.042, 0.042, 0.042, 0.042, 0.042, 0.042, 0.042]

Final Product Amount [mmol]
75.19951306045118

Final Biomass Amount [g]
4.513433422068483

Process End
11.5
#-------------------------