#-------------------------
Termination Status
LOCALLY_INFEASIBLE

Time Elapsed
19.421690352

Objective Value
914.3826162854477

Normalized Complementary Slackness
-34.859369716103025

Finite Elements
[1.11, 0.84, 0.87, 0.86, 0.87, 0.88, 0.88, 0.89, 0.9, 0.94, 0.95, 1.0, 1.02, 1.05, 1.07, 1.07, 1.09, 1.09, 1.1, 1.08, 1.14, 1.07, 1.1, 1.09, 1.14, 1.14, 1.18, 1.2, 1.22, 1.14]

Complementary Slackness per Finite Element
[-31.9, -31.49, -31.62, -33.01, -33.12, -33.32, -33.35, -33.46, -32.59, -37.07, -33.92, -35.82, -35.9, -35.57, -36.2, -35.76, -35.94, -36.04, -35.96, -35.98, -35.79, -36.17, -35.95, -36.0, -36.12, -35.87, -35.67, -35.52, -35.42, -35.28]

Feed Rates
[0.001, 0.001, 0.001, 0.001, 0.002, 0.002, 0.002, 0.002, 0.003, 0.003, 0.004, 0.004, 0.005, 0.006, 0.007, 0.008, 0.01, 0.011, 0.013, 0.016, 0.019, 0.022, 0.026, 0.031, 0.037, 0.044, 0.052, 0.062, 0.075, 0.09]

Growth Rates [h-1]
[0.153, 0.153, 0.153, 0.153, 0.153, 0.153, 0.153, 0.153, 0.153, 0.153, 0.153, 0.153, 0.153, 0.153, 0.153, 0.153, 0.153, 0.153, 0.153, 0.153, 0.153, 0.153, 0.153, 0.153, 0.153, 0.153, 0.153, 0.153, 0.153, 0.153]

Final Product Amount [mmol]
930.5556514746913

Final Biomass Amount [g]
80.45794312058588

Process End
31.0
#-------------------------