#-------------------------
Termination Status
ALMOST_LOCALLY_SOLVED

Time Elapsed
490.548517948

Objective Value
189.77604355447593

Normalized Complementary Slackness
-14.696353617818975

Finite Elements
[0.64, 0.64, 0.64, 0.64, 0.64, 0.64, 0.64, 0.64, 0.64, 0.64, 0.64, 0.64, 0.64, 0.64, 0.46, 0.43, 0.61, 0.43, 0.43, 0.43, 0.43, 0.43, 0.43, 0.43, 0.43, 0.43, 0.43, 0.43, 0.43, 0.43]

Complementary Slackness per Finite Element
[-16.95, -16.95, -16.95, -16.95, -16.95, -16.95, -16.95, -16.95, -16.95, -16.95, -16.95, -16.95, -16.95, -16.95, -16.95, -16.95, -12.12, -12.12, -12.12, -12.12, -12.12, -12.12, -12.12, -12.12, -12.12, -12.12, -12.12, -12.12, -12.12, -12.12]

Feed Rates
[0.001, 0.001, 0.001, 0.002, 0.002, 0.002, 0.002, 0.003, 0.003, 0.003, 0.004, 0.004, 0.005, 0.005, 0.006, 0.007, 0.005, 0.005, 0.006, 0.006, 0.006, 0.006, 0.007, 0.007, 0.008, 0.008, 0.008, 0.009, 0.009, 0.01]

Growth Rates [h-1]
[0.189, 0.189, 0.189, 0.189, 0.189, 0.189, 0.189, 0.189, 0.189, 0.189, 0.189, 0.189, 0.189, 0.189, 0.189, 0.189, 0.116, 0.116, 0.116, 0.116, 0.116, 0.116, 0.116, 0.116, 0.116, 0.116, 0.116, 0.116, 0.116, 0.116]

Final Product Amount [mmol]
164.5931559137889

Final Biomass Amount [g]
9.343433371482076

Process End
16.0
#-------------------------