#-------------------------
Termination Status
LOCALLY_INFEASIBLE

Time Elapsed
15.383855088

Objective Value
7.6516752360128635

Normalized Complementary Slackness
-179.59772603251895

Finite Elements
[1.74, 2.49, 2.32, 1.75, 1.76, 1.75, 2.47, 1.75, 1.75, 1.96, 1.75, 1.93, 1.75, 1.82, 1.76, 2.5, 1.76, 1.8, 1.75, 2.51, 2.56, 2.47, 2.34, 2.56, 2.4, 2.5, 2.51, 2.56, 2.53, 2.51]

Complementary Slackness per Finite Element
[-182.8, -181.75, -180.77, -180.12, -179.88, -179.64, -179.58, -179.36, -179.29, -179.22, -179.16, -179.13, -179.12, -179.15, -179.35, -179.82, -179.36, -178.98, -179.23, -178.83, -179.08, -179.05, -178.96, -179.15, -179.04, -179.07, -179.3, -179.66, -179.29, -180.8]

Feed Rates
[0.001, 0.001, 0.001, 0.001, 0.001, 0.001, 0.001, 0.001, 0.001, 0.002, 0.002, 0.002, 0.002, 0.002, 0.003, 0.003, 0.004, 0.004, 0.004, 0.005, 0.006, 0.007, 0.008, 0.009, 0.01, 0.012, 0.014, 0.016, 0.019, 0.022]

Growth Rates [h-1]
[0.061, 0.061, 0.061, 0.061, 0.061, 0.061, 0.061, 0.061, 0.061, 0.061, 0.061, 0.061, 0.061, 0.061, 0.061, 0.061, 0.061, 0.061, 0.061, 0.061, 0.061, 0.061, 0.061, 0.061, 0.061, 0.061, 0.061, 0.061, 0.061, 0.061]

Final Product Amount [mmol]
1065.1093695061197

Final Biomass Amount [g]
34.23877085731296

Process End
64.0
#-------------------------