#-------------------------
Termination Status
LOCALLY_SOLVED

Time Elapsed
92.827948189

Objective Value
171.64123589559154

Normalized Complementary Slackness
-15.61927652850948

Finite Elements
[0.82, 0.82, 0.82, 0.82, 0.82, 0.82, 0.82, 0.82, 0.82, 0.82, 0.82, 0.82, 0.82, 0.82, 0.76, 0.55, 0.55, 0.55, 0.55, 0.61, 0.55, 0.55, 0.55, 0.55, 0.55, 0.55, 0.55, 0.55, 0.55, 0.55]

Complementary Slackness per Finite Element
[-16.95, -16.95, -16.95, -16.95, -16.95, -16.95, -16.95, -16.95, -16.95, -16.95, -16.95, -16.95, -16.95, -16.95, -16.95, -16.95, -16.95, -16.95, -16.95, -13.32, -13.32, -13.32, -13.32, -13.32, -13.32, -13.32, -13.32, -13.32, -13.32, -13.32]

Feed Rates
[0.001, 0.001, 0.002, 0.002, 0.002, 0.002, 0.003, 0.003, 0.004, 0.004, 0.005, 0.006, 0.007, 0.008, 0.01, 0.011, 0.012, 0.014, 0.015, 0.013, 0.014, 0.015, 0.016, 0.018, 0.019, 0.021, 0.022, 0.024, 0.026, 0.027]

Growth Rates [h-1]
[0.189, 0.189, 0.189, 0.189, 0.189, 0.189, 0.189, 0.189, 0.189, 0.189, 0.189, 0.189, 0.189, 0.189, 0.189, 0.189, 0.189, 0.189, 0.189, 0.134, 0.134, 0.134, 0.134, 0.134, 0.134, 0.134, 0.134, 0.134, 0.134, 0.134]

Final Product Amount [mmol]
364.2952055259418

Final Biomass Amount [g]
24.645962561128073

Process End
20.5
#-------------------------