#-------------------------
Termination Status
LOCALLY_INFEASIBLE

Time Elapsed
18.791403261

Objective Value
532.8487488442048

Normalized Complementary Slackness
-15.904633221484524

Finite Elements
[2.68, 2.68, 2.68, 2.68, 2.68, 2.68, 2.68, 2.68, 2.67, 2.53, 1.79, 1.79, 1.79, 1.79, 1.79, 1.79, 1.79, 1.79, 1.79, 1.79, 1.8, 2.11, 2.11, 1.8, 1.86, 2.11, 2.68, 2.68, 2.68, 2.68]

Complementary Slackness per Finite Element
[-16.62, -16.48, -16.06, -15.85, -16.12, -15.78, -15.67, -15.96, -15.94, -16.1, -15.97, -16.02, -15.86, -16.03, -15.99, -15.98, -16.12, -16.01, -15.92, -15.89, -15.73, -15.68, -15.69, -15.71, -15.74, -15.75, -15.73, -15.67, -15.53, -15.53]

Feed Rates
[0.001, 0.0, 0.0, 0.0, 0.0, 0.0, 0.0, 0.0, 0.0, 0.0, 0.0, 0.0, 0.0, 0.0, 0.0, 0.001, 0.001, 0.001, 0.001, 0.001, 0.002, 0.002, 0.003, 0.004, 0.005, 0.006, 0.008, 0.012, 0.017, 0.025]

Growth Rates [h-1]
[0.134, 0.134, 0.134, 0.134, 0.134, 0.134, 0.134, 0.134, 0.134, 0.134, 0.134, 0.134, 0.134, 0.134, 0.134, 0.134, 0.134, 0.134, 0.134, 0.134, 0.134, 0.134, 0.134, 0.134, 0.134, 0.134, 0.134, 0.134, 0.134, 0.134]

Final Product Amount [mmol]
542.1573797646631

Final Biomass Amount [g]
28.079899917529872

Process End
67.0
#-------------------------