#-------------------------
Termination Status
LOCALLY_INFEASIBLE

Time Elapsed
13.181368969

Objective Value
122.25426645697652

Normalized Complementary Slackness
-23.020227276244267

Finite Elements
[0.93, 0.93, 0.92, 0.66, 0.76, 0.64, 0.64, 0.64, 0.64, 0.63, 0.64, 0.64, 0.64, 0.64, 0.64, 0.68, 0.91, 0.92, 0.92, 0.66, 0.92, 0.92, 0.67, 0.92, 0.92, 0.86, 0.9, 0.91, 0.92, 0.91]

Complementary Slackness per Finite Element
[-22.1, -22.13, -22.23, -22.39, -22.4, -22.93, -22.98, -23.02, -23.08, -23.16, -23.23, -23.25, -23.33, -23.32, -23.07, -23.37, -23.3, -23.29, -22.98, -23.17, -23.2, -23.16, -23.29, -23.16, -23.16, -23.16, -23.18, -23.18, -23.19, -23.19]

Feed Rates
[0.001, 0.001, 0.001, 0.002, 0.002, 0.002, 0.002, 0.003, 0.003, 0.003, 0.004, 0.004, 0.004, 0.005, 0.006, 0.006, 0.007, 0.008, 0.01, 0.011, 0.013, 0.015, 0.017, 0.019, 0.023, 0.026, 0.031, 0.036, 0.042, 0.049]

Growth Rates [h-1]
[0.171, 0.171, 0.171, 0.171, 0.171, 0.171, 0.171, 0.171, 0.171, 0.171, 0.171, 0.171, 0.171, 0.171, 0.171, 0.171, 0.171, 0.171, 0.171, 0.171, 0.171, 0.171, 0.171, 0.171, 0.171, 0.171, 0.171, 0.171, 0.171, 0.171]

Final Product Amount [mmol]
323.899259032537

Final Biomass Amount [g]
39.48243656099418

Process End
23.5
#-------------------------