#-------------------------
Termination Status
LOCALLY_INFEASIBLE

Time Elapsed
18.138793278

Objective Value
430.77793838368245

Normalized Complementary Slackness
-55.30834409621813

Finite Elements
[1.39, 2.08, 2.08, 2.08, 2.08, 2.08, 2.08, 2.08, 2.08, 2.08, 2.08, 2.08, 2.08, 2.07, 2.03, 2.06, 1.46, 1.39, 1.39, 1.39, 1.39, 1.39, 1.39, 1.39, 1.39, 1.39, 1.39, 1.39, 1.39, 1.39]

Complementary Slackness per Finite Element
[-56.85, -55.92, -55.59, -55.41, -55.31, -55.26, -55.26, -55.32, -55.46, -55.7, -55.82, -55.94, -56.08, -56.21, -56.29, -56.39, -56.3, -55.99, -55.88, -55.95, -56.03, -55.04, -52.16, -52.9, -53.97, -55.03, -55.39, -55.5, -55.57, -50.73]

Feed Rates
[0.001, 0.0, 0.0, 0.0, 0.0, 0.0, 0.001, 0.001, 0.001, 0.001, 0.001, 0.001, 0.002, 0.002, 0.003, 0.003, 0.004, 0.004, 0.005, 0.006, 0.006, 0.007, 0.008, 0.01, 0.011, 0.013, 0.015, 0.017, 0.019, 0.022]

Growth Rates [h-1]
[0.097, 0.097, 0.097, 0.097, 0.097, 0.097, 0.097, 0.097, 0.097, 0.097, 0.097, 0.097, 0.097, 0.097, 0.097, 0.097, 0.097, 0.097, 0.097, 0.097, 0.097, 0.097, 0.097, 0.097, 0.097, 0.097, 0.097, 0.097, 0.097, 0.097]

Final Product Amount [mmol]
475.85095588379914

Final Biomass Amount [g]
25.306557680525998

Process End
52.0
#-------------------------