#-------------------------
Termination Status
LOCALLY_INFEASIBLE

Time Elapsed
16.962685366

Objective Value
95.02896588861422

Normalized Complementary Slackness
-20.26474014611756

Finite Elements
[1.96, 1.96, 1.96, 1.96, 1.96, 1.96, 1.96, 1.96, 1.96, 1.96, 1.96, 1.96, 1.96, 1.96, 1.93, 1.34, 1.31, 1.31, 1.31, 1.31, 1.31, 1.31, 1.31, 1.31, 1.31, 1.31, 1.31, 1.31, 1.31, 1.31]

Complementary Slackness per Finite Element
[-22.05, -19.8, -20.24, -20.43, -20.54, -20.47, -20.43, -20.42, -20.26, -22.48, -18.32, -20.23, -20.16, -20.14, -20.14, -20.15, -20.17, -20.15, -20.19, -19.91, -20.4, -19.93, -20.14, -20.11, -20.12, -20.07, -20.12, -20.1, -20.17, -20.11]

Feed Rates
[0.001, 0.0, 0.0, 0.0, 0.0, 0.0, 0.0, 0.0, 0.001, 0.001, 0.001, 0.001, 0.001, 0.002, 0.002, 0.003, 0.003, 0.004, 0.004, 0.005, 0.006, 0.007, 0.008, 0.009, 0.01, 0.012, 0.014, 0.016, 0.019, 0.022]

Growth Rates [h-1]
[0.116, 0.116, 0.116, 0.116, 0.116, 0.116, 0.116, 0.116, 0.116, 0.116, 0.116, 0.116, 0.116, 0.116, 0.116, 0.116, 0.116, 0.116, 0.116, 0.116, 0.116, 0.116, 0.116, 0.116, 0.116, 0.116, 0.116, 0.116, 0.116, 0.116]

Final Product Amount [mmol]
508.2788022743925

Final Biomass Amount [g]
23.542297016375187

Process End
49.0
#-------------------------