#-------------------------
Termination Status
LOCALLY_SOLVED

Time Elapsed
80.216125412

Objective Value
539.1403944973729

Normalized Complementary Slackness
-15.626666146612598

Finite Elements
[1.0, 1.0, 1.0, 1.0, 1.0, 1.0, 1.0, 1.0, 1.0, 1.0, 1.0, 1.0, 1.0, 1.0, 1.0, 0.67, 0.67, 0.67, 0.67, 0.67, 0.67, 0.67, 0.67, 0.67, 0.67, 0.67, 0.67, 0.67, 0.67, 0.67]

Complementary Slackness per Finite Element
[-16.95, -16.95, -16.95, -16.95, -16.95, -16.95, -16.95, -16.95, -16.95, -16.95, -16.95, -16.95, -16.95, -16.95, -16.95, -16.95, -16.95, -16.95, -6.3, -6.06, -6.06, -12.91, -16.55, -16.55, -16.55, -16.55, -16.55, -16.55, -16.55, -16.55]

Feed Rates
[0.001, 0.001, 0.002, 0.002, 0.002, 0.003, 0.003, 0.004, 0.005, 0.006, 0.007, 0.009, 0.011, 0.013, 0.016, 0.019, 0.021, 0.024, 0.01, 0.009, 0.01, 0.01, 0.01, 0.01, 0.01, 0.01, 0.011, 0.011, 0.011, 0.011]

Growth Rates [h-1]
[0.189, 0.189, 0.189, 0.189, 0.189, 0.189, 0.189, 0.189, 0.189, 0.189, 0.189, 0.189, 0.189, 0.189, 0.189, 0.189, 0.189, 0.189, 0.027, 0.024, 0.024, 0.024, 0.024, 0.024, 0.024, 0.024, 0.024, 0.024, 0.024, 0.024]

Final Product Amount [mmol]
536.1554891438781

Final Biomass Amount [g]
21.535331014325816

Process End
25.0
#-------------------------