#-------------------------
Termination Status
LOCALLY_SOLVED

Time Elapsed
78.465481906

Objective Value
704.4897187704571

Normalized Complementary Slackness
-16.210847752300204

Finite Elements
[1.72, 1.72, 1.72, 1.72, 1.72, 1.72, 1.72, 1.72, 1.72, 1.72, 1.72, 1.72, 1.72, 1.72, 1.72, 1.15, 1.15, 1.15, 1.15, 1.15, 1.15, 1.15, 1.15, 1.15, 1.15, 1.15, 1.15, 1.15, 1.15, 1.15]

Complementary Slackness per Finite Element
[-16.95, -16.95, -16.95, -16.95, -16.95, -16.95, -16.95, -11.96, -8.11, -16.55, -16.55, -16.55, -16.55, -16.55, -16.55, -16.55, -16.55, -16.55, -16.55, -16.55, -16.55, -16.55, -16.55, -16.55, -16.55, -16.55, -16.55, -16.55, -16.55, -16.55]

Feed Rates
[0.001, 0.002, 0.002, 0.003, 0.004, 0.006, 0.008, 0.008, 0.004, 0.005, 0.005, 0.005, 0.005, 0.005, 0.006, 0.006, 0.006, 0.006, 0.006, 0.007, 0.007, 0.007, 0.007, 0.007, 0.008, 0.008, 0.008, 0.008, 0.008, 0.009]

Growth Rates [h-1]
[0.189, 0.189, 0.189, 0.189, 0.189, 0.189, 0.189, 0.113, 0.024, 0.024, 0.024, 0.024, 0.024, 0.024, 0.024, 0.024, 0.024, 0.024, 0.024, 0.024, 0.024, 0.024, 0.024, 0.024, 0.024, 0.024, 0.024, 0.024, 0.024, 0.024]

Final Product Amount [mmol]
689.1377713785175

Final Biomass Amount [g]
16.899816297499058

Process End
43.0
#-------------------------