#-------------------------
Termination Status
LOCALLY_INFEASIBLE

Time Elapsed
17.464126729

Objective Value
220.9961101236267

Normalized Complementary Slackness
-25.34667407317842

Finite Elements
[0.67, 0.67, 0.67, 0.67, 0.79, 0.92, 0.95, 0.96, 0.97, 0.97, 0.98, 0.98, 0.98, 0.98, 0.98, 0.98, 0.98, 0.91, 0.69, 0.69, 0.95, 0.69, 0.68, 0.68, 0.68, 0.69, 0.7, 0.73, 0.8, 0.99]

Complementary Slackness per Finite Element
[-25.32, -25.33, -25.33, -25.33, -25.33, -25.35, -25.35, -25.35, -25.35, -25.35, -25.35, -25.35, -25.35, -25.35, -25.35, -25.35, -25.35, -25.35, -25.35, -25.35, -25.34, -25.33, -25.33, -25.33, -25.33, -25.34, -25.34, -25.36, -25.38, -25.4]

Feed Rates
[0.001, 0.001, 0.001, 0.002, 0.002, 0.002, 0.003, 0.003, 0.004, 0.004, 0.005, 0.006, 0.008, 0.009, 0.011, 0.013, 0.016, 0.019, 0.023, 0.026, 0.03, 0.036, 0.041, 0.046, 0.053, 0.06, 0.068, 0.078, 0.09, 0.105]

Growth Rates [h-1]
[0.189, 0.189, 0.189, 0.189, 0.189, 0.189, 0.189, 0.189, 0.189, 0.189, 0.189, 0.189, 0.189, 0.189, 0.189, 0.189, 0.189, 0.189, 0.189, 0.189, 0.189, 0.189, 0.189, 0.189, 0.189, 0.189, 0.189, 0.189, 0.189, 0.189]

Final Product Amount [mmol]
582.4744835459262

Final Biomass Amount [g]
80.84104693861893

Process End
25.0
#-------------------------