#-------------------------
Termination Status
LOCALLY_INFEASIBLE

Time Elapsed
15.098415449

Objective Value
487.3117616000274

Normalized Complementary Slackness
-103.65443203864636

Finite Elements
[1.23, 1.84, 1.84, 1.84, 1.84, 1.84, 1.84, 1.84, 1.84, 1.84, 1.84, 1.84, 1.84, 1.84, 1.83, 1.83, 1.24, 1.23, 1.23, 1.23, 1.23, 1.23, 1.23, 1.23, 1.23, 1.23, 1.23, 1.23, 1.23, 1.23]

Complementary Slackness per Finite Element
[-105.65, -105.19, -105.16, -105.06, -104.93, -104.65, -104.57, -103.98, -104.11, -103.73, -103.52, -103.51, -104.02, -103.52, -103.41, -103.18, -103.1, -103.13, -102.95, -102.99, -102.93, -102.8, -103.15, -103.39, -102.82, -103.19, -103.19, -103.11, -103.56, -101.12]

Feed Rates
[0.001, 0.0, 0.0, 0.0, 0.0, 0.0, 0.0, 0.001, 0.001, 0.001, 0.001, 0.001, 0.002, 0.002, 0.003, 0.003, 0.004, 0.005, 0.005, 0.006, 0.007, 0.008, 0.01, 0.011, 0.013, 0.015, 0.017, 0.019, 0.022, 0.026]

Growth Rates [h-1]
[0.116, 0.116, 0.116, 0.116, 0.116, 0.116, 0.116, 0.116, 0.116, 0.116, 0.116, 0.116, 0.116, 0.116, 0.116, 0.116, 0.116, 0.116, 0.116, 0.116, 0.116, 0.116, 0.116, 0.116, 0.116, 0.116, 0.116, 0.116, 0.116, 0.116]

Final Product Amount [mmol]
577.8459778972442

Final Biomass Amount [g]
26.948780370027286

Process End
46.0
#-------------------------