#-------------------------
Termination Status
LOCALLY_SOLVED

Time Elapsed
56.317243739

Objective Value
662.5269863501516

Normalized Complementary Slackness
-16.627607044797838

Finite Elements
[2.08, 2.08, 2.08, 2.08, 2.08, 2.08, 2.08, 2.08, 2.08, 2.08, 2.08, 2.08, 2.08, 2.08, 2.08, 1.39, 1.39, 1.39, 1.39, 1.39, 1.39, 1.39, 1.39, 1.39, 1.39, 1.39, 1.39, 1.39, 1.39, 1.39]

Complementary Slackness per Finite Element
[-16.95, -16.95, -16.95, -16.95, -16.95, -16.95, -9.38, -13.19, -17.03, -17.03, -17.03, -17.03, -17.03, -17.03, -17.03, -17.03, -17.03, -17.03, -17.03, -17.03, -17.03, -17.03, -17.03, -17.03, -17.03, -17.03, -17.03, -17.03, -17.03, -17.03]

Feed Rates
[0.001, 0.002, 0.003, 0.004, 0.006, 0.008, 0.006, 0.004, 0.004, 0.004, 0.004, 0.004, 0.004, 0.004, 0.004, 0.004, 0.004, 0.004, 0.004, 0.004, 0.004, 0.004, 0.004, 0.004, 0.004, 0.004, 0.004, 0.004, 0.004, 0.004]

Growth Rates [h-1]
[0.189, 0.189, 0.189, 0.189, 0.189, 0.189, 0.074, 0.005, 0.005, 0.005, 0.005, 0.005, 0.005, 0.005, 0.005, 0.005, 0.005, 0.005, 0.005, 0.005, 0.005, 0.005, 0.005, 0.005, 0.005, 0.005, 0.005, 0.005, 0.005, 0.005]

Final Product Amount [mmol]
645.7096031714261

Final Biomass Amount [g]
10.758162106891024

Process End
52.0
#-------------------------