#-------------------------
Termination Status
LOCALLY_INFEASIBLE

Time Elapsed
16.579399315

Objective Value
23.825370002172928

Normalized Complementary Slackness
-26.678235798647886

Finite Elements
[2.44, 2.44, 2.14, 2.12, 2.1, 2.07, 2.03, 1.98, 1.91, 1.81, 1.7, 1.64, 1.63, 1.63, 1.63, 1.63, 1.63, 1.63, 1.63, 1.63, 1.66, 2.44, 2.44, 2.44, 2.44, 2.44, 2.44, 2.44, 2.44, 2.44]

Complementary Slackness per Finite Element
[-27.08, -26.57, -26.62, -26.64, -26.67, -26.69, -26.71, -26.72, -26.7, -26.75, -26.76, -26.79, -26.78, -26.77, -26.77, -26.78, -26.77, -26.71, -26.7, -26.68, -26.67, -26.66, -26.66, -26.67, -26.64, -26.4, -26.23, -26.42, -26.58, -26.72]

Feed Rates
[0.001, 0.0, 0.0, 0.0, 0.0, 0.0, 0.0, 0.0, 0.0, 0.0, 0.0, 0.0, 0.0, 0.0, 0.0, 0.0, 0.0, 0.0, 0.0, 0.001, 0.001, 0.001, 0.001, 0.002, 0.003, 0.005, 0.007, 0.011, 0.017, 0.026]

Growth Rates [h-1]
[0.171, 0.171, 0.171, 0.171, 0.171, 0.171, 0.171, 0.171, 0.171, 0.171, 0.171, 0.171, 0.171, 0.171, 0.171, 0.171, 0.171, 0.171, 0.171, 0.171, 0.171, 0.171, 0.171, 0.171, 0.171, 0.171, 0.171, 0.171, 0.171, 0.171]

Final Product Amount [mmol]
289.4948917032067

Final Biomass Amount [g]
26.36571895141545

Process End
61.0
#-------------------------