#-------------------------
Termination Status
LOCALLY_INFEASIBLE

Time Elapsed
15.965692176

Objective Value
91.24946686460993

Normalized Complementary Slackness
-24.035437096515224

Finite Elements
[0.87, 0.61, 0.6, 0.59, 0.59, 0.59, 0.59, 0.6, 0.6, 0.6, 0.6, 0.71, 0.62, 0.86, 0.86, 0.87, 0.87, 0.87, 0.87, 0.87, 0.84, 0.86, 0.86, 0.86, 0.79, 0.85, 0.68, 0.8, 0.61, 0.62]

Complementary Slackness per Finite Element
[-23.8, -23.43, -23.4, -23.39, -23.38, -23.36, -23.39, -23.37, -23.39, -23.36, -23.31, -23.38, -23.23, -23.26, -24.96, -24.73, -24.51, -24.46, -24.46, -24.46, -24.42, -24.44, -24.45, -24.67, -24.7, -24.69, -24.69, -24.67, -24.65, -24.66]

Feed Rates
[0.001, 0.001, 0.001, 0.001, 0.002, 0.002, 0.002, 0.002, 0.002, 0.003, 0.003, 0.003, 0.004, 0.004, 0.005, 0.006, 0.006, 0.007, 0.009, 0.01, 0.012, 0.013, 0.016, 0.018, 0.021, 0.024, 0.028, 0.031, 0.035, 0.039]

Growth Rates [h-1]
[0.171, 0.171, 0.171, 0.171, 0.171, 0.171, 0.171, 0.171, 0.171, 0.171, 0.171, 0.171, 0.171, 0.171, 0.171, 0.171, 0.171, 0.171, 0.171, 0.171, 0.171, 0.171, 0.171, 0.171, 0.171, 0.171, 0.171, 0.171, 0.171, 0.171]

Final Product Amount [mmol]
239.68065505882242

Final Biomass Amount [g]
30.550034109144402

Process End
22.0
#-------------------------