#-------------------------
Termination Status
LOCALLY_INFEASIBLE

Time Elapsed
13.99704951

Objective Value
32.25634332362931

Normalized Complementary Slackness
-94.7441220715378

Finite Elements
[1.15, 1.72, 1.72, 1.72, 1.72, 1.72, 1.72, 1.72, 1.72, 1.72, 1.72, 1.72, 1.72, 1.72, 1.72, 1.7, 1.16, 1.15, 1.15, 1.15, 1.15, 1.15, 1.15, 1.15, 1.15, 1.15, 1.15, 1.15, 1.15, 1.15]

Complementary Slackness per Finite Element
[-95.27, -94.64, -94.54, -94.51, -94.57, -94.63, -94.72, -95.07, -95.09, -95.06, -95.0, -94.95, -94.88, -94.85, -94.73, -94.67, -94.64, -94.68, -94.7, -94.73, -94.75, -94.75, -95.03, -94.95, -95.01, -95.03, -94.99, -94.86, -94.51, -92.5]

Feed Rates
[0.001, 0.0, 0.0, 0.0, 0.0, 0.0, 0.0, 0.001, 0.001, 0.001, 0.001, 0.001, 0.002, 0.002, 0.003, 0.003, 0.004, 0.005, 0.005, 0.006, 0.007, 0.009, 0.01, 0.012, 0.014, 0.016, 0.019, 0.022, 0.025, 0.029]

Growth Rates [h-1]
[0.134, 0.134, 0.134, 0.134, 0.134, 0.134, 0.134, 0.134, 0.134, 0.134, 0.134, 0.134, 0.134, 0.134, 0.134, 0.134, 0.134, 0.134, 0.134, 0.134, 0.134, 0.134, 0.134, 0.134, 0.134, 0.134, 0.134, 0.134, 0.134, 0.134]

Final Product Amount [mmol]
500.10253290137194

Final Biomass Amount [g]
28.25804134467132

Process End
43.0
#-------------------------