#-------------------------
Termination Status
LOCALLY_INFEASIBLE

Time Elapsed
15.571170985

Objective Value
42.19659256896834

Normalized Complementary Slackness
-22.314260029890853

Finite Elements
[1.84, 1.84, 1.84, 1.84, 1.84, 1.84, 1.84, 1.84, 1.84, 1.84, 1.72, 1.36, 1.23, 1.23, 1.4, 1.52, 1.64, 1.7, 1.7, 1.64, 1.41, 1.23, 1.23, 1.23, 1.23, 1.23, 1.23, 1.23, 1.23, 1.23]

Complementary Slackness per Finite Element
[-22.5, -22.27, -22.29, -22.29, -22.3, -22.31, -22.32, -22.32, -22.33, -22.33, -22.33, -22.32, -22.32, -22.32, -22.29, -22.24, -22.24, -22.24, -22.24, -22.25, -22.26, -22.29, -22.31, -22.34, -22.36, -22.38, -22.38, -22.37, -22.36, -22.35]

Feed Rates
[0.001, 0.0, 0.0, 0.0, 0.0, 0.0, 0.0, 0.0, 0.0, 0.0, 0.0, 0.0, 0.001, 0.001, 0.001, 0.001, 0.001, 0.002, 0.003, 0.003, 0.005, 0.006, 0.007, 0.009, 0.011, 0.013, 0.017, 0.021, 0.025, 0.031]

Growth Rates [h-1]
[0.171, 0.171, 0.171, 0.171, 0.171, 0.171, 0.171, 0.171, 0.171, 0.171, 0.171, 0.171, 0.171, 0.171, 0.171, 0.171, 0.171, 0.171, 0.171, 0.171, 0.171, 0.171, 0.171, 0.171, 0.171, 0.171, 0.171, 0.171, 0.171, 0.171]

Final Product Amount [mmol]
274.3597749222751

Final Biomass Amount [g]
26.436901964870078

Process End
46.0
#-------------------------