#-------------------------
Termination Status
LOCALLY_INFEASIBLE

Time Elapsed
16.382080797

Objective Value
450.70025253112

Normalized Complementary Slackness
-48.69717430439327

Finite Elements
[1.07, 1.6, 1.6, 1.6, 1.6, 1.6, 1.6, 1.6, 1.6, 1.6, 1.6, 1.59, 1.59, 1.45, 1.31, 1.32, 1.12, 1.1, 1.1, 1.09, 1.36, 1.3, 1.12, 1.08, 1.07, 1.07, 1.07, 1.07, 1.07, 1.07]

Complementary Slackness per Finite Element
[-50.75, -49.38, -49.29, -49.21, -49.09, -49.08, -48.97, -48.83, -48.72, -48.62, -48.55, -48.5, -48.46, -48.43, -48.42, -48.41, -48.41, -48.41, -48.42, -48.41, -48.4, -48.41, -48.46, -48.47, -48.48, -48.5, -48.51, -48.53, -48.58, -48.21]

Feed Rates
[0.001, 0.0, 0.0, 0.0, 0.0, 0.0, 0.0, 0.001, 0.001, 0.001, 0.001, 0.001, 0.002, 0.002, 0.003, 0.003, 0.004, 0.004, 0.005, 0.006, 0.007, 0.008, 0.009, 0.011, 0.013, 0.015, 0.017, 0.02, 0.023, 0.026]

Growth Rates [h-1]
[0.134, 0.134, 0.134, 0.134, 0.134, 0.134, 0.134, 0.134, 0.134, 0.134, 0.134, 0.134, 0.134, 0.134, 0.134, 0.134, 0.134, 0.134, 0.134, 0.134, 0.134, 0.134, 0.134, 0.134, 0.134, 0.134, 0.134, 0.134, 0.134, 0.134]

Final Product Amount [mmol]
488.1874668062635

Final Biomass Amount [g]
24.791743270691555

Process End
40.0
#-------------------------