#-------------------------
Termination Status
LOCALLY_INFEASIBLE

Time Elapsed
16.259876609

Objective Value
248.9625573086339

Normalized Complementary Slackness
-23.20028453447798

Finite Elements
[1.84, 1.84, 1.84, 1.84, 1.84, 1.84, 1.84, 1.84, 1.84, 1.84, 1.76, 1.39, 1.23, 1.29, 1.23, 1.23, 1.23, 1.23, 1.23, 1.56, 1.69, 1.73, 1.73, 1.65, 1.31, 1.23, 1.23, 1.23, 1.23, 1.23]

Complementary Slackness per Finite Element
[-23.4, -23.11, -23.19, -23.03, -22.99, -23.11, -23.12, -23.12, -22.99, -23.03, -23.16, -23.14, -23.15, -23.17, -23.12, -23.08, -23.07, -23.07, -23.08, -23.14, -23.28, -23.35, -23.4, -23.4, -23.4, -23.27, -23.34, -23.4, -23.47, -23.43]

Feed Rates
[0.001, 0.0, 0.0, 0.0, 0.0, 0.0, 0.0, 0.0, 0.0, 0.0, 0.0, 0.0, 0.001, 0.001, 0.001, 0.001, 0.001, 0.002, 0.002, 0.003, 0.003, 0.005, 0.006, 0.008, 0.011, 0.013, 0.017, 0.021, 0.025, 0.031]

Growth Rates [h-1]
[0.171, 0.171, 0.171, 0.171, 0.171, 0.171, 0.171, 0.171, 0.171, 0.171, 0.171, 0.171, 0.171, 0.171, 0.171, 0.171, 0.171, 0.171, 0.171, 0.171, 0.171, 0.171, 0.171, 0.171, 0.171, 0.171, 0.171, 0.171, 0.171, 0.171]

Final Product Amount [mmol]
267.54595203377767

Final Biomass Amount [g]
26.436901954586677

Process End
46.0
#-------------------------