#-------------------------
Termination Status
LOCALLY_INFEASIBLE

Time Elapsed
15.062611679

Objective Value
143.4365225456102

Normalized Complementary Slackness
-20.596084446516407

Finite Elements
[2.8, 2.79, 2.79, 2.79, 2.28, 2.28, 2.27, 2.27, 2.26, 2.24, 2.25, 2.18, 2.14, 2.07, 1.98, 1.9, 1.88, 1.87, 1.87, 1.87, 1.87, 1.87, 1.89, 2.79, 2.8, 2.8, 2.8, 2.8, 2.8, 2.8]

Complementary Slackness per Finite Element
[-20.12, -20.42, -20.48, -20.48, -20.54, -20.54, -20.54, -20.54, -20.54, -20.55, -20.58, -20.64, -20.57, -20.64, -20.67, -20.68, -20.68, -20.68, -20.69, -20.68, -20.68, -20.68, -20.7, -20.68, -20.69, -20.68, -20.67, -20.71, -20.64, -20.48]

Feed Rates
[0.001, 0.0, 0.0, 0.0, 0.0, 0.0, 0.0, 0.0, 0.0, 0.0, 0.0, 0.0, 0.0, 0.0, 0.0, 0.0, 0.0, 0.0, 0.0, 0.0, 0.0, 0.0, 0.001, 0.001, 0.001, 0.002, 0.004, 0.007, 0.012, 0.02]

Growth Rates [h-1]
[0.189, 0.189, 0.189, 0.189, 0.189, 0.189, 0.189, 0.189, 0.189, 0.189, 0.189, 0.189, 0.189, 0.189, 0.189, 0.189, 0.189, 0.189, 0.189, 0.189, 0.189, 0.189, 0.189, 0.189, 0.189, 0.189, 0.189, 0.189, 0.189, 0.189]

Final Product Amount [mmol]
148.69722901266755

Final Biomass Amount [g]
20.198156945349375

Process End
70.0
#-------------------------