#-------------------------
Termination Status
LOCALLY_INFEASIBLE

Time Elapsed
15.718170108

Objective Value
59.19451444480508

Normalized Complementary Slackness
-65.25265703322101

Finite Elements
[1.07, 1.6, 1.6, 1.6, 1.6, 1.6, 1.6, 1.6, 1.6, 1.6, 1.6, 1.6, 1.6, 1.6, 1.6, 1.6, 1.07, 1.07, 1.07, 1.07, 1.07, 1.07, 1.07, 1.07, 1.07, 1.07, 1.07, 1.07, 1.07, 1.07]

Complementary Slackness per Finite Element
[-63.34, -63.73, -64.97, -65.12, -65.11, -65.05, -64.98, -64.81, -64.97, -64.92, -64.9, -64.88, -64.88, -64.88, -64.88, -64.91, -64.95, -65.58, -72.88, -63.88, -63.09, -63.31, -65.36, -71.83, -66.7, -65.22, -64.1, -63.03, -63.72, -67.58]

Feed Rates
[0.001, 0.0, 0.0, 0.0, 0.0, 0.0, 0.0, 0.001, 0.001, 0.001, 0.001, 0.001, 0.002, 0.002, 0.003, 0.003, 0.004, 0.005, 0.005, 0.006, 0.007, 0.008, 0.01, 0.011, 0.013, 0.015, 0.017, 0.02, 0.023, 0.026]

Growth Rates [h-1]
[0.134, 0.134, 0.134, 0.134, 0.134, 0.134, 0.134, 0.134, 0.134, 0.134, 0.134, 0.134, 0.134, 0.134, 0.134, 0.134, 0.134, 0.134, 0.134, 0.134, 0.134, 0.134, 0.134, 0.134, 0.134, 0.134, 0.134, 0.134, 0.134, 0.134]

Final Product Amount [mmol]
462.097157490784

Final Biomass Amount [g]
24.791703304953245

Process End
40.0
#-------------------------