#-------------------------
Termination Status
LOCALLY_SOLVED

Time Elapsed
101.405246402

Objective Value
216.4014882583307

Normalized Complementary Slackness
-14.808162367835125

Finite Elements
[1.12, 1.12, 1.12, 1.12, 1.12, 1.12, 1.12, 1.12, 1.12, 1.12, 1.12, 1.12, 1.12, 1.12, 1.12, 0.75, 0.75, 0.75, 0.75, 0.75, 0.75, 0.75, 0.75, 0.75, 0.75, 0.75, 0.75, 0.75, 0.75, 0.75]

Complementary Slackness per Finite Element
[-16.95, -16.95, -16.95, -16.95, -16.95, -16.95, -16.95, -16.95, -15.27, -10.9, -10.9, -10.9, -11.9, -14.63, -14.63, -14.63, -14.63, -14.63, -14.63, -14.63, -14.63, -14.63, -14.63, -14.63, -14.63, -14.63, -14.63, -14.63, -14.63, -14.63]

Feed Rates
[0.001, 0.001, 0.002, 0.002, 0.003, 0.003, 0.004, 0.005, 0.005, 0.005, 0.005, 0.006, 0.006, 0.007, 0.008, 0.009, 0.009, 0.01, 0.011, 0.012, 0.013, 0.014, 0.015, 0.016, 0.017, 0.018, 0.019, 0.021, 0.023, 0.024]

Growth Rates [h-1]
[0.189, 0.189, 0.189, 0.189, 0.189, 0.189, 0.189, 0.189, 0.164, 0.097, 0.097, 0.097, 0.097, 0.097, 0.097, 0.097, 0.097, 0.097, 0.097, 0.097, 0.097, 0.097, 0.097, 0.097, 0.097, 0.097, 0.097, 0.097, 0.097, 0.097]

Final Product Amount [mmol]
589.9730093945537

Final Biomass Amount [g]
26.654953718121572

Process End
28.0
#-------------------------