#-------------------------
Termination Status
LOCALLY_INFEASIBLE

Time Elapsed
16.431402611

Objective Value
4.3491121901645045

Normalized Complementary Slackness
-98.71447920872058

Finite Elements
[1.07, 1.6, 1.6, 1.6, 1.6, 1.6, 1.6, 1.6, 1.6, 1.6, 1.6, 1.6, 1.6, 1.6, 1.6, 1.59, 1.08, 1.07, 1.07, 1.07, 1.07, 1.07, 1.07, 1.07, 1.07, 1.07, 1.07, 1.07, 1.07, 1.07]

Complementary Slackness per Finite Element
[-99.7, -98.2, -98.35, -98.44, -98.47, -98.55, -98.4, -98.83, -98.8, -99.01, -99.01, -98.95, -98.86, -98.77, -98.68, -98.6, -98.47, -98.48, -98.55, -98.63, -98.72, -98.78, -98.86, -98.91, -98.9, -98.82, -98.65, -98.61, -98.63, -98.8]

Feed Rates
[0.001, 0.0, 0.0, 0.0, 0.0, 0.0, 0.0, 0.0, 0.001, 0.001, 0.001, 0.001, 0.002, 0.002, 0.002, 0.003, 0.004, 0.005, 0.006, 0.007, 0.008, 0.009, 0.011, 0.013, 0.015, 0.017, 0.02, 0.024, 0.028, 0.033]

Growth Rates [h-1]
[0.153, 0.153, 0.153, 0.153, 0.153, 0.153, 0.153, 0.153, 0.153, 0.153, 0.153, 0.153, 0.153, 0.153, 0.153, 0.153, 0.153, 0.153, 0.153, 0.153, 0.153, 0.153, 0.153, 0.153, 0.153, 0.153, 0.153, 0.153, 0.153, 0.153]

Final Product Amount [mmol]
379.67151802081844

Final Biomass Amount [g]
29.358560008620476

Process End
40.0
#-------------------------