#-------------------------
Termination Status
LOCALLY_INFEASIBLE

Time Elapsed
17.635531734

Objective Value
19.091853823264344

Normalized Complementary Slackness
-65.20463110876348

Finite Elements
[2.68, 2.68, 2.68, 2.68, 2.68, 2.68, 2.68, 2.68, 2.68, 2.68, 2.68, 2.68, 2.68, 2.68, 2.65, 1.82, 1.79, 1.79, 1.79, 1.79, 1.79, 1.79, 1.79, 1.79, 1.79, 1.79, 1.79, 1.79, 1.79, 1.79]

Complementary Slackness per Finite Element
[-68.48, -68.08, -67.47, -66.64, -65.84, -65.34, -65.16, -65.22, -65.45, -64.73, -64.88, -65.05, -65.19, -65.26, -65.27, -65.13, -65.07, -64.98, -64.88, -64.77, -64.65, -64.54, -64.43, -64.27, -64.49, -64.36, -64.33, -64.29, -64.5, -63.4]

Feed Rates
[0.001, 0.0, 0.0, 0.0, 0.0, 0.0, 0.0, 0.0, 0.0, 0.0, 0.0, 0.0, 0.0, 0.001, 0.001, 0.001, 0.001, 0.002, 0.002, 0.003, 0.003, 0.004, 0.005, 0.006, 0.008, 0.009, 0.011, 0.014, 0.017, 0.021]

Growth Rates [h-1]
[0.116, 0.116, 0.116, 0.116, 0.116, 0.116, 0.116, 0.116, 0.116, 0.116, 0.116, 0.116, 0.116, 0.116, 0.116, 0.116, 0.116, 0.116, 0.116, 0.116, 0.116, 0.116, 0.116, 0.116, 0.116, 0.116, 0.116, 0.116, 0.116, 0.116]

Final Product Amount [mmol]
508.15475806777533

Final Biomass Amount [g]
23.415343886723942

Process End
67.0
#-------------------------