#-------------------------
Termination Status
NUMERICAL_ERROR

Time Elapsed
55.832210369

Objective Value
583.3434031147513

Normalized Complementary Slackness
-15.357458954888083

Finite Elements
[1.0, 1.0, 1.0, 1.0, 1.0, 1.0, 1.0, 1.0, 1.0, 1.0, 1.0, 1.0, 1.0, 0.99, 0.98, 0.68, 0.67, 0.67, 0.67, 0.67, 0.67, 0.67, 0.67, 0.67, 0.67, 0.67, 0.67, 0.67, 0.67, 0.67]

Complementary Slackness per Finite Element
[-17.54, -17.54, -17.54, -17.54, -17.54, -17.54, -17.54, -17.54, -17.54, -17.54, -17.54, -17.53, -17.53, -12.93, -11.3, -11.3, -11.3, -11.3, -11.3, -12.64, -15.07, -15.07, -15.07, -15.07, -15.07, -15.07, -15.07, -15.07, -15.07, -15.07]

Feed Rates
[0.001, 0.001, 0.002, 0.002, 0.002, 0.003, 0.003, 0.004, 0.005, 0.006, 0.007, 0.009, 0.011, 0.009, 0.009, 0.01, 0.011, 0.011, 0.012, 0.013, 0.014, 0.015, 0.016, 0.017, 0.018, 0.019, 0.021, 0.022, 0.024, 0.025]

Growth Rates [h-1]
[0.189, 0.189, 0.189, 0.189, 0.189, 0.189, 0.189, 0.189, 0.189, 0.189, 0.189, 0.189, 0.189, 0.122, 0.098, 0.098, 0.098, 0.098, 0.098, 0.098, 0.098, 0.098, 0.098, 0.098, 0.098, 0.098, 0.098, 0.098, 0.098, 0.098]

Final Product Amount [mmol]
579.1046990337225

Final Biomass Amount [g]
27.395241362360036

Process End
25.0
#-------------------------