#-------------------------
Termination Status
LOCALLY_INFEASIBLE

Time Elapsed
19.564603764

Objective Value
364.8838480942172

Normalized Complementary Slackness
-27.2833380769325

Finite Elements
[2.8, 2.8, 2.8, 2.8, 2.8, 2.8, 2.8, 2.8, 2.8, 2.8, 2.8, 2.8, 2.8, 2.8, 2.73, 1.94, 1.87, 1.87, 1.87, 1.87, 1.87, 1.87, 1.87, 1.87, 1.87, 1.87, 1.87, 1.87, 1.87, 1.87]

Complementary Slackness per Finite Element
[-28.18, -27.06, -27.41, -27.28, -27.39, -27.34, -27.27, -27.21, -27.38, -27.34, -27.34, -27.28, -27.12, -27.25, -27.2, -26.8, -27.2, -27.19, -27.23, -27.17, -27.21, -27.26, -27.33, -27.37, -27.36, -27.32, -27.33, -27.5, -27.67, -26.51]

Feed Rates
[0.001, 0.0, 0.0, 0.0, 0.0, 0.0, 0.0, 0.0, 0.0, 0.001, 0.001, 0.001, 0.001, 0.001, 0.002, 0.002, 0.003, 0.003, 0.003, 0.004, 0.005, 0.005, 0.006, 0.007, 0.008, 0.01, 0.011, 0.013, 0.015, 0.017]

Growth Rates [h-1]
[0.079, 0.079, 0.079, 0.079, 0.079, 0.079, 0.079, 0.079, 0.079, 0.079, 0.079, 0.079, 0.079, 0.079, 0.079, 0.079, 0.079, 0.079, 0.079, 0.079, 0.079, 0.079, 0.079, 0.079, 0.079, 0.079, 0.079, 0.079, 0.079, 0.079]

Final Product Amount [mmol]
382.6942349474434

Final Biomass Amount [g]
23.09924797781267

Process End
70.0
#-------------------------