#-------------------------
Termination Status
LOCALLY_INFEASIBLE

Time Elapsed
14.725234827

Objective Value
101.31901263457891

Normalized Complementary Slackness
-38.91211388923696

Finite Elements
[0.92, 0.92, 1.18, 0.92, 0.92, 0.92, 0.92, 0.92, 0.93, 0.92, 0.93, 0.93, 1.17, 1.33, 1.33, 1.34, 1.34, 1.34, 1.34, 1.34, 1.34, 1.15, 1.33, 1.17, 1.16, 1.14, 1.14, 1.33, 1.34, 1.04]

Complementary Slackness per Finite Element
[-41.07, -39.83, -39.31, -38.96, -38.76, -38.64, -38.58, -38.56, -38.49, -38.44, -38.43, -38.45, -38.53, -38.66, -38.95, -38.84, -38.96, -38.94, -38.95, -38.91, -38.98, -39.29, -38.98, -38.92, -38.89, -38.91, -38.88, -38.87, -38.81, -38.55]

Feed Rates
[0.001, 0.001, 0.001, 0.001, 0.001, 0.001, 0.002, 0.002, 0.002, 0.002, 0.002, 0.003, 0.003, 0.003, 0.004, 0.005, 0.005, 0.006, 0.007, 0.008, 0.01, 0.011, 0.013, 0.015, 0.017, 0.02, 0.023, 0.026, 0.03, 0.035]

Growth Rates [h-1]
[0.116, 0.116, 0.116, 0.116, 0.116, 0.116, 0.116, 0.116, 0.116, 0.116, 0.116, 0.116, 0.116, 0.116, 0.116, 0.116, 0.116, 0.116, 0.116, 0.116, 0.116, 0.116, 0.116, 0.116, 0.116, 0.116, 0.116, 0.116, 0.116, 0.116]

Final Product Amount [mmol]
441.17070661657306

Final Biomass Amount [g]
36.3764225032397

Process End
34.0
#-------------------------