#-------------------------
Termination Status
LOCALLY_SOLVED

Time Elapsed
31.144182286

Objective Value
169.83996601102032

Normalized Complementary Slackness
-15.32086382649897

Finite Elements
[0.76, 0.76, 0.76, 0.76, 0.76, 0.76, 0.76, 0.76, 0.76, 0.76, 0.76, 0.76, 0.76, 0.76, 0.76, 0.51, 0.51, 0.51, 0.51, 0.51, 0.51, 0.51, 0.51, 0.51, 0.51, 0.51, 0.51, 0.51, 0.51, 0.51]

Complementary Slackness per Finite Element
[-16.95, -16.95, -16.95, -16.95, -16.95, -16.95, -16.95, -16.95, -16.95, -16.95, -16.95, -16.95, -16.95, -16.95, -16.95, -16.95, -16.95, -16.95, -16.95, -16.95, -16.95, -16.95, -16.95, -16.95, -16.47, -7.27, -7.27, -7.27, -7.27, -7.27]

Feed Rates
[0.001, 0.001, 0.001, 0.002, 0.002, 0.002, 0.003, 0.003, 0.003, 0.004, 0.005, 0.005, 0.006, 0.007, 0.008, 0.009, 0.01, 0.011, 0.013, 0.014, 0.015, 0.017, 0.019, 0.02, 0.022, 0.01, 0.01, 0.011, 0.011, 0.011]

Growth Rates [h-1]
[0.189, 0.189, 0.189, 0.189, 0.189, 0.189, 0.189, 0.189, 0.189, 0.189, 0.189, 0.189, 0.189, 0.189, 0.189, 0.189, 0.189, 0.189, 0.189, 0.189, 0.189, 0.189, 0.189, 0.189, 0.182, 0.042, 0.042, 0.042, 0.042, 0.042]

Final Product Amount [mmol]
337.94937093939234

Final Biomass Amount [g]
17.802769539764824

Process End
19.0
#-------------------------