#-------------------------
Termination Status
LOCALLY_SOLVED

Time Elapsed
53.905579067

Objective Value
627.4232445967053

Normalized Complementary Slackness
-16.252529004984765

Finite Elements
[1.96, 1.96, 1.96, 1.96, 1.96, 1.96, 1.96, 1.96, 1.96, 1.96, 1.96, 1.96, 1.96, 1.96, 1.96, 1.31, 1.31, 1.31, 1.31, 1.31, 1.31, 1.31, 1.31, 1.31, 1.31, 1.31, 1.31, 1.31, 1.31, 1.31]

Complementary Slackness per Finite Element
[-16.95, -16.95, -16.95, -16.95, -16.95, -12.01, -10.11, -16.55, -16.55, -16.55, -16.55, -16.55, -16.55, -16.55, -16.55, -16.55, -16.55, -16.55, -16.55, -16.55, -16.55, -16.55, -16.55, -16.55, -16.55, -16.55, -16.55, -16.55, -16.55, -16.55]

Feed Rates
[0.001, 0.002, 0.002, 0.003, 0.005, 0.005, 0.003, 0.003, 0.003, 0.003, 0.004, 0.004, 0.004, 0.004, 0.004, 0.005, 0.005, 0.005, 0.005, 0.005, 0.005, 0.005, 0.006, 0.006, 0.006, 0.006, 0.006, 0.007, 0.007, 0.007]

Growth Rates [h-1]
[0.189, 0.189, 0.189, 0.189, 0.189, 0.114, 0.024, 0.024, 0.024, 0.024, 0.024, 0.024, 0.024, 0.024, 0.024, 0.024, 0.024, 0.024, 0.024, 0.024, 0.024, 0.024, 0.024, 0.024, 0.024, 0.024, 0.024, 0.024, 0.024, 0.024]

Final Product Amount [mmol]
615.1693987872163

Final Biomass Amount [g]
13.762493742497327

Process End
49.0
#-------------------------