#-------------------------
Termination Status
LOCALLY_INFEASIBLE

Time Elapsed
19.448493647

Objective Value
260.2033053386114

Normalized Complementary Slackness
-18.187593979454395

Finite Elements
[0.83, 1.24, 1.24, 1.24, 1.24, 1.24, 1.15, 0.87, 0.83, 0.83, 0.83, 0.95, 1.05, 1.11, 1.15, 1.17, 1.19, 1.19, 1.2, 1.19, 1.19, 1.07, 1.1, 0.95, 0.83, 0.83, 0.83, 0.83, 0.83, 0.83]

Complementary Slackness per Finite Element
[-18.21, -18.22, -18.13, -18.06, -18.05, -18.06, -18.07, -18.06, -18.06, -18.05, -18.04, -18.05, -18.06, -18.06, -18.18, -18.14, -18.2, -18.22, -18.19, -18.24, -18.25, -18.25, -18.29, -18.46, -18.23, -18.24, -18.41, -18.3, -18.38, -18.48]

Feed Rates
[0.001, 0.0, 0.0, 0.0, 0.0, 0.001, 0.001, 0.001, 0.001, 0.001, 0.001, 0.001, 0.002, 0.002, 0.002, 0.003, 0.004, 0.004, 0.005, 0.006, 0.008, 0.01, 0.012, 0.014, 0.016, 0.019, 0.022, 0.025, 0.029, 0.033]

Growth Rates [h-1]
[0.171, 0.171, 0.171, 0.171, 0.171, 0.171, 0.171, 0.171, 0.171, 0.171, 0.171, 0.171, 0.171, 0.171, 0.171, 0.171, 0.171, 0.171, 0.171, 0.171, 0.171, 0.171, 0.171, 0.171, 0.171, 0.171, 0.171, 0.171, 0.171, 0.171]

Final Product Amount [mmol]
272.1198615831006

Final Biomass Amount [g]
26.639907713119456

Process End
31.0
#-------------------------