#-------------------------
Termination Status
LOCALLY_INFEASIBLE

Time Elapsed
16.07981319

Objective Value
48.539149924623395

Normalized Complementary Slackness
-23.083470952886522

Finite Elements
[1.07, 1.6, 1.6, 1.6, 1.6, 1.6, 1.6, 1.6, 1.6, 1.6, 1.6, 1.6, 1.6, 1.6, 1.6, 1.59, 1.08, 1.07, 1.07, 1.07, 1.07, 1.07, 1.07, 1.07, 1.07, 1.07, 1.07, 1.07, 1.07, 1.07]

Complementary Slackness per Finite Element
[-23.2, -22.98, -22.97, -22.97, -22.97, -22.97, -23.0, -23.05, -23.14, -23.16, -23.16, -23.15, -23.14, -23.12, -23.1, -23.09, -23.06, -23.07, -23.09, -23.11, -23.12, -23.13, -23.13, -23.13, -23.12, -23.11, -23.1, -23.08, -23.07, -23.03]

Feed Rates
[0.001, 0.0, 0.0, 0.0, 0.0, 0.0, 0.0, 0.0, 0.0, 0.0, 0.001, 0.001, 0.001, 0.001, 0.002, 0.002, 0.003, 0.004, 0.004, 0.005, 0.006, 0.007, 0.009, 0.011, 0.013, 0.015, 0.019, 0.022, 0.027, 0.032]

Growth Rates [h-1]
[0.171, 0.171, 0.171, 0.171, 0.171, 0.171, 0.171, 0.171, 0.171, 0.171, 0.171, 0.171, 0.171, 0.171, 0.171, 0.171, 0.171, 0.171, 0.171, 0.171, 0.171, 0.171, 0.171, 0.171, 0.171, 0.171, 0.171, 0.171, 0.171, 0.171]

Final Product Amount [mmol]
265.55445165086223

Final Biomass Amount [g]
26.492617044036464

Process End
40.0
#-------------------------