#-------------------------
Termination Status
LOCALLY_INFEASIBLE

Time Elapsed
15.030442299

Objective Value
132.08987571489052

Normalized Complementary Slackness
-24.28945074049249

Finite Elements
[0.96, 0.76, 0.76, 0.76, 0.82, 0.77, 1.06, 0.77, 1.03, 0.77, 0.78, 0.79, 0.83, 0.9, 1.02, 1.02, 0.93, 0.97, 0.96, 0.93, 1.09, 0.79, 1.1, 1.1, 0.95, 1.1, 1.09, 1.1, 1.11, 1.02]

Complementary Slackness per Finite Element
[-23.44, -22.56, -22.69, -22.89, -23.09, -23.35, -23.61, -23.68, -24.79, -24.63, -24.7, -24.79, -24.84, -24.76, -24.46, -24.83, -24.94, -24.81, -24.86, -24.86, -24.81, -24.76, -24.76, -24.74, -24.84, -24.59, -24.67, -24.54, -23.85, -24.55]

Feed Rates
[0.001, 0.001, 0.001, 0.001, 0.002, 0.002, 0.002, 0.002, 0.003, 0.003, 0.003, 0.004, 0.004, 0.005, 0.006, 0.007, 0.008, 0.009, 0.01, 0.012, 0.014, 0.016, 0.018, 0.022, 0.026, 0.03, 0.035, 0.041, 0.049, 0.058]

Growth Rates [h-1]
[0.153, 0.153, 0.153, 0.153, 0.153, 0.153, 0.153, 0.153, 0.153, 0.153, 0.153, 0.153, 0.153, 0.153, 0.153, 0.153, 0.153, 0.153, 0.153, 0.153, 0.153, 0.153, 0.153, 0.153, 0.153, 0.153, 0.153, 0.153, 0.153, 0.153]

Final Product Amount [mmol]
413.03251168654583

Final Biomass Amount [g]
50.905498966047034

Process End
28.0
#-------------------------