#-------------------------
Termination Status
LOCALLY_INFEASIBLE

Time Elapsed
15.366329059

Objective Value
161.89826836949752

Normalized Complementary Slackness
-21.053625112710886

Finite Elements
[0.84, 0.85, 0.89, 0.85, 1.0, 1.2, 0.92, 0.99, 0.88, 0.86, 0.85, 0.86, 0.87, 1.05, 1.18, 1.03, 0.86, 1.2, 0.86, 1.16, 1.21, 1.21, 0.88, 1.22, 1.22, 1.2, 1.22, 1.23, 1.23, 1.17]

Complementary Slackness per Finite Element
[-21.49, -20.28, -20.28, -20.44, -20.57, -20.79, -20.92, -20.95, -20.79, -20.75, -20.76, -20.63, -20.57, -21.65, -21.48, -21.23, -21.17, -21.33, -21.1, -21.25, -21.3, -21.29, -21.19, -21.29, -21.31, -21.29, -21.37, -21.45, -21.4, -21.29]

Feed Rates
[0.001, 0.001, 0.001, 0.001, 0.001, 0.002, 0.002, 0.002, 0.002, 0.003, 0.003, 0.003, 0.004, 0.004, 0.005, 0.006, 0.007, 0.007, 0.009, 0.01, 0.011, 0.013, 0.016, 0.018, 0.021, 0.025, 0.029, 0.034, 0.04, 0.047]

Growth Rates [h-1]
[0.134, 0.134, 0.134, 0.134, 0.134, 0.134, 0.134, 0.134, 0.134, 0.134, 0.134, 0.134, 0.134, 0.134, 0.134, 0.134, 0.134, 0.134, 0.134, 0.134, 0.134, 0.134, 0.134, 0.134, 0.134, 0.134, 0.134, 0.134, 0.134, 0.134]

Final Product Amount [mmol]
530.5303223763885

Final Biomass Amount [g]
45.47499161441861

Process End
31.0
#-------------------------