#-------------------------
Termination Status
LOCALLY_SOLVED

Time Elapsed
744.669999936

Objective Value
68.01437273257898

Normalized Complementary Slackness
-16.237920007522703

Finite Elements
[0.52, 0.52, 0.52, 0.52, 0.35, 0.35, 0.35, 0.35, 0.35, 0.35, 0.35, 0.35, 0.35, 0.35, 0.35, 0.35, 0.35, 0.35, 0.35, 0.52, 0.52, 0.52, 0.52, 0.52, 0.52, 0.52, 0.52, 0.52, 0.52, 0.51]

Complementary Slackness per Finite Element
[-16.34, -16.34, -16.34, -16.34, -16.34, -16.34, -16.34, -16.34, -16.34, -16.34, -16.34, -16.34, -16.34, -16.34, -16.34, -16.34, -16.34, -16.34, -16.34, -19.88, -15.68, -15.68, -15.68, -15.68, -15.68, -15.68, -15.68, -15.68, -15.68, -15.68]

Feed Rates
[0.001, 0.001, 0.001, 0.001, 0.002, 0.002, 0.002, 0.002, 0.002, 0.002, 0.002, 0.003, 0.003, 0.003, 0.003, 0.003, 0.004, 0.004, 0.004, 0.004, 0.004, 0.005, 0.005, 0.006, 0.006, 0.007, 0.008, 0.008, 0.009, 0.01]

Growth Rates [h-1]
[0.189, 0.189, 0.189, 0.189, 0.189, 0.189, 0.189, 0.189, 0.189, 0.189, 0.189, 0.189, 0.189, 0.189, 0.189, 0.189, 0.189, 0.189, 0.189, 0.171, 0.171, 0.171, 0.171, 0.171, 0.171, 0.171, 0.171, 0.171, 0.171, 0.171]

Final Product Amount [mmol]
66.35190760657983

Final Biomass Amount [g]
7.497963542084128

Process End
13.0
#-------------------------