#-------------------------
Termination Status
LOCALLY_INFEASIBLE

Time Elapsed
14.957503337

Objective Value
26.76479474476332

Normalized Complementary Slackness
-19.297905037494466

Finite Elements
[2.68, 2.68, 2.65, 2.1, 2.09, 2.08, 2.07, 2.05, 2.02, 1.98, 1.93, 1.87, 2.05, 1.8, 1.79, 1.79, 1.79, 1.79, 1.79, 1.8, 2.07, 2.68, 2.68, 2.68, 2.68, 2.68, 2.68, 2.68, 2.68, 2.68]

Complementary Slackness per Finite Element
[-19.32, -19.34, -19.36, -19.35, -19.37, -19.39, -19.37, -19.36, -19.36, -19.36, -19.35, -19.31, -19.29, -19.35, -19.34, -19.34, -19.31, -19.29, -19.33, -19.29, -19.29, -19.3, -19.26, -19.16, -19.22, -19.19, -19.15, -19.17, -19.2, -19.24]

Feed Rates
[0.001, 0.0, 0.0, 0.0, 0.0, 0.0, 0.0, 0.0, 0.0, 0.0, 0.0, 0.0, 0.0, 0.0, 0.0, 0.0, 0.0, 0.0, 0.0, 0.0, 0.0, 0.001, 0.001, 0.002, 0.003, 0.004, 0.006, 0.01, 0.016, 0.025]

Growth Rates [h-1]
[0.171, 0.171, 0.171, 0.171, 0.171, 0.171, 0.171, 0.171, 0.171, 0.171, 0.171, 0.171, 0.171, 0.171, 0.171, 0.171, 0.171, 0.171, 0.171, 0.171, 0.171, 0.171, 0.171, 0.171, 0.171, 0.171, 0.171, 0.171, 0.171, 0.171]

Final Product Amount [mmol]
289.45570665479954

Final Biomass Amount [g]
26.339979766738423

Process End
67.0
#-------------------------