#-------------------------
Termination Status
LOCALLY_INFEASIBLE

Time Elapsed
16.608521926

Objective Value
186.2883877323063

Normalized Complementary Slackness
-15.301380004983935

Finite Elements
[1.96, 1.96, 1.96, 1.96, 1.96, 1.96, 1.96, 1.95, 1.88, 1.69, 1.46, 1.31, 1.31, 1.31, 1.31, 1.31, 1.31, 1.35, 1.64, 1.8, 1.86, 1.87, 1.87, 1.85, 1.68, 1.31, 1.31, 1.31, 1.31, 1.31]

Complementary Slackness per Finite Element
[-15.3, -15.3, -15.3, -15.3, -15.3, -15.3, -15.3, -15.3, -15.3, -15.3, -15.3, -15.3, -15.3, -15.3, -15.3, -15.3, -15.3, -15.3, -15.3, -15.3, -15.3, -15.3, -15.3, -15.3, -15.3, -15.3, -15.3, -15.3, -15.3, -15.3]

Feed Rates
[0.001, 0.0, 0.0, 0.0, 0.0, 0.0, 0.0, 0.0, 0.0, 0.0, 0.0, 0.0, 0.0, 0.0, 0.0, 0.001, 0.001, 0.001, 0.001, 0.002, 0.002, 0.003, 0.005, 0.006, 0.009, 0.012, 0.016, 0.02, 0.026, 0.033]

Growth Rates [h-1]
[0.189, 0.189, 0.189, 0.189, 0.189, 0.189, 0.189, 0.189, 0.189, 0.189, 0.189, 0.189, 0.189, 0.189, 0.189, 0.189, 0.189, 0.189, 0.189, 0.189, 0.189, 0.189, 0.189, 0.189, 0.189, 0.189, 0.189, 0.189, 0.189, 0.189]

Final Product Amount [mmol]
198.6452291717569

Final Biomass Amount [g]
27.10910561151985

Process End
49.0
#-------------------------