#-------------------------
Termination Status
ALMOST_LOCALLY_SOLVED

Time Elapsed
444.782232866

Objective Value
127.79184150222585

Normalized Complementary Slackness
-15.43101542084836

Finite Elements
[0.58, 0.58, 0.58, 0.58, 0.58, 0.58, 0.58, 0.58, 0.41, 0.39, 0.39, 0.39, 0.39, 0.39, 0.39, 0.39, 0.39, 0.58, 0.58, 0.42, 0.46, 0.58, 0.54, 0.55, 0.58, 0.53, 0.39, 0.39, 0.39, 0.39]

Complementary Slackness per Finite Element
[-17.05, -17.05, -17.05, -17.05, -17.05, -17.05, -17.05, -17.05, -17.05, -17.05, -17.05, -17.05, -17.05, -17.05, -17.05, -17.05, -17.01, -13.32, -13.32, -13.32, -13.32, -13.32, -13.32, -13.32, -13.32, -13.32, -13.32, -13.32, -13.32, -13.32]

Feed Rates
[0.001, 0.001, 0.001, 0.002, 0.002, 0.002, 0.002, 0.002, 0.003, 0.003, 0.003, 0.003, 0.004, 0.004, 0.004, 0.004, 0.005, 0.004, 0.004, 0.005, 0.005, 0.005, 0.006, 0.006, 0.007, 0.007, 0.008, 0.008, 0.008, 0.009]

Growth Rates [h-1]
[0.189, 0.189, 0.189, 0.189, 0.189, 0.189, 0.189, 0.189, 0.189, 0.189, 0.189, 0.189, 0.189, 0.189, 0.189, 0.189, 0.188, 0.134, 0.134, 0.134, 0.134, 0.134, 0.134, 0.134, 0.134, 0.134, 0.134, 0.134, 0.134, 0.134]

Final Product Amount [mmol]
113.34758534325113

Final Biomass Amount [g]
7.786138924996496

Process End
14.5
#-------------------------