#-------------------------
Termination Status
LOCALLY_INFEASIBLE

Time Elapsed
15.827063314

Objective Value
82.68384257860069

Normalized Complementary Slackness
-20.169038808881606

Finite Elements
[2.2, 2.2, 2.2, 2.2, 2.2, 2.2, 2.2, 2.2, 2.2, 2.2, 2.2, 2.2, 2.2, 2.2, 2.19, 1.48, 1.47, 1.47, 1.47, 1.47, 1.47, 1.47, 1.47, 1.47, 1.47, 1.47, 1.47, 1.47, 1.47, 1.47]

Complementary Slackness per Finite Element
[-23.77, -20.08, -18.74, -18.53, -18.72, -19.39, -20.03, -20.52, -23.37, -18.47, -19.42, -20.37, -20.34, -20.29, -20.27, -20.25, -20.25, -20.24, -20.23, -20.23, -20.22, -20.21, -20.24, -20.09, -20.29, -20.2, -20.22, -20.21, -20.23, -19.66]

Feed Rates
[0.001, 0.0, 0.0, 0.0, 0.0, 0.0, 0.0, 0.0, 0.0, 0.0, 0.001, 0.001, 0.001, 0.001, 0.002, 0.002, 0.002, 0.003, 0.003, 0.004, 0.005, 0.006, 0.007, 0.008, 0.009, 0.011, 0.013, 0.016, 0.018, 0.022]

Growth Rates [h-1]
[0.116, 0.116, 0.116, 0.116, 0.116, 0.116, 0.116, 0.116, 0.116, 0.116, 0.116, 0.116, 0.116, 0.116, 0.116, 0.116, 0.116, 0.116, 0.116, 0.116, 0.116, 0.116, 0.116, 0.116, 0.116, 0.116, 0.116, 0.116, 0.116, 0.116]

Final Product Amount [mmol]
508.2120948965347

Final Biomass Amount [g]
23.48121796569638

Process End
55.0
#-------------------------