#-------------------------
Termination Status
LOCALLY_SOLVED

Time Elapsed
768.052063879

Objective Value
583.0338034635452

Normalized Complementary Slackness
-14.270201278146708

Finite Elements
[1.12, 1.12, 1.12, 1.12, 1.12, 1.12, 1.12, 1.12, 1.12, 1.12, 1.12, 1.12, 1.12, 1.12, 1.12, 0.75, 0.75, 0.75, 0.75, 0.75, 0.75, 0.75, 0.75, 0.75, 0.75, 0.75, 0.75, 0.75, 0.75, 0.75]

Complementary Slackness per Finite Element
[-16.95, -16.95, -16.95, -16.95, -16.95, -12.9, -12.11, -12.11, -12.11, -12.11, -13.61, -14.15, -14.15, -14.15, -15.67, -12.11, -14.15, -14.15, -14.15, -14.15, -14.15, -14.15, -14.15, -14.15, -14.15, -14.15, -14.15, -14.15, -14.15, -14.15]

Feed Rates
[0.001, 0.001, 0.002, 0.002, 0.003, 0.002, 0.003, 0.003, 0.003, 0.004, 0.004, 0.005, 0.006, 0.006, 0.007, 0.008, 0.009, 0.01, 0.011, 0.012, 0.013, 0.014, 0.015, 0.017, 0.018, 0.02, 0.021, 0.023, 0.026, 0.028]

Growth Rates [h-1]
[0.189, 0.189, 0.189, 0.189, 0.189, 0.128, 0.116, 0.116, 0.116, 0.116, 0.116, 0.116, 0.116, 0.116, 0.116, 0.116, 0.116, 0.116, 0.116, 0.116, 0.116, 0.116, 0.116, 0.116, 0.116, 0.116, 0.116, 0.116, 0.116, 0.116]

Final Product Amount [mmol]
578.3366315185372

Final Biomass Amount [g]
27.799659351225614

Process End
28.0
#-------------------------