#-------------------------
Termination Status
LOCALLY_INFEASIBLE

Time Elapsed
19.571181053

Objective Value
703.5149777870653

Normalized Complementary Slackness
-24.065345430932005

Finite Elements
[1.79, 1.79, 1.79, 1.79, 1.79, 1.79, 1.79, 1.79, 1.79, 1.79, 1.79, 1.79, 1.79, 1.79, 1.8, 2.68, 2.64, 2.68, 2.68, 2.68, 2.68, 2.68, 2.68, 2.68, 2.68, 2.68, 2.68, 2.68, 2.68, 2.68]

Complementary Slackness per Finite Element
[-23.08, -23.13, -23.55, -23.74, -23.84, -23.9, -23.94, -23.98, -24.02, -24.04, -24.05, -24.05, -24.1, -24.38, -24.39, -23.99, -24.19, -24.22, -24.23, -24.24, -24.26, -24.28, -24.29, -24.29, -24.3, -24.3, -24.31, -24.3, -24.3, -24.26]

Feed Rates
[0.001, 0.001, 0.001, 0.001, 0.001, 0.001, 0.001, 0.001, 0.001, 0.001, 0.002, 0.002, 0.002, 0.002, 0.002, 0.003, 0.003, 0.004, 0.004, 0.005, 0.006, 0.007, 0.009, 0.01, 0.012, 0.014, 0.016, 0.019, 0.023, 0.027]

Growth Rates [h-1]
[0.061, 0.061, 0.061, 0.061, 0.061, 0.061, 0.061, 0.061, 0.061, 0.061, 0.061, 0.061, 0.061, 0.061, 0.061, 0.061, 0.061, 0.061, 0.061, 0.061, 0.061, 0.061, 0.061, 0.061, 0.061, 0.061, 0.061, 0.061, 0.061, 0.061]

Final Product Amount [mmol]
712.138340883432

Final Biomass Amount [g]
41.060184747705186

Process End
67.0
#-------------------------