#-------------------------
Termination Status
LOCALLY_INFEASIBLE

Time Elapsed
14.985467918

Objective Value
231.765237829873

Normalized Complementary Slackness
-273.4219206173114

Finite Elements
[1.15, 1.72, 1.72, 1.72, 1.72, 1.72, 1.72, 1.72, 1.72, 1.72, 1.72, 1.72, 1.72, 1.72, 1.72, 1.72, 1.15, 1.15, 1.15, 1.15, 1.15, 1.15, 1.15, 1.15, 1.15, 1.15, 1.15, 1.15, 1.15, 1.15]

Complementary Slackness per Finite Element
[-274.48, -274.73, -274.59, -274.51, -274.45, -274.29, -274.21, -274.11, -273.98, -273.82, -273.61, -273.36, -273.06, -272.76, -272.35, -271.96, -272.86, -272.9, -273.02, -273.16, -273.42, -273.23, -273.02, -273.0, -273.01, -273.02, -273.01, -272.99, -272.95, -272.8]

Feed Rates
[0.001, 0.0, 0.0, 0.0, 0.0, 0.0, 0.0, 0.0, 0.001, 0.001, 0.001, 0.001, 0.001, 0.002, 0.002, 0.003, 0.003, 0.004, 0.005, 0.006, 0.006, 0.008, 0.009, 0.01, 0.012, 0.014, 0.016, 0.019, 0.022, 0.026]

Growth Rates [h-1]
[0.134, 0.134, 0.134, 0.134, 0.134, 0.134, 0.134, 0.134, 0.134, 0.134, 0.134, 0.134, 0.134, 0.134, 0.134, 0.134, 0.134, 0.134, 0.134, 0.134, 0.134, 0.134, 0.134, 0.134, 0.134, 0.134, 0.134, 0.134, 0.134, 0.134]

Final Product Amount [mmol]
495.0444191160165

Final Biomass Amount [g]
24.74107226473132

Process End
43.0
#-------------------------