#-------------------------
Termination Status
LOCALLY_INFEASIBLE

Time Elapsed
14.309032029

Objective Value
103.49507656306645

Normalized Complementary Slackness
-26.850802844345306

Finite Elements
[0.73, 0.68, 0.7, 0.68, 0.68, 0.67, 0.68, 0.68, 0.68, 0.68, 0.68, 0.74, 0.84, 0.78, 0.98, 0.98, 0.8, 0.98, 0.99, 0.99, 0.99, 0.99, 0.98, 0.78, 0.98, 0.78, 0.98, 0.98, 0.98, 0.96]

Complementary Slackness per Finite Element
[-26.32, -26.0, -26.02, -26.09, -26.15, -26.24, -26.34, -26.46, -26.61, -26.73, -26.78, -26.85, -26.91, -27.02, -27.2, -27.22, -27.47, -27.3, -27.29, -26.96, -27.32, -27.27, -27.23, -27.17, -27.16, -27.1, -27.14, -27.1, -27.07, -27.01]

Feed Rates
[0.001, 0.001, 0.001, 0.001, 0.001, 0.002, 0.002, 0.002, 0.002, 0.002, 0.003, 0.003, 0.003, 0.004, 0.004, 0.005, 0.006, 0.006, 0.008, 0.009, 0.01, 0.012, 0.014, 0.016, 0.018, 0.021, 0.024, 0.027, 0.032, 0.037]

Growth Rates [h-1]
[0.153, 0.153, 0.153, 0.153, 0.153, 0.153, 0.153, 0.153, 0.153, 0.153, 0.153, 0.153, 0.153, 0.153, 0.153, 0.153, 0.153, 0.153, 0.153, 0.153, 0.153, 0.153, 0.153, 0.153, 0.153, 0.153, 0.153, 0.153, 0.153, 0.153]

Final Product Amount [mmol]
307.778149055741

Final Biomass Amount [g]
32.20775719895469

Process End
25.0
#-------------------------