#-------------------------
Termination Status
LOCALLY_INFEASIBLE

Time Elapsed
17.078912254

Objective Value
272.5017913644634

Normalized Complementary Slackness
-19.120924063780585

Finite Elements
[2.56, 2.56, 2.56, 2.06, 2.55, 2.55, 2.55, 1.9, 2.55, 1.77, 1.72, 1.71, 1.71, 1.71, 1.71, 1.71, 1.71, 1.71, 1.71, 1.71, 1.71, 1.71, 1.97, 2.56, 2.56, 2.56, 2.56, 2.56, 2.56, 2.56]

Complementary Slackness per Finite Element
[-19.06, -19.06, -19.13, -19.18, -19.16, -19.14, -19.14, -19.15, -19.16, -19.16, -19.16, -19.16, -19.16, -19.19, -19.14, -19.16, -19.15, -19.18, -19.18, -19.2, -19.18, -19.16, -19.08, -19.02, -19.07, -19.02, -19.06, -19.02, -19.0, -18.99]

Feed Rates
[0.001, 0.0, 0.0, 0.0, 0.0, 0.0, 0.0, 0.0, 0.0, 0.0, 0.0, 0.0, 0.0, 0.0, 0.0, 0.0, 0.0, 0.0, 0.0, 0.001, 0.001, 0.001, 0.001, 0.002, 0.003, 0.004, 0.007, 0.011, 0.017, 0.026]

Growth Rates [h-1]
[0.171, 0.171, 0.171, 0.171, 0.171, 0.171, 0.171, 0.171, 0.171, 0.171, 0.171, 0.171, 0.171, 0.171, 0.171, 0.171, 0.171, 0.171, 0.171, 0.171, 0.171, 0.171, 0.171, 0.171, 0.171, 0.171, 0.171, 0.171, 0.171, 0.171]

Final Product Amount [mmol]
288.6779479915878

Final Biomass Amount [g]
26.352858474659563

Process End
64.0
#-------------------------