#-------------------------
Termination Status
LOCALLY_SOLVED

Time Elapsed
40.059297207

Objective Value
147.4656452745422

Normalized Complementary Slackness
-15.47055389048223

Finite Elements
[1.84, 1.84, 1.84, 1.84, 1.84, 1.84, 1.84, 1.84, 1.84, 1.84, 1.84, 1.84, 1.84, 1.84, 1.84, 1.23, 1.23, 1.23, 1.23, 1.23, 1.23, 1.23, 1.23, 1.23, 1.23, 1.23, 1.23, 1.23, 1.23, 1.23]

Complementary Slackness per Finite Element
[-16.97, -16.96, -13.79, -10.46, -15.61, -15.61, -15.61, -15.61, -15.61, -15.61, -15.61, -15.61, -15.61, -15.61, -15.62, -15.6, -15.61, -15.61, -15.61, -15.61, -15.61, -15.61, -15.61, -15.61, -15.61, -15.61, -15.61, -15.61, -15.61, -15.61]

Feed Rates
[0.001, 0.002, 0.002, 0.001, 0.002, 0.002, 0.002, 0.002, 0.002, 0.003, 0.003, 0.003, 0.004, 0.004, 0.005, 0.005, 0.006, 0.006, 0.007, 0.007, 0.008, 0.008, 0.009, 0.01, 0.01, 0.011, 0.012, 0.013, 0.014, 0.015]

Growth Rates [h-1]
[0.189, 0.189, 0.141, 0.061, 0.061, 0.061, 0.061, 0.061, 0.061, 0.061, 0.061, 0.061, 0.061, 0.061, 0.061, 0.061, 0.061, 0.061, 0.061, 0.061, 0.061, 0.061, 0.061, 0.061, 0.061, 0.061, 0.061, 0.061, 0.061, 0.061]

Final Product Amount [mmol]
643.0011709765944

Final Biomass Amount [g]
21.438400317588133

Process End
46.0
#-------------------------