#-------------------------
Termination Status
LOCALLY_INFEASIBLE

Time Elapsed
15.698305978

Objective Value
79.51779779475534

Normalized Complementary Slackness
-19.66232521286998

Finite Elements
[2.2, 2.2, 2.2, 2.2, 2.2, 2.2, 2.2, 2.2, 2.2, 2.2, 2.19, 1.92, 1.61, 1.48, 1.47, 1.47, 1.95, 2.0, 2.0, 1.94, 1.74, 1.47, 1.47, 1.47, 1.47, 1.47, 1.47, 1.47, 1.47, 1.47]

Complementary Slackness per Finite Element
[-23.17, -19.61, -19.38, -19.35, -19.35, -19.35, -19.36, -19.38, -19.4, -19.44, -19.51, -19.53, -19.52, -19.5, -19.49, -19.48, -19.61, -19.67, -19.7, -19.71, -19.7, -19.68, -19.67, -19.65, -19.65, -19.64, -19.63, -19.65, -19.63, -19.49]

Feed Rates
[0.001, 0.0, 0.0, 0.0, 0.0, 0.0, 0.0, 0.0, 0.0, 0.0, 0.0, 0.0, 0.001, 0.001, 0.001, 0.001, 0.001, 0.002, 0.002, 0.003, 0.004, 0.005, 0.006, 0.008, 0.009, 0.011, 0.014, 0.017, 0.02, 0.025]

Growth Rates [h-1]
[0.134, 0.134, 0.134, 0.134, 0.134, 0.134, 0.134, 0.134, 0.134, 0.134, 0.134, 0.134, 0.134, 0.134, 0.134, 0.134, 0.134, 0.134, 0.134, 0.134, 0.134, 0.134, 0.134, 0.134, 0.134, 0.134, 0.134, 0.134, 0.134, 0.134]

Final Product Amount [mmol]
495.91289517436485

Final Biomass Amount [g]
24.62625267537401

Process End
55.0
#-------------------------