#-------------------------
Termination Status
LOCALLY_INFEASIBLE

Time Elapsed
18.10587746

Objective Value
183.02150689735018

Normalized Complementary Slackness
-19.370312766446293

Finite Elements
[0.83, 1.24, 1.24, 1.24, 1.24, 1.24, 1.24, 1.21, 0.96, 0.93, 0.9, 0.84, 0.83, 0.83, 0.83, 0.84, 0.84, 1.05, 1.13, 1.16, 1.17, 1.18, 1.08, 1.18, 1.12, 1.13, 1.01, 0.85, 0.83, 0.83]

Complementary Slackness per Finite Element
[-19.36, -19.33, -19.32, -19.32, -19.32, -19.32, -19.32, -19.32, -19.32, -19.34, -19.34, -19.33, -19.33, -19.35, -19.35, -19.35, -19.36, -19.37, -19.37, -19.38, -19.39, -19.4, -19.41, -19.43, -19.41, -19.43, -19.44, -19.45, -19.45, -19.46]

Feed Rates
[0.001, 0.0, 0.0, 0.0, 0.0, 0.0, 0.0, 0.001, 0.001, 0.001, 0.001, 0.001, 0.001, 0.002, 0.002, 0.002, 0.003, 0.003, 0.004, 0.005, 0.006, 0.007, 0.009, 0.011, 0.014, 0.018, 0.022, 0.026, 0.031, 0.036]

Growth Rates [h-1]
[0.189, 0.189, 0.189, 0.189, 0.189, 0.189, 0.189, 0.189, 0.189, 0.189, 0.189, 0.189, 0.189, 0.189, 0.189, 0.189, 0.189, 0.189, 0.189, 0.189, 0.189, 0.189, 0.189, 0.189, 0.189, 0.189, 0.189, 0.189, 0.189, 0.189]

Final Product Amount [mmol]
198.46153783451751

Final Biomass Amount [g]
27.280556542333624

Process End
31.0
#-------------------------