#-------------------------
Termination Status
ALMOST_LOCALLY_SOLVED

Time Elapsed
464.890025715

Objective Value
33.839328007546655

Normalized Complementary Slackness
-19.889281630562202

Finite Elements
[0.46, 0.46, 0.46, 0.46, 0.46, 0.46, 0.31, 0.31, 0.31, 0.31, 0.31, 0.31, 0.31, 0.31, 0.31, 0.31, 0.31, 0.31, 0.31, 0.31, 0.31, 0.45, 0.46, 0.46, 0.46, 0.46, 0.46, 0.46, 0.46, 0.46]

Complementary Slackness per Finite Element
[-22.14, -22.12, -22.12, -22.12, -22.12, -22.12, -22.12, -22.12, -22.12, -22.12, -22.12, -22.11, -22.11, -22.11, -22.1, -22.1, -22.1, -22.09, -22.09, -22.08, -22.08, -25.8, -13.32, -13.32, -13.32, -13.32, -13.32, -13.32, -13.32, -13.32]

Feed Rates
[0.001, 0.001, 0.001, 0.001, 0.002, 0.002, 0.002, 0.002, 0.002, 0.002, 0.002, 0.002, 0.003, 0.003, 0.003, 0.003, 0.003, 0.003, 0.004, 0.004, 0.004, 0.004, 0.004, 0.004, 0.004, 0.004, 0.005, 0.005, 0.005, 0.006]

Growth Rates [h-1]
[0.189, 0.189, 0.189, 0.189, 0.189, 0.189, 0.189, 0.189, 0.189, 0.189, 0.189, 0.189, 0.189, 0.189, 0.189, 0.189, 0.189, 0.189, 0.189, 0.189, 0.189, 0.173, 0.134, 0.134, 0.134, 0.134, 0.134, 0.134, 0.134, 0.134]

Final Product Amount [mmol]
59.921103213864875

Final Biomass Amount [g]
5.077874788499133

Process End
11.5
#-------------------------