#-------------------------
Termination Status
LOCALLY_INFEASIBLE

Time Elapsed
16.137999101

Objective Value
22.39009689326022

Normalized Complementary Slackness
-21.693887147174323

Finite Elements
[2.8, 2.8, 2.8, 2.31, 2.25, 2.24, 2.22, 2.2, 2.17, 2.14, 2.08, 2.01, 1.94, 2.6, 1.87, 1.87, 1.87, 1.87, 1.87, 1.87, 1.87, 1.97, 2.8, 2.8, 2.8, 2.8, 2.8, 2.8, 2.8, 2.8]

Complementary Slackness per Finite Element
[-21.8, -21.44, -21.62, -21.71, -21.76, -21.82, -21.85, -21.83, -21.82, -21.79, -21.78, -21.77, -21.79, -21.8, -21.85, -21.85, -21.82, -21.8, -21.74, -21.69, -21.7, -21.69, -21.71, -21.5, -21.48, -21.47, -21.48, -21.5, -21.49, -21.47]

Feed Rates
[0.001, 0.0, 0.0, 0.0, 0.0, 0.0, 0.0, 0.0, 0.0, 0.0, 0.0, 0.0, 0.0, 0.0, 0.0, 0.0, 0.0, 0.0, 0.0, 0.0, 0.0, 0.001, 0.001, 0.001, 0.002, 0.004, 0.006, 0.009, 0.015, 0.025]

Growth Rates [h-1]
[0.171, 0.171, 0.171, 0.171, 0.171, 0.171, 0.171, 0.171, 0.171, 0.171, 0.171, 0.171, 0.171, 0.171, 0.171, 0.171, 0.171, 0.171, 0.171, 0.171, 0.171, 0.171, 0.171, 0.171, 0.171, 0.171, 0.171, 0.171, 0.171, 0.171]

Final Product Amount [mmol]
289.1315870092124

Final Biomass Amount [g]
26.327009948686648

Process End
70.0
#-------------------------