#-------------------------
Termination Status
LOCALLY_INFEASIBLE

Time Elapsed
15.416803077

Objective Value
305.6882600135476

Normalized Complementary Slackness
-29.949749823100188

Finite Elements
[0.99, 1.48, 1.48, 1.48, 1.48, 1.48, 1.48, 1.48, 1.38, 0.99, 0.99, 0.99, 0.99, 0.99, 0.99, 0.99, 0.99, 0.99, 0.99, 0.99, 0.99, 1.05, 1.23, 1.35, 1.42, 1.47, 1.48, 1.48, 1.48, 1.48]

Complementary Slackness per Finite Element
[-30.26, -29.97, -30.02, -30.02, -30.02, -29.99, -30.0, -29.99, -29.98, -29.97, -29.97, -29.95, -29.93, -29.92, -29.91, -29.9, -29.88, -29.89, -29.87, -29.88, -29.89, -29.92, -29.93, -29.94, -29.95, -29.95, -29.95, -29.92, -29.88, -29.84]

Feed Rates
[0.001, 0.0, 0.0, 0.0, 0.0, 0.0, 0.0, 0.0, 0.001, 0.001, 0.001, 0.001, 0.001, 0.001, 0.002, 0.002, 0.002, 0.003, 0.003, 0.004, 0.004, 0.005, 0.006, 0.008, 0.01, 0.013, 0.016, 0.021, 0.027, 0.034]

Growth Rates [h-1]
[0.171, 0.171, 0.171, 0.171, 0.171, 0.171, 0.171, 0.171, 0.171, 0.171, 0.171, 0.171, 0.171, 0.171, 0.171, 0.171, 0.171, 0.171, 0.171, 0.171, 0.171, 0.171, 0.171, 0.171, 0.171, 0.171, 0.171, 0.171, 0.171, 0.171]

Final Product Amount [mmol]
330.35668878612154

Final Biomass Amount [g]
30.29539056753286

Process End
37.0
#-------------------------