#-------------------------
Termination Status
LOCALLY_INFEASIBLE

Time Elapsed
15.80220657

Objective Value
381.4266383566766

Normalized Complementary Slackness
-32.596407306943796

Finite Elements
[2.44, 2.44, 2.44, 2.43, 2.24, 1.86, 1.64, 1.63, 1.63, 1.63, 1.63, 1.63, 1.63, 1.63, 1.63, 1.63, 1.63, 1.82, 2.14, 2.29, 2.35, 2.37, 2.38, 2.33, 2.33, 2.25, 2.29, 2.31, 2.14, 2.23]

Complementary Slackness per Finite Element
[-33.87, -32.97, -32.99, -33.0, -32.63, -32.5, -32.58, -32.59, -32.83, -32.87, -32.92, -32.95, -32.88, -32.85, -32.83, -32.77, -32.61, -32.43, -32.33, -32.34, -32.28, -32.29, -32.25, -32.22, -32.19, -32.18, -32.18, -32.17, -32.31, -32.1]

Feed Rates
[0.001, 0.0, 0.0, 0.0, 0.0, 0.0, 0.0, 0.0, 0.0, 0.0, 0.0, 0.0, 0.0, 0.0, 0.0, 0.001, 0.001, 0.001, 0.001, 0.001, 0.002, 0.002, 0.003, 0.004, 0.005, 0.007, 0.009, 0.012, 0.016, 0.02]

Growth Rates [h-1]
[0.116, 0.116, 0.116, 0.116, 0.116, 0.116, 0.116, 0.116, 0.116, 0.116, 0.116, 0.116, 0.116, 0.116, 0.116, 0.116, 0.116, 0.116, 0.116, 0.116, 0.116, 0.116, 0.116, 0.116, 0.116, 0.116, 0.116, 0.116, 0.116, 0.116]

Final Product Amount [mmol]
407.8375508752204

Final Biomass Amount [g]
23.442658150295774

Process End
61.0
#-------------------------