#-------------------------
Termination Status
LOCALLY_INFEASIBLE

Time Elapsed
15.371586865

Objective Value
418.7057939809943

Normalized Complementary Slackness
-155.31039283990296

Finite Elements
[2.32, 2.32, 2.32, 2.32, 2.31, 2.31, 2.31, 2.31, 2.27, 1.96, 1.6, 1.56, 1.56, 1.55, 1.55, 1.55, 1.55, 1.63, 1.93, 2.06, 2.13, 2.14, 2.12, 2.08, 1.88, 1.63, 1.57, 1.6, 1.82, 1.72]

Complementary Slackness per Finite Element
[-156.21, -156.31, -156.09, -155.97, -155.89, -155.82, -155.8, -155.78, -155.8, -155.8, -155.78, -155.78, -155.79, -155.81, -155.78, -155.65, -155.43, -155.17, -154.96, -154.81, -154.7, -154.62, -154.56, -154.54, -154.55, -154.53, -154.44, -154.29, -154.21, -154.43]

Feed Rates
[0.001, 0.0, 0.0, 0.0, 0.0, 0.0, 0.0, 0.0, 0.0, 0.0, 0.0, 0.0, 0.0, 0.001, 0.001, 0.001, 0.001, 0.001, 0.002, 0.002, 0.003, 0.004, 0.005, 0.007, 0.009, 0.011, 0.014, 0.017, 0.022, 0.027]

Growth Rates [h-1]
[0.134, 0.134, 0.134, 0.134, 0.134, 0.134, 0.134, 0.134, 0.134, 0.134, 0.134, 0.134, 0.134, 0.134, 0.134, 0.134, 0.134, 0.134, 0.134, 0.134, 0.134, 0.134, 0.134, 0.134, 0.134, 0.134, 0.134, 0.134, 0.134, 0.134]

Final Product Amount [mmol]
565.6312361471265

Final Biomass Amount [g]
28.117396671449914

Process End
58.0
#-------------------------