#-------------------------
Termination Status
LOCALLY_SOLVED

Time Elapsed
80.093803058

Objective Value
571.0633004667102

Normalized Complementary Slackness
-15.918054150832404

Finite Elements
[1.12, 1.12, 1.12, 1.12, 1.12, 1.12, 1.12, 1.12, 1.12, 1.12, 1.12, 1.12, 1.12, 1.12, 1.12, 0.75, 0.75, 0.75, 0.75, 0.75, 0.75, 0.75, 0.75, 0.75, 0.75, 0.75, 0.75, 0.75, 0.75, 0.75]

Complementary Slackness per Finite Element
[-16.95, -16.95, -16.95, -16.95, -16.95, -16.95, -16.95, -16.95, -16.95, -16.95, -16.95, -16.95, -16.95, -16.95, -16.95, -7.21, -5.31, -6.47, -17.02, -17.03, -17.03, -17.03, -17.03, -17.03, -17.03, -17.03, -17.03, -17.03, -17.03, -17.03]

Feed Rates
[0.001, 0.001, 0.002, 0.002, 0.003, 0.003, 0.004, 0.005, 0.006, 0.008, 0.009, 0.011, 0.014, 0.018, 0.022, 0.011, 0.008, 0.008, 0.007, 0.007, 0.007, 0.007, 0.007, 0.008, 0.008, 0.008, 0.008, 0.008, 0.008, 0.008]

Growth Rates [h-1]
[0.189, 0.189, 0.189, 0.189, 0.189, 0.189, 0.189, 0.189, 0.189, 0.189, 0.189, 0.189, 0.189, 0.189, 0.189, 0.041, 0.012, 0.008, 0.005, 0.005, 0.005, 0.005, 0.005, 0.005, 0.005, 0.005, 0.005, 0.005, 0.005, 0.005]

Final Product Amount [mmol]
564.0400842486899

Final Biomass Amount [g]
18.79223921916659

Process End
28.0
#-------------------------