#-------------------------
Termination Status
LOCALLY_SOLVED

Time Elapsed
57.770346665

Objective Value
642.0043837775684

Normalized Complementary Slackness
-16.33360000948683

Finite Elements
[2.56, 2.56, 2.56, 2.56, 2.56, 2.56, 2.56, 2.56, 2.56, 2.56, 2.56, 2.56, 2.56, 2.56, 2.56, 1.71, 1.71, 1.71, 1.71, 1.71, 1.71, 1.71, 1.71, 1.71, 1.71, 1.71, 1.71, 1.71, 1.71, 1.71]

Complementary Slackness per Finite Element
[-16.95, -16.95, -16.95, -8.94, -16.55, -16.55, -16.55, -16.55, -16.55, -16.55, -16.55, -16.55, -16.55, -16.55, -16.55, -16.55, -16.55, -16.55, -16.55, -16.55, -16.55, -16.55, -16.55, -16.55, -16.55, -16.55, -16.55, -16.55, -16.55, -16.55]

Feed Rates
[0.001, 0.002, 0.003, 0.002, 0.002, 0.002, 0.002, 0.002, 0.002, 0.002, 0.003, 0.003, 0.003, 0.003, 0.003, 0.004, 0.004, 0.004, 0.004, 0.004, 0.004, 0.004, 0.005, 0.005, 0.005, 0.005, 0.005, 0.006, 0.006, 0.006]

Growth Rates [h-1]
[0.189, 0.189, 0.189, 0.047, 0.024, 0.024, 0.024, 0.024, 0.024, 0.024, 0.024, 0.024, 0.024, 0.024, 0.024, 0.024, 0.024, 0.024, 0.024, 0.024, 0.024, 0.024, 0.024, 0.024, 0.024, 0.024, 0.024, 0.024, 0.024, 0.024]

Final Product Amount [mmol]
630.1208015552969

Final Biomass Amount [g]
12.291679580908035

Process End
64.0
#-------------------------