#-------------------------
Termination Status
ALMOST_LOCALLY_SOLVED

Time Elapsed
556.97326924

Objective Value
78.48580207668954

Normalized Complementary Slackness
-19.339041072955194

Finite Elements
[0.46, 0.46, 0.46, 0.46, 0.46, 0.46, 0.46, 0.46, 0.46, 0.46, 0.46, 0.31, 0.31, 0.31, 0.31, 0.31, 0.31, 0.31, 0.31, 0.31, 0.31, 0.31, 0.31, 0.31, 0.31, 0.46, 0.46, 0.46, 0.46, 0.31]

Complementary Slackness per Finite Element
[-41.32, -41.16, -41.31, -41.3, -26.33, -20.86, -19.73, -19.44, -19.07, -17.6, -18.36, -17.5, -17.39, -17.21, -17.19, -17.16, -17.11, -17.11, -17.11, -17.11, -17.11, -17.11, -17.11, -15.94, -15.18, -7.27, -7.27, -7.27, -7.27, -7.27]

Feed Rates
[0.001, 0.001, 0.001, 0.001, 0.002, 0.002, 0.002, 0.002, 0.002, 0.002, 0.003, 0.003, 0.003, 0.003, 0.003, 0.004, 0.004, 0.004, 0.004, 0.005, 0.005, 0.005, 0.005, 0.005, 0.005, 0.003, 0.003, 0.003, 0.003, 0.003]

Growth Rates [h-1]
[0.189, 0.189, 0.189, 0.189, 0.189, 0.189, 0.189, 0.189, 0.189, 0.189, 0.189, 0.189, 0.189, 0.189, 0.189, 0.189, 0.189, 0.189, 0.189, 0.189, 0.189, 0.189, 0.189, 0.174, 0.162, 0.042, 0.042, 0.042, 0.042, 0.042]

Final Product Amount [mmol]
75.1770630374504

Final Biomass Amount [g]
4.512297965447282

Process End
11.5
#-------------------------