#-------------------------
Termination Status
LOCALLY_INFEASIBLE

Time Elapsed
15.974394846

Objective Value
26.35828604789742

Normalized Complementary Slackness
-25.50806604364135

Finite Elements
[2.2, 2.2, 2.19, 2.18, 2.16, 2.1, 2.01, 1.89, 1.75, 1.57, 1.47, 1.47, 1.47, 1.47, 1.47, 1.47, 1.47, 1.47, 1.47, 1.48, 1.87, 2.05, 2.1, 2.11, 2.12, 2.14, 2.15, 2.12, 1.94, 1.47]

Complementary Slackness per Finite Element
[-25.59, -25.44, -25.47, -25.49, -25.51, -25.54, -25.57, -25.61, -25.64, -25.64, -25.67, -25.7, -25.72, -25.73, -25.73, -25.74, -25.72, -25.66, -25.61, -25.49, -25.41, -25.4, -25.38, -25.36, -25.35, -25.12, -25.02, -25.12, -25.35, -25.43]

Feed Rates
[0.001, 0.0, 0.0, 0.0, 0.0, 0.0, 0.0, 0.0, 0.0, 0.0, 0.0, 0.0, 0.0, 0.0, 0.0, 0.0, 0.0, 0.001, 0.001, 0.001, 0.001, 0.002, 0.002, 0.004, 0.005, 0.007, 0.011, 0.015, 0.022, 0.03]

Growth Rates [h-1]
[0.171, 0.171, 0.171, 0.171, 0.171, 0.171, 0.171, 0.171, 0.171, 0.171, 0.171, 0.171, 0.171, 0.171, 0.171, 0.171, 0.171, 0.171, 0.171, 0.171, 0.171, 0.171, 0.171, 0.171, 0.171, 0.171, 0.171, 0.171, 0.171, 0.171]

Final Product Amount [mmol]
266.46513775304703

Final Biomass Amount [g]
26.391876806572654

Process End
55.0
#-------------------------