#-------------------------
Termination Status
LOCALLY_SOLVED

Time Elapsed
41.193023312

Objective Value
224.08000863619964

Normalized Complementary Slackness
-15.688048736591327

Finite Elements
[0.94, 0.94, 0.94, 0.94, 0.94, 0.94, 0.94, 0.94, 0.94, 0.94, 0.94, 0.94, 0.94, 0.94, 0.94, 0.63, 0.63, 0.63, 0.63, 0.63, 0.63, 0.63, 0.63, 0.63, 0.63, 0.63, 0.63, 0.63, 0.63, 0.63]

Complementary Slackness per Finite Element
[-16.95, -16.95, -16.95, -16.95, -16.95, -16.95, -16.95, -16.95, -16.95, -16.95, -16.95, -16.95, -16.95, -16.95, -16.95, -16.95, -16.95, -16.95, -16.95, -16.95, -16.95, -8.57, -5.31, -5.31, -10.38, -17.03, -17.03, -17.03, -17.03, -17.03]

Feed Rates
[0.001, 0.001, 0.002, 0.002, 0.002, 0.003, 0.003, 0.004, 0.005, 0.006, 0.007, 0.008, 0.009, 0.011, 0.013, 0.016, 0.018, 0.02, 0.023, 0.026, 0.029, 0.016, 0.01, 0.01, 0.009, 0.009, 0.009, 0.009, 0.009, 0.009]

Growth Rates [h-1]
[0.189, 0.189, 0.189, 0.189, 0.189, 0.189, 0.189, 0.189, 0.189, 0.189, 0.189, 0.189, 0.189, 0.189, 0.189, 0.189, 0.189, 0.189, 0.189, 0.189, 0.189, 0.062, 0.012, 0.012, 0.005, 0.005, 0.005, 0.005, 0.005, 0.005]

Final Product Amount [mmol]
526.1386886419234

Final Biomass Amount [g]
22.52071388889736

Process End
23.5
#-------------------------