#-------------------------
Termination Status
LOCALLY_INFEASIBLE

Time Elapsed
16.968265384

Objective Value
508.92609072480604

Normalized Complementary Slackness
-17.269329216624804

Finite Elements
[2.8, 2.79, 2.75, 2.8, 2.06, 1.87, 1.87, 1.87, 1.87, 1.87, 1.87, 1.87, 1.87, 1.87, 1.87, 1.87, 1.87, 1.87, 1.87, 2.66, 2.8, 2.8, 2.8, 2.8, 2.8, 2.8, 2.8, 2.8, 2.8, 2.8]

Complementary Slackness per Finite Element
[-18.17, -16.8, -15.99, -20.11, -19.21, -16.11, -16.65, -16.99, -17.15, -17.1, -17.01, -17.26, -17.18, -17.26, -17.3, -17.35, -17.21, -17.68, -18.14, -16.33, -17.29, -17.24, -17.0, -17.15, -17.06, -17.12, -17.08, -17.08, -17.17, -16.88]

Feed Rates
[0.001, 0.0, 0.0, 0.0, 0.0, 0.0, 0.0, 0.0, 0.0, 0.0, 0.0, 0.0, 0.0, 0.0, 0.001, 0.001, 0.001, 0.001, 0.001, 0.001, 0.002, 0.002, 0.003, 0.004, 0.005, 0.006, 0.008, 0.011, 0.015, 0.019]

Growth Rates [h-1]
[0.097, 0.097, 0.097, 0.097, 0.097, 0.097, 0.097, 0.097, 0.097, 0.097, 0.097, 0.097, 0.097, 0.097, 0.097, 0.097, 0.097, 0.097, 0.097, 0.097, 0.097, 0.097, 0.097, 0.097, 0.097, 0.097, 0.097, 0.097, 0.097, 0.097]

Final Product Amount [mmol]
518.7635363111743

Final Biomass Amount [g]
25.11288053002867

Process End
70.0
#-------------------------