#-------------------------
Termination Status
LOCALLY_INFEASIBLE

Time Elapsed
17.740310804

Objective Value
34.41015373748718

Normalized Complementary Slackness
-20.271225391630797

Finite Elements
[2.8, 2.8, 2.8, 2.8, 2.8, 2.8, 2.8, 2.8, 2.8, 2.8, 2.8, 2.8, 2.8, 2.79, 2.6, 2.03, 1.89, 1.88, 1.87, 1.87, 1.87, 1.87, 1.87, 1.87, 1.87, 1.87, 1.87, 1.87, 1.87, 1.87]

Complementary Slackness per Finite Element
[-21.65, -20.92, -20.6, -20.25, -19.83, -19.5, -19.4, -19.59, -18.47, -18.79, -19.03, -19.53, -19.72, -19.94, -20.05, -20.14, -20.23, -20.25, -20.54, -20.25, -20.42, -20.57, -20.99, -21.0, -21.06, -21.12, -21.23, -21.12, -21.1, -20.85]

Feed Rates
[0.001, 0.0, 0.0, 0.0, 0.0, 0.0, 0.0, 0.0, 0.0, 0.0, 0.0, 0.001, 0.001, 0.001, 0.001, 0.002, 0.002, 0.002, 0.003, 0.003, 0.004, 0.005, 0.006, 0.007, 0.008, 0.01, 0.012, 0.014, 0.017, 0.021]

Growth Rates [h-1]
[0.097, 0.097, 0.097, 0.097, 0.097, 0.097, 0.097, 0.097, 0.097, 0.097, 0.097, 0.097, 0.097, 0.097, 0.097, 0.097, 0.097, 0.097, 0.097, 0.097, 0.097, 0.097, 0.097, 0.097, 0.097, 0.097, 0.097, 0.097, 0.097, 0.097]

Final Product Amount [mmol]
332.60509270909137

Final Biomass Amount [g]
25.112886538812727

Process End
70.0
#-------------------------