#-------------------------
Termination Status
LOCALLY_SOLVED

Time Elapsed
257.024180763

Objective Value
187.1091415324463

Normalized Complementary Slackness
-11.697700098322011

Finite Elements
[0.76, 0.76, 0.76, 0.76, 0.76, 0.76, 0.76, 0.76, 0.76, 0.76, 0.76, 0.76, 0.76, 0.76, 0.76, 0.51, 0.51, 0.51, 0.51, 0.51, 0.51, 0.51, 0.51, 0.51, 0.51, 0.51, 0.51, 0.51, 0.51, 0.51]

Complementary Slackness per Finite Element
[-11.7, -11.7, -11.7, -11.7, -11.7, -11.7, -11.7, -11.7, -11.7, -11.7, -11.7, -11.7, -11.7, -11.7, -11.7, -11.7, -11.7, -11.7, -11.7, -11.7, -11.7, -11.7, -11.7, -11.7, -11.7, -11.7, -11.7, -11.7, -11.7, -11.7]

Feed Rates
[0.001, 0.001, 0.001, 0.002, 0.002, 0.002, 0.003, 0.003, 0.003, 0.004, 0.005, 0.005, 0.006, 0.007, 0.008, 0.009, 0.01, 0.011, 0.013, 0.014, 0.015, 0.017, 0.019, 0.02, 0.023, 0.025, 0.027, 0.03, 0.033, 0.036]

Growth Rates [h-1]
[0.189, 0.189, 0.189, 0.189, 0.189, 0.189, 0.189, 0.189, 0.189, 0.189, 0.189, 0.189, 0.189, 0.189, 0.189, 0.189, 0.189, 0.189, 0.189, 0.189, 0.189, 0.189, 0.189, 0.189, 0.189, 0.189, 0.189, 0.189, 0.189, 0.189]

Final Product Amount [mmol]
183.9065527050875

Final Biomass Amount [g]
25.948174849535008

Process End
19.0
#-------------------------