#-------------------------
Termination Status
ALMOST_LOCALLY_SOLVED

Time Elapsed
1518.387529635

Objective Value
151.4008879097845

Normalized Complementary Slackness
-22.37032586169892

Finite Elements
[0.67, 0.67, 0.75, 0.67, 0.67, 0.67, 0.67, 0.67, 0.7, 0.67, 1.0, 0.67, 0.81, 0.67, 1.0, 0.86, 0.93, 1.0, 0.93, 0.8, 0.99, 0.96, 0.96, 0.95, 0.95, 0.96, 0.91, 0.88, 1.0, 1.0]

Complementary Slackness per Finite Element
[-19.09, -19.13, -26.56, -28.41, -21.76, -21.55, -21.45, -21.89, -22.73, -21.13, -24.76, -22.91, -23.33, -22.78, -23.11, -22.37, -22.3, -22.4, -22.35, -22.23, -22.38, -22.41, -22.29, -22.1, -21.92, -21.82, -21.62, -21.68, -21.25, -21.4]

Feed Rates
[0.001, 0.001, 0.001, 0.001, 0.001, 0.001, 0.002, 0.002, 0.002, 0.002, 0.002, 0.003, 0.003, 0.003, 0.004, 0.004, 0.005, 0.006, 0.007, 0.007, 0.008, 0.01, 0.011, 0.012, 0.014, 0.016, 0.019, 0.021, 0.024, 0.027]

Growth Rates [h-1]
[0.189, 0.189, 0.134, 0.134, 0.134, 0.134, 0.134, 0.136, 0.138, 0.14, 0.137, 0.141, 0.141, 0.142, 0.142, 0.143, 0.144, 0.143, 0.144, 0.146, 0.143, 0.142, 0.142, 0.141, 0.141, 0.141, 0.142, 0.14, 0.144, 0.134]

Final Product Amount [mmol]
411.314961151704

Final Biomass Amount [g]
25.274186779937224

Process End
25.0
#-------------------------