#-------------------------
Termination Status
LOCALLY_INFEASIBLE

Time Elapsed
14.499843885

Objective Value
-82.56790700944393

Normalized Complementary Slackness
-299.7899513205296

Finite Elements
[1.26, 1.08, 1.08, 1.08, 1.08, 1.08, 1.15, 1.08, 1.08, 1.09, 1.09, 1.5, 1.09, 1.1, 1.1, 1.31, 1.56, 1.57, 1.57, 1.57, 1.57, 1.56, 1.55, 1.55, 1.55, 1.55, 1.55, 1.56, 1.57, 1.45]

Complementary Slackness per Finite Element
[-303.19, -302.77, -302.68, -302.33, -302.09, -301.93, -301.72, -301.51, -301.3, -301.28, -300.8, -301.04, -300.43, -300.19, -299.93, -299.5, -299.03, -298.6, -298.3, -298.07, -298.01, -297.92, -297.91, -297.89, -297.91, -297.85, -297.86, -297.91, -297.94, -295.79]

Feed Rates
[0.001, 0.001, 0.001, 0.001, 0.001, 0.001, 0.001, 0.001, 0.002, 0.002, 0.002, 0.002, 0.003, 0.003, 0.003, 0.004, 0.004, 0.005, 0.006, 0.007, 0.008, 0.009, 0.01, 0.012, 0.014, 0.016, 0.019, 0.022, 0.026, 0.03]

Growth Rates [h-1]
[0.097, 0.097, 0.097, 0.097, 0.097, 0.097, 0.097, 0.097, 0.097, 0.097, 0.097, 0.097, 0.097, 0.097, 0.097, 0.097, 0.097, 0.097, 0.097, 0.097, 0.097, 0.097, 0.097, 0.097, 0.097, 0.097, 0.097, 0.097, 0.097, 0.097]

Final Product Amount [mmol]
807.9346847507925

Final Biomass Amount [g]
34.89555668998914

Process End
40.0
#-------------------------