#-------------------------
Termination Status
LOCALLY_INFEASIBLE

Time Elapsed
16.714138254

Objective Value
1204.879735542439

Normalized Complementary Slackness
-264.5553859351013

Finite Elements
[2.19, 2.15, 2.14, 2.09, 1.48, 1.47, 1.47, 1.47, 1.47, 1.47, 1.47, 1.47, 1.5, 1.48, 1.48, 1.48, 1.49, 1.5, 1.53, 2.2, 2.2, 2.2, 2.2, 2.2, 2.2, 2.2, 2.2, 2.2, 2.2, 2.19]

Complementary Slackness per Finite Element
[-266.19, -266.0, -265.91, -265.86, -265.63, -265.57, -265.5, -265.42, -265.34, -265.25, -265.15, -265.04, -264.91, -264.79, -264.65, -264.52, -264.4, -264.31, -264.21, -263.63, -263.52, -263.48, -263.49, -263.51, -263.52, -263.54, -263.55, -263.56, -263.71, -262.5]

Feed Rates
[0.001, 0.001, 0.001, 0.001, 0.001, 0.001, 0.002, 0.002, 0.002, 0.002, 0.002, 0.003, 0.003, 0.003, 0.004, 0.004, 0.005, 0.006, 0.006, 0.007, 0.008, 0.01, 0.012, 0.014, 0.017, 0.02, 0.024, 0.028, 0.034, 0.04]

Growth Rates [h-1]
[0.079, 0.079, 0.079, 0.079, 0.079, 0.079, 0.079, 0.079, 0.079, 0.079, 0.079, 0.079, 0.079, 0.079, 0.079, 0.079, 0.079, 0.079, 0.079, 0.079, 0.079, 0.079, 0.079, 0.079, 0.079, 0.079, 0.079, 0.079, 0.079, 0.079]

Final Product Amount [mmol]
1444.4575640610356

Final Biomass Amount [g]
54.63215552927181

Process End
55.0
#-------------------------