#-------------------------
Termination Status
ALMOST_LOCALLY_SOLVED

Time Elapsed
469.764383658

Objective Value
30.323274848911375

Normalized Complementary Slackness
-22.43761962667214

Finite Elements
[0.46, 0.46, 0.46, 0.46, 0.46, 0.46, 0.46, 0.33, 0.36, 0.31, 0.31, 0.31, 0.31, 0.31, 0.31, 0.31, 0.31, 0.31, 0.31, 0.31, 0.31, 0.31, 0.38, 0.46, 0.46, 0.46, 0.46, 0.46, 0.46, 0.46]

Complementary Slackness per Finite Element
[-25.09, -25.03, -25.03, -25.01, -25.0, -25.0, -25.0, -25.0, -25.0, -25.0, -25.0, -25.0, -25.0, -25.0, -25.0, -24.99, -24.99, -24.99, -24.99, -24.99, -24.99, -24.99, -25.11, -15.67, -15.64, -13.32, -13.32, -13.32, -13.32, -13.32]

Feed Rates
[0.001, 0.001, 0.001, 0.001, 0.002, 0.002, 0.002, 0.002, 0.002, 0.002, 0.002, 0.003, 0.003, 0.003, 0.003, 0.003, 0.003, 0.004, 0.004, 0.004, 0.004, 0.005, 0.005, 0.004, 0.004, 0.005, 0.005, 0.005, 0.006, 0.006]

Growth Rates [h-1]
[0.189, 0.189, 0.189, 0.189, 0.189, 0.189, 0.189, 0.189, 0.189, 0.189, 0.189, 0.189, 0.189, 0.189, 0.189, 0.189, 0.189, 0.189, 0.189, 0.189, 0.189, 0.189, 0.171, 0.134, 0.134, 0.134, 0.134, 0.134, 0.134, 0.134]

Final Product Amount [mmol]
58.82312947311425

Final Biomass Amount [g]
5.211937559074484

Process End
11.5
#-------------------------