#-------------------------
Termination Status
LOCALLY_INFEASIBLE

Time Elapsed
21.500276573

Objective Value
38.92033009043334

Normalized Complementary Slackness
-21.225648102947307

Finite Elements
[2.8, 2.8, 2.8, 2.8, 2.68, 2.65, 2.61, 2.54, 2.45, 2.32, 2.13, 1.91, 1.87, 1.87, 1.87, 1.87, 1.87, 1.87, 1.87, 1.87, 1.87, 1.87, 1.87, 2.22, 2.75, 2.8, 2.8, 2.8, 2.8, 2.8]

Complementary Slackness per Finite Element
[-22.42, -21.16, -21.17, -21.19, -21.18, -21.25, -21.26, -21.28, -21.31, -21.32, -21.34, -21.33, -21.34, -21.37, -21.45, -21.38, -21.4, -21.36, -21.38, -21.41, -21.36, -21.17, -21.09, -21.0, -20.92, -20.88, -20.94, -20.95, -20.34, -20.82]

Feed Rates
[0.001, 0.0, 0.0, 0.0, 0.0, 0.0, 0.0, 0.0, 0.0, 0.0, 0.0, 0.0, 0.0, 0.0, 0.0, 0.0, 0.0, 0.0, 0.0, 0.001, 0.001, 0.001, 0.001, 0.002, 0.003, 0.004, 0.006, 0.01, 0.015, 0.023]

Growth Rates [h-1]
[0.153, 0.153, 0.153, 0.153, 0.153, 0.153, 0.153, 0.153, 0.153, 0.153, 0.153, 0.153, 0.153, 0.153, 0.153, 0.153, 0.153, 0.153, 0.153, 0.153, 0.153, 0.153, 0.153, 0.153, 0.153, 0.153, 0.153, 0.153, 0.153, 0.153]

Final Product Amount [mmol]
392.47072423843065

Final Biomass Amount [g]
25.523609896551434

Process End
70.0
#-------------------------