#-------------------------
Termination Status
LOCALLY_SOLVED

Time Elapsed
65.944109946

Objective Value
567.7077212436384

Normalized Complementary Slackness
-15.443138298556175

Finite Elements
[1.72, 1.72, 1.72, 1.72, 1.72, 1.72, 1.72, 1.72, 1.72, 1.72, 1.72, 1.72, 1.72, 1.72, 1.72, 1.15, 1.15, 1.15, 1.15, 1.15, 1.15, 1.15, 1.15, 1.15, 1.15, 1.15, 1.15, 1.15, 1.15, 1.15]

Complementary Slackness per Finite Element
[-16.95, -16.95, -16.95, -9.11, -13.58, -15.59, -15.59, -15.59, -15.59, -15.59, -15.59, -15.59, -15.59, -15.59, -15.59, -15.59, -15.59, -15.59, -15.59, -15.59, -15.59, -15.59, -15.59, -15.59, -15.59, -15.59, -15.59, -15.59, -15.59, -15.59]

Feed Rates
[0.001, 0.002, 0.002, 0.002, 0.002, 0.002, 0.002, 0.002, 0.002, 0.003, 0.003, 0.003, 0.004, 0.004, 0.005, 0.005, 0.005, 0.006, 0.006, 0.007, 0.007, 0.008, 0.008, 0.009, 0.009, 0.01, 0.011, 0.012, 0.012, 0.013]

Growth Rates [h-1]
[0.189, 0.189, 0.189, 0.07, 0.061, 0.061, 0.061, 0.061, 0.061, 0.061, 0.061, 0.061, 0.061, 0.061, 0.061, 0.061, 0.061, 0.061, 0.061, 0.061, 0.061, 0.061, 0.061, 0.061, 0.061, 0.061, 0.061, 0.061, 0.061, 0.061]

Final Product Amount [mmol]
562.2539886862018

Final Biomass Amount [g]
18.96794258935641

Process End
43.0
#-------------------------