#-------------------------
Termination Status
LOCALLY_SOLVED

Time Elapsed
1043.726250279

Objective Value
127.43213060105559

Normalized Complementary Slackness
-15.478230356398162

Finite Elements
[1.84, 1.84, 1.84, 1.84, 1.84, 1.84, 1.84, 1.84, 1.84, 1.84, 1.84, 1.84, 1.84, 1.84, 1.84, 1.23, 1.23, 1.23, 1.23, 1.23, 1.23, 1.23, 1.23, 1.23, 1.23, 1.23, 1.23, 1.23, 1.23, 1.23]

Complementary Slackness per Finite Element
[-16.95, -16.44, -9.65, -15.38, -15.61, -15.61, -15.61, -15.61, -15.61, -15.61, -15.61, -15.61, -15.61, -15.61, -15.63, -15.59, -15.61, -15.61, -15.61, -15.61, -15.61, -15.61, -15.61, -15.61, -15.61, -15.61, -15.61, -15.61, -15.61, -15.61]

Feed Rates
[0.001, 0.002, 0.001, 0.001, 0.001, 0.002, 0.002, 0.002, 0.002, 0.002, 0.003, 0.003, 0.003, 0.004, 0.004, 0.005, 0.005, 0.005, 0.006, 0.006, 0.007, 0.007, 0.008, 0.008, 0.009, 0.01, 0.011, 0.011, 0.012, 0.013]

Growth Rates [h-1]
[0.189, 0.181, 0.078, 0.061, 0.061, 0.061, 0.061, 0.061, 0.061, 0.061, 0.061, 0.061, 0.061, 0.061, 0.061, 0.061, 0.061, 0.061, 0.061, 0.061, 0.061, 0.061, 0.061, 0.061, 0.061, 0.061, 0.061, 0.061, 0.061, 0.061]

Final Product Amount [mmol]
563.9038391934561

Final Biomass Amount [g]
18.805631394314613

Process End
46.0
#-------------------------