#-------------------------
Termination Status
LOCALLY_INFEASIBLE

Time Elapsed
17.778852467

Objective Value
105.23610423594597

Normalized Complementary Slackness
-110.86680390059034

Finite Elements
[2.65, 2.6, 2.58, 2.56, 2.56, 2.58, 2.44, 2.57, 2.62, 2.56, 1.8, 1.8, 1.8, 1.8, 1.8, 1.81, 1.87, 2.6, 2.68, 1.82, 2.63, 2.68, 1.84, 1.85, 1.88, 2.68, 2.0, 2.09, 1.98, 1.85]

Complementary Slackness per Finite Element
[-112.57, -112.0, -111.58, -111.31, -111.16, -111.11, -111.1, -111.1, -111.13, -111.21, -111.19, -111.2, -111.22, -111.22, -111.23, -111.21, -111.21, -111.1, -111.04, -111.09, -110.95, -110.86, -111.09, -110.9, -111.04, -110.43, -110.82, -110.32, -108.82, -104.82]

Feed Rates
[0.001, 0.001, 0.001, 0.001, 0.001, 0.001, 0.001, 0.002, 0.002, 0.002, 0.003, 0.003, 0.003, 0.004, 0.004, 0.004, 0.005, 0.006, 0.006, 0.008, 0.009, 0.01, 0.012, 0.013, 0.015, 0.016, 0.019, 0.022, 0.025, 0.028]

Growth Rates [h-1]
[0.061, 0.061, 0.061, 0.061, 0.061, 0.061, 0.061, 0.061, 0.061, 0.061, 0.061, 0.061, 0.061, 0.061, 0.061, 0.061, 0.061, 0.061, 0.061, 0.061, 0.061, 0.061, 0.061, 0.061, 0.061, 0.061, 0.061, 0.061, 0.061, 0.061]

Final Product Amount [mmol]
1279.5115354698778

Final Biomass Amount [g]
41.06018455229724

Process End
67.0
#-------------------------