#-------------------------
Termination Status
LOCALLY_INFEASIBLE

Time Elapsed
14.751140136

Objective Value
400.2624560788454

Normalized Complementary Slackness
-119.48526610665098

Finite Elements
[1.23, 1.84, 1.84, 1.84, 1.84, 1.84, 1.84, 1.84, 1.84, 1.84, 1.84, 1.84, 1.84, 1.84, 1.84, 1.82, 1.25, 1.23, 1.23, 1.23, 1.23, 1.23, 1.23, 1.23, 1.23, 1.23, 1.23, 1.23, 1.23, 1.23]

Complementary Slackness per Finite Element
[-121.07, -120.86, -120.99, -121.01, -120.93, -120.72, -120.37, -121.02, -120.47, -120.12, -119.82, -119.52, -119.27, -119.1, -119.0, -118.93, -118.83, -118.82, -118.82, -118.86, -118.92, -118.35, -118.69, -119.02, -118.66, -118.75, -118.75, -118.67, -119.08, -117.14]

Feed Rates
[0.001, 0.0, 0.0, 0.0, 0.0, 0.0, 0.0, 0.001, 0.001, 0.001, 0.001, 0.001, 0.002, 0.002, 0.002, 0.003, 0.004, 0.004, 0.005, 0.005, 0.006, 0.007, 0.008, 0.01, 0.011, 0.013, 0.015, 0.017, 0.02, 0.023]

Growth Rates [h-1]
[0.116, 0.116, 0.116, 0.116, 0.116, 0.116, 0.116, 0.116, 0.116, 0.116, 0.116, 0.116, 0.116, 0.116, 0.116, 0.116, 0.116, 0.116, 0.116, 0.116, 0.116, 0.116, 0.116, 0.116, 0.116, 0.116, 0.116, 0.116, 0.116, 0.116]

Final Product Amount [mmol]
508.24502952047305

Final Biomass Amount [g]
23.59521017046351

Process End
46.0
#-------------------------