#-------------------------
Termination Status
LOCALLY_INFEASIBLE

Time Elapsed
14.831366787

Objective Value
262.2463226521219

Normalized Complementary Slackness
-23.476596159514013

Finite Elements
[0.68, 0.86, 0.68, 0.67, 0.67, 0.67, 0.67, 0.67, 0.67, 0.68, 0.68, 0.68, 0.68, 0.94, 0.97, 0.91, 0.98, 0.98, 0.99, 0.99, 0.98, 0.98, 0.94, 0.98, 0.9, 0.88, 0.87, 0.93, 0.98, 0.83]

Complementary Slackness per Finite Element
[-22.07, -21.85, -21.92, -22.92, -23.16, -23.38, -23.53, -23.63, -23.7, -23.72, -23.72, -24.0, -23.73, -23.81, -23.87, -23.67, -23.74, -23.71, -23.72, -23.71, -23.72, -23.69, -23.66, -23.66, -23.66, -23.66, -23.66, -23.67, -23.68, -23.69]

Feed Rates
[0.001, 0.001, 0.001, 0.001, 0.001, 0.002, 0.002, 0.002, 0.002, 0.002, 0.003, 0.003, 0.003, 0.004, 0.004, 0.005, 0.006, 0.007, 0.008, 0.009, 0.01, 0.012, 0.014, 0.016, 0.019, 0.022, 0.025, 0.028, 0.032, 0.038]

Growth Rates [h-1]
[0.153, 0.153, 0.153, 0.153, 0.153, 0.153, 0.153, 0.153, 0.153, 0.153, 0.153, 0.153, 0.153, 0.153, 0.153, 0.153, 0.153, 0.153, 0.153, 0.153, 0.153, 0.153, 0.153, 0.153, 0.153, 0.153, 0.153, 0.153, 0.153, 0.153]

Final Product Amount [mmol]
279.03649529334854

Final Biomass Amount [g]
32.20775719917788

Process End
25.0
#-------------------------