#-------------------------
Termination Status
LOCALLY_INFEASIBLE

Time Elapsed
22.062255411

Objective Value
83.89447733239767

Normalized Complementary Slackness
-19.327293311256355

Finite Elements
[0.83, 1.24, 1.24, 1.24, 1.24, 1.24, 1.24, 1.24, 1.24, 1.24, 1.24, 1.24, 1.24, 1.24, 1.24, 1.22, 0.85, 0.83, 0.83, 0.83, 0.83, 0.83, 0.83, 0.83, 0.83, 0.83, 0.83, 0.83, 0.83, 0.83]

Complementary Slackness per Finite Element
[-20.07, -19.7, -19.29, -19.3, -19.33, -19.3, -19.3, -19.27, -19.24, -19.19, -19.32, -19.24, -19.23, -19.22, -19.22, -19.25, -19.23, -19.24, -19.25, -19.29, -19.31, -19.28, -19.2, -19.3, -19.28, -19.31, -19.33, -19.39, -19.42, -19.52]

Feed Rates
[0.001, 0.0, 0.0, 0.0, 0.0, 0.001, 0.001, 0.001, 0.001, 0.001, 0.002, 0.002, 0.003, 0.003, 0.004, 0.005, 0.006, 0.007, 0.008, 0.009, 0.011, 0.012, 0.014, 0.016, 0.019, 0.022, 0.025, 0.029, 0.033, 0.038]

Growth Rates [h-1]
[0.171, 0.171, 0.171, 0.171, 0.171, 0.171, 0.171, 0.171, 0.171, 0.171, 0.171, 0.171, 0.171, 0.171, 0.171, 0.171, 0.171, 0.171, 0.171, 0.171, 0.171, 0.171, 0.171, 0.171, 0.171, 0.171, 0.171, 0.171, 0.171, 0.171]

Final Product Amount [mmol]
297.56784997236855

Final Biomass Amount [g]
30.42439924008769

Process End
31.0
#-------------------------