#-------------------------
Termination Status
LOCALLY_SOLVED

Time Elapsed
86.818863717

Objective Value
313.4799263498788

Normalized Complementary Slackness
-15.174723583875185

Finite Elements
[0.76, 0.76, 0.76, 0.76, 0.76, 0.76, 0.76, 0.76, 0.76, 0.76, 0.76, 0.76, 0.51, 0.51, 0.51, 0.51, 0.51, 0.51, 0.51, 0.76, 0.76, 0.76, 0.51, 0.51, 0.51, 0.51, 0.51, 0.51, 0.51, 0.51]

Complementary Slackness per Finite Element
[-16.95, -16.95, -16.95, -16.95, -16.95, -16.95, -16.95, -16.95, -16.95, -16.95, -16.95, -16.95, -16.95, -16.95, -16.95, -16.95, -16.95, -16.95, -16.95, -12.11, -12.11, -12.11, -12.11, -12.11, -12.11, -12.11, -12.11, -12.11, -12.11, -12.11]

Feed Rates
[0.001, 0.001, 0.001, 0.002, 0.002, 0.002, 0.003, 0.003, 0.003, 0.004, 0.005, 0.005, 0.006, 0.007, 0.007, 0.008, 0.009, 0.01, 0.011, 0.009, 0.009, 0.01, 0.011, 0.012, 0.012, 0.013, 0.014, 0.015, 0.016, 0.017]

Growth Rates [h-1]
[0.189, 0.189, 0.189, 0.189, 0.189, 0.189, 0.189, 0.189, 0.189, 0.189, 0.189, 0.189, 0.189, 0.189, 0.189, 0.189, 0.189, 0.189, 0.189, 0.116, 0.116, 0.116, 0.116, 0.116, 0.116, 0.116, 0.116, 0.116, 0.116, 0.116]

Final Product Amount [mmol]
294.056255693984

Final Biomass Amount [g]
16.278231952791852

Process End
19.0
#-------------------------