#-------------------------
Termination Status
LOCALLY_SOLVED

Time Elapsed
91.177239476

Objective Value
220.088958996211

Normalized Complementary Slackness
-15.983772959230668

Finite Elements
[1.24, 1.24, 1.24, 1.24, 1.24, 1.24, 1.24, 1.24, 1.24, 1.24, 1.24, 1.24, 1.24, 1.24, 0.84, 1.23, 0.83, 0.83, 0.83, 0.83, 0.83, 0.83, 0.83, 0.83, 0.83, 0.83, 0.83, 0.83, 0.83, 0.83]

Complementary Slackness per Finite Element
[-16.95, -16.95, -16.95, -16.95, -16.95, -16.95, -16.95, -16.95, -16.95, -16.95, -16.95, -16.95, -15.79, -6.06, -6.06, -16.55, -16.55, -16.55, -16.55, -16.55, -16.55, -16.55, -16.55, -16.55, -16.55, -16.55, -16.55, -16.55, -16.55, -16.55]

Feed Rates
[0.001, 0.001, 0.002, 0.002, 0.003, 0.004, 0.005, 0.006, 0.007, 0.009, 0.012, 0.015, 0.017, 0.008, 0.008, 0.008, 0.008, 0.008, 0.009, 0.009, 0.009, 0.009, 0.009, 0.01, 0.01, 0.01, 0.01, 0.01, 0.011, 0.011]

Growth Rates [h-1]
[0.189, 0.189, 0.189, 0.189, 0.189, 0.189, 0.189, 0.189, 0.189, 0.189, 0.189, 0.189, 0.172, 0.024, 0.024, 0.024, 0.024, 0.024, 0.024, 0.024, 0.024, 0.024, 0.024, 0.024, 0.024, 0.024, 0.024, 0.024, 0.024, 0.024]

Final Product Amount [mmol]
647.9841129253115

Final Biomass Amount [g]
20.94822634093429

Process End
31.0
#-------------------------