#-------------------------
Termination Status
LOCALLY_INFEASIBLE

Time Elapsed
14.739461114

Objective Value
-26.14565749731665

Normalized Complementary Slackness
-257.6796583729167

Finite Elements
[0.91, 1.36, 1.36, 1.36, 1.36, 1.36, 1.36, 1.36, 1.36, 1.36, 1.36, 1.36, 1.36, 1.36, 1.36, 1.36, 0.91, 0.91, 0.91, 0.91, 0.91, 0.91, 0.91, 0.91, 0.91, 0.91, 0.91, 0.91, 0.91, 0.91]

Complementary Slackness per Finite Element
[-257.7, -257.69, -257.69, -257.69, -257.69, -257.69, -257.69, -257.69, -257.69, -257.69, -257.69, -257.69, -257.69, -257.69, -257.69, -257.69, -257.69, -257.69, -257.69, -257.69, -257.69, -257.7, -257.7, -257.7, -257.69, -257.67, -257.68, -257.67, -257.58, -257.5]

Feed Rates
[0.001, 0.0, 0.0, 0.0, 0.0, 0.0, 0.0, 0.0, 0.001, 0.001, 0.001, 0.001, 0.002, 0.002, 0.003, 0.003, 0.004, 0.005, 0.006, 0.007, 0.009, 0.01, 0.012, 0.015, 0.017, 0.021, 0.024, 0.029, 0.034, 0.041]

Growth Rates [h-1]
[0.189, 0.189, 0.189, 0.189, 0.189, 0.189, 0.189, 0.189, 0.189, 0.189, 0.189, 0.189, 0.189, 0.189, 0.189, 0.189, 0.189, 0.189, 0.189, 0.189, 0.189, 0.189, 0.189, 0.189, 0.189, 0.189, 0.189, 0.189, 0.189, 0.189]

Final Product Amount [mmol]
226.84541875413066

Final Biomass Amount [g]
31.10304947183749

Process End
34.0
#-------------------------