#-------------------------
Termination Status
LOCALLY_INFEASIBLE

Time Elapsed
19.143978564

Objective Value
47.760245843957065

Normalized Complementary Slackness
-18.836013754459724

Finite Elements
[2.2, 2.2, 2.2, 2.2, 2.2, 2.2, 2.2, 2.2, 2.17, 1.79, 1.92, 1.47, 1.48, 1.47, 1.47, 1.51, 1.47, 1.47, 1.91, 2.05, 2.07, 2.05, 2.05, 1.48, 1.99, 1.47, 1.71, 1.47, 1.47, 1.47]

Complementary Slackness per Finite Element
[-19.53, -18.47, -18.33, -18.25, -18.23, -18.28, -18.35, -18.38, -17.63, -18.01, -18.45, -18.53, -18.74, -18.82, -18.78, -18.86, -18.97, -18.88, -19.08, -19.15, -19.18, -19.27, -19.34, -19.32, -19.44, -19.42, -19.36, -19.42, -19.4, -19.23]

Feed Rates
[0.001, 0.0, 0.0, 0.0, 0.0, 0.0, 0.0, 0.0, 0.0, 0.001, 0.001, 0.001, 0.001, 0.001, 0.001, 0.002, 0.002, 0.002, 0.003, 0.003, 0.004, 0.005, 0.007, 0.008, 0.01, 0.012, 0.015, 0.018, 0.021, 0.025]

Growth Rates [h-1]
[0.116, 0.116, 0.116, 0.116, 0.116, 0.116, 0.116, 0.116, 0.116, 0.116, 0.116, 0.116, 0.116, 0.116, 0.116, 0.116, 0.116, 0.116, 0.116, 0.116, 0.116, 0.116, 0.116, 0.116, 0.116, 0.116, 0.116, 0.116, 0.116, 0.116]

Final Product Amount [mmol]
329.4283471163254

Final Biomass Amount [g]
26.823035774566332

Process End
55.0
#-------------------------