#-------------------------
Termination Status
LOCALLY_INFEASIBLE

Time Elapsed
16.740155035

Objective Value
25.41685701686722

Normalized Complementary Slackness
-63.778446700614

Finite Elements
[2.08, 2.08, 2.08, 2.08, 2.08, 2.08, 2.08, 2.08, 2.08, 2.01, 1.6, 1.77, 1.39, 1.39, 1.39, 1.39, 1.39, 1.39, 1.39, 1.75, 1.91, 1.96, 1.96, 1.92, 1.75, 1.39, 1.39, 1.39, 1.39, 1.39]

Complementary Slackness per Finite Element
[-64.72, -64.02, -64.07, -64.05, -64.05, -64.05, -64.04, -64.03, -64.01, -63.98, -63.93, -63.8, -63.83, -63.78, -63.73, -63.62, -63.62, -63.59, -63.56, -63.52, -63.52, -63.51, -63.51, -63.51, -63.51, -63.53, -63.55, -63.56, -63.58, -63.59]

Feed Rates
[0.001, 0.0, 0.0, 0.0, 0.0, 0.0, 0.0, 0.0, 0.0, 0.0, 0.0, 0.0, 0.001, 0.001, 0.001, 0.001, 0.001, 0.002, 0.002, 0.002, 0.003, 0.004, 0.006, 0.008, 0.011, 0.014, 0.017, 0.021, 0.026, 0.032]

Growth Rates [h-1]
[0.153, 0.153, 0.153, 0.153, 0.153, 0.153, 0.153, 0.153, 0.153, 0.153, 0.153, 0.153, 0.153, 0.153, 0.153, 0.153, 0.153, 0.153, 0.153, 0.153, 0.153, 0.153, 0.153, 0.153, 0.153, 0.153, 0.153, 0.153, 0.153, 0.153]

Final Product Amount [mmol]
426.6834337620188

Final Biomass Amount [g]
29.244755367435594

Process End
52.0
#-------------------------