#-------------------------
Termination Status
LOCALLY_SOLVED

Time Elapsed
440.149883423

Objective Value
41.97079441643439

Normalized Complementary Slackness
-22.020133335073794

Finite Elements
[0.4, 0.4, 0.4, 0.4, 0.36, 0.4, 0.27, 0.32, 0.27, 0.27, 0.27, 0.27, 0.27, 0.27, 0.27, 0.27, 0.27, 0.27, 0.27, 0.27, 0.27, 0.38, 0.4, 0.4, 0.4, 0.4, 0.4, 0.4, 0.4, 0.4]

Complementary Slackness per Finite Element
[-26.01, -26.0, -26.0, -25.98, -25.96, -25.93, -25.89, -25.84, -25.77, -25.75, -25.74, -25.72, -25.67, -25.6, -25.6, -25.6, -25.6, -25.6, -25.6, -25.59, -25.63, -28.09, -15.11, -10.9, -10.9, -10.9, -10.9, -10.9, -10.9, -10.9]

Feed Rates
[0.001, 0.001, 0.001, 0.001, 0.001, 0.002, 0.002, 0.002, 0.002, 0.002, 0.002, 0.002, 0.002, 0.002, 0.003, 0.003, 0.003, 0.003, 0.003, 0.003, 0.003, 0.003, 0.002, 0.003, 0.003, 0.003, 0.003, 0.003, 0.003, 0.003]

Growth Rates [h-1]
[0.189, 0.189, 0.189, 0.189, 0.189, 0.189, 0.189, 0.189, 0.189, 0.189, 0.189, 0.189, 0.189, 0.189, 0.189, 0.189, 0.189, 0.189, 0.189, 0.189, 0.189, 0.176, 0.097, 0.097, 0.097, 0.097, 0.097, 0.097, 0.097, 0.097]

Final Product Amount [mmol]
50.44265927737831

Final Biomass Amount [g]
3.497023758550406

Process End
10.0
#-------------------------