#-------------------------
Termination Status
LOCALLY_INFEASIBLE

Time Elapsed
15.793822848

Objective Value
506.17854780735473

Normalized Complementary Slackness
-14.880003877885038

Finite Elements
[1.15, 1.72, 1.72, 1.72, 1.72, 1.72, 1.72, 1.72, 1.72, 1.72, 1.72, 1.72, 1.72, 1.72, 1.72, 1.7, 1.16, 1.15, 1.15, 1.15, 1.15, 1.15, 1.15, 1.15, 1.15, 1.15, 1.15, 1.15, 1.15, 1.15]

Complementary Slackness per Finite Element
[-15.11, -14.95, -15.35, -18.45, -12.75, -13.62, -17.66, -12.74, -14.55, -14.81, -14.82, -14.82, -14.82, -14.82, -14.82, -14.82, -14.82, -14.82, -14.83, -14.8, -14.84, -14.82, -14.82, -14.82, -14.82, -14.82, -14.82, -14.82, -14.82, -14.81]

Feed Rates
[0.001, 0.0, 0.0, 0.0, 0.0, 0.0, 0.001, 0.001, 0.001, 0.001, 0.001, 0.002, 0.002, 0.002, 0.003, 0.003, 0.004, 0.005, 0.005, 0.006, 0.007, 0.008, 0.009, 0.01, 0.012, 0.013, 0.015, 0.017, 0.02, 0.023]

Growth Rates [h-1]
[0.116, 0.116, 0.116, 0.116, 0.116, 0.116, 0.116, 0.116, 0.116, 0.116, 0.116, 0.116, 0.116, 0.116, 0.116, 0.116, 0.116, 0.116, 0.116, 0.116, 0.116, 0.116, 0.116, 0.116, 0.116, 0.116, 0.116, 0.116, 0.116, 0.116]

Final Product Amount [mmol]
508.3227520392677

Final Biomass Amount [g]
23.65484725050273

Process End
43.0
#-------------------------