#-------------------------
Termination Status
LOCALLY_INFEASIBLE

Time Elapsed
14.373534647

Objective Value
431.4634439051864

Normalized Complementary Slackness
-56.938898596044396

Finite Elements
[0.84, 0.84, 0.84, 0.84, 0.84, 0.84, 0.84, 0.84, 0.85, 0.85, 0.86, 1.2, 1.21, 1.22, 1.22, 1.22, 1.22, 1.23, 1.23, 1.23, 1.23, 1.22, 1.22, 1.22, 1.22, 1.21, 0.88, 0.86, 0.85, 0.85]

Complementary Slackness per Finite Element
[-60.63, -58.7, -57.96, -57.75, -57.6, -57.49, -57.4, -57.31, -57.21, -57.08, -56.88, -56.87, -56.97, -57.59, -56.63, -56.68, -56.71, -56.55, -57.64, -56.37, -56.61, -56.71, -56.77, -56.76, -56.84, -57.01, -56.98, -55.15, -53.77, -53.57]

Feed Rates
[0.001, 0.001, 0.001, 0.001, 0.001, 0.001, 0.001, 0.002, 0.002, 0.002, 0.002, 0.002, 0.003, 0.003, 0.003, 0.004, 0.005, 0.005, 0.006, 0.007, 0.008, 0.009, 0.011, 0.012, 0.014, 0.017, 0.019, 0.021, 0.023, 0.025]

Growth Rates [h-1]
[0.116, 0.116, 0.116, 0.116, 0.116, 0.116, 0.116, 0.116, 0.116, 0.116, 0.116, 0.116, 0.116, 0.116, 0.116, 0.116, 0.116, 0.116, 0.116, 0.116, 0.116, 0.116, 0.116, 0.116, 0.116, 0.116, 0.116, 0.116, 0.116, 0.116]

Final Product Amount [mmol]
477.01400917196503

Final Biomass Amount [g]
25.70255814837245

Process End
31.0
#-------------------------