#-------------------------
Termination Status
LOCALLY_INFEASIBLE

Time Elapsed
21.700904458

Objective Value
263.4676950676043

Normalized Complementary Slackness
-17.130045464663546

Finite Elements
[2.8, 2.8, 2.61, 2.6, 2.59, 2.57, 2.54, 2.49, 2.43, 2.33, 2.19, 1.99, 1.88, 1.87, 1.87, 1.87, 1.87, 1.87, 1.87, 1.87, 1.87, 1.87, 1.87, 2.72, 2.8, 2.8, 2.8, 2.8, 2.8, 2.8]

Complementary Slackness per Finite Element
[-17.37, -16.91, -16.9, -16.9, -16.89, -16.89, -16.88, -16.88, -16.87, -16.87, -16.87, -16.86, -16.86, -16.85, -16.89, -16.83, -16.89, -16.88, -16.84, -16.86, -16.85, -16.86, -16.85, -18.59, -18.51, -18.51, -16.73, -17.8, -18.52, -16.71]

Feed Rates
[0.001, 0.0, 0.0, 0.0, 0.0, 0.0, 0.0, 0.0, 0.0, 0.0, 0.0, 0.0, 0.0, 0.0, 0.0, 0.0, 0.0, 0.0, 0.0, 0.0, 0.001, 0.001, 0.001, 0.002, 0.003, 0.004, 0.007, 0.011, 0.018, 0.028]

Growth Rates [h-1]
[0.171, 0.171, 0.171, 0.171, 0.171, 0.171, 0.171, 0.171, 0.171, 0.171, 0.171, 0.171, 0.171, 0.171, 0.171, 0.171, 0.171, 0.171, 0.171, 0.171, 0.171, 0.171, 0.171, 0.171, 0.171, 0.171, 0.171, 0.171, 0.171, 0.171]

Final Product Amount [mmol]
277.9828619904487

Final Biomass Amount [g]
30.09012958261156

Process End
70.0
#-------------------------