#-------------------------
Termination Status
LOCALLY_INFEASIBLE

Time Elapsed
16.28333547

Objective Value
322.47817535593117

Normalized Complementary Slackness
-63.806028727261456

Finite Elements
[1.15, 1.72, 1.72, 1.72, 1.72, 1.72, 1.72, 1.72, 1.72, 1.72, 1.72, 1.72, 1.72, 1.72, 1.72, 1.71, 1.16, 1.15, 1.15, 1.15, 1.15, 1.15, 1.15, 1.15, 1.15, 1.15, 1.15, 1.15, 1.15, 1.15]

Complementary Slackness per Finite Element
[-63.91, -63.79, -63.8, -63.81, -63.81, -63.8, -63.8, -63.8, -63.79, -63.79, -63.79, -63.79, -63.78, -63.76, -63.75, -63.75, -63.76, -63.78, -63.8, -63.8, -63.8, -63.81, -63.83, -63.84, -63.85, -63.85, -63.85, -63.84, -63.83, -63.81]

Feed Rates
[0.001, 0.0, 0.0, 0.0, 0.0, 0.0, 0.0, 0.0, 0.0, 0.001, 0.001, 0.001, 0.001, 0.002, 0.002, 0.003, 0.003, 0.004, 0.005, 0.006, 0.007, 0.008, 0.01, 0.011, 0.014, 0.016, 0.019, 0.023, 0.028, 0.033]

Growth Rates [h-1]
[0.153, 0.153, 0.153, 0.153, 0.153, 0.153, 0.153, 0.153, 0.153, 0.153, 0.153, 0.153, 0.153, 0.153, 0.153, 0.153, 0.153, 0.153, 0.153, 0.153, 0.153, 0.153, 0.153, 0.153, 0.153, 0.153, 0.153, 0.153, 0.153, 0.153]

Final Product Amount [mmol]
378.3444989977218

Final Biomass Amount [g]
29.322191284840272

Process End
43.0
#-------------------------