#-------------------------
Termination Status
LOCALLY_INFEASIBLE

Time Elapsed
14.931898225

Objective Value
124.4073253328093

Normalized Complementary Slackness
-77.95020677959756

Finite Elements
[1.07, 1.6, 1.6, 1.6, 1.6, 1.6, 1.6, 1.6, 1.6, 1.6, 1.6, 1.6, 1.6, 1.6, 1.6, 1.6, 1.07, 1.07, 1.07, 1.07, 1.07, 1.07, 1.07, 1.07, 1.07, 1.07, 1.07, 1.07, 1.07, 1.07]

Complementary Slackness per Finite Element
[-77.33, -77.4, -77.44, -77.45, -77.43, -77.4, -77.72, -77.7, -77.36, -77.37, -77.75, -78.0, -77.95, -77.93, -77.91, -77.9, -77.91, -77.93, -77.96, -78.0, -78.06, -78.14, -78.25, -78.4, -78.5, -77.98, -78.44, -78.8, -78.98, -79.1]

Feed Rates
[0.001, 0.0, 0.0, 0.0, 0.0, 0.0, 0.0, 0.0, 0.0, 0.0, 0.0, 0.001, 0.001, 0.001, 0.001, 0.002, 0.003, 0.003, 0.004, 0.005, 0.006, 0.007, 0.008, 0.01, 0.013, 0.016, 0.019, 0.023, 0.028, 0.035]

Growth Rates [h-1]
[0.189, 0.189, 0.189, 0.189, 0.189, 0.189, 0.189, 0.189, 0.189, 0.189, 0.189, 0.189, 0.189, 0.189, 0.189, 0.189, 0.189, 0.189, 0.189, 0.189, 0.189, 0.189, 0.189, 0.189, 0.189, 0.189, 0.189, 0.189, 0.189, 0.189]

Final Product Amount [mmol]
198.72787459440696

Final Biomass Amount [g]
27.175067289679824

Process End
40.0
#-------------------------