#-------------------------
Termination Status
LOCALLY_SOLVED

Time Elapsed
90.768089205

Objective Value
180.60155020397679

Normalized Complementary Slackness
-15.447108631280786

Finite Elements
[1.48, 1.48, 1.48, 1.48, 1.48, 1.48, 1.48, 1.48, 1.48, 1.48, 1.48, 1.48, 1.48, 1.48, 1.48, 0.99, 0.99, 0.99, 0.99, 0.99, 0.99, 0.99, 0.99, 0.99, 0.99, 0.99, 0.99, 0.99, 0.99, 0.99]

Complementary Slackness per Finite Element
[-16.95, -16.95, -16.95, -16.95, -16.95, -16.95, -11.2, -8.49, -14.51, -15.59, -15.59, -15.59, -15.59, -15.59, -15.6, -15.59, -15.59, -15.59, -15.59, -15.59, -15.59, -15.59, -15.59, -15.59, -15.59, -15.59, -15.59, -15.59, -15.59, -15.59]

Feed Rates
[0.001, 0.001, 0.002, 0.003, 0.003, 0.005, 0.004, 0.003, 0.004, 0.004, 0.004, 0.005, 0.005, 0.006, 0.006, 0.007, 0.007, 0.008, 0.008, 0.009, 0.009, 0.01, 0.01, 0.011, 0.012, 0.012, 0.013, 0.014, 0.015, 0.016]

Growth Rates [h-1]
[0.189, 0.189, 0.189, 0.189, 0.189, 0.189, 0.102, 0.061, 0.061, 0.061, 0.061, 0.061, 0.061, 0.061, 0.061, 0.061, 0.061, 0.061, 0.061, 0.061, 0.061, 0.061, 0.061, 0.061, 0.061, 0.061, 0.061, 0.061, 0.061, 0.061]

Final Product Amount [mmol]
634.5178515076104

Final Biomass Amount [g]
22.272941699600583

Process End
37.0
#-------------------------