#-------------------------
Termination Status
LOCALLY_INFEASIBLE

Time Elapsed
17.771567558

Objective Value
449.2052815098111

Normalized Complementary Slackness
-30.839499163412253

Finite Elements
[0.67, 0.67, 0.67, 0.67, 0.67, 0.67, 0.67, 0.67, 0.67, 0.67, 0.68, 0.69, 0.75, 0.74, 0.75, 0.91, 0.98, 0.99, 0.99, 0.88, 0.99, 0.99, 0.99, 1.0, 1.0, 1.0, 1.0, 1.0, 1.0, 1.0]

Complementary Slackness per Finite Element
[-30.59, -30.41, -30.37, -30.37, -30.38, -30.41, -30.41, -30.35, -30.27, -30.19, -30.11, -30.11, -32.0, -30.18, -30.18, -31.25, -31.33, -31.24, -31.14, -31.19, -31.17, -31.05, -31.15, -31.12, -31.14, -31.17, -31.24, -31.39, -31.5, -31.77]

Feed Rates
[0.001, 0.001, 0.001, 0.001, 0.002, 0.002, 0.002, 0.002, 0.003, 0.003, 0.003, 0.004, 0.004, 0.005, 0.005, 0.006, 0.007, 0.008, 0.01, 0.012, 0.013, 0.016, 0.019, 0.022, 0.027, 0.031, 0.037, 0.044, 0.052, 0.062]

Growth Rates [h-1]
[0.171, 0.171, 0.171, 0.171, 0.171, 0.171, 0.171, 0.171, 0.171, 0.171, 0.171, 0.171, 0.171, 0.171, 0.171, 0.171, 0.171, 0.171, 0.171, 0.171, 0.171, 0.171, 0.171, 0.171, 0.171, 0.171, 0.171, 0.171, 0.171, 0.171]

Final Product Amount [mmol]
470.196067439828

Final Biomass Amount [g]
51.02654927453751

Process End
25.0
#-------------------------