#-------------------------
Termination Status
LOCALLY_INFEASIBLE

Time Elapsed
15.935904596

Objective Value
15.290443744986181

Normalized Complementary Slackness
-19.11287300992942

Finite Elements
[2.8, 2.8, 2.8, 2.8, 2.8, 2.8, 2.23, 2.21, 2.2, 2.17, 2.14, 2.09, 2.02, 1.93, 1.88, 1.87, 1.87, 1.87, 1.87, 1.87, 1.87, 1.87, 2.12, 2.58, 2.68, 2.73, 2.77, 2.79, 2.8, 2.8]

Complementary Slackness per Finite Element
[-18.33, -19.15, -19.11, -19.1, -19.1, -19.1, -19.09, -19.1, -19.12, -19.15, -19.2, -19.25, -19.13, -19.15, -19.15, -19.15, -19.15, -19.14, -19.14, -19.14, -19.14, -19.14, -19.15, -19.15, -19.15, -19.15, -19.17, -19.14, -19.13, -19.11]

Feed Rates
[0.001, 0.0, 0.0, 0.0, 0.0, 0.0, 0.0, 0.0, 0.0, 0.0, 0.0, 0.0, 0.0, 0.0, 0.0, 0.0, 0.0, 0.0, 0.0, 0.0, 0.0, 0.001, 0.001, 0.001, 0.002, 0.004, 0.006, 0.01, 0.018, 0.03]

Growth Rates [h-1]
[0.189, 0.189, 0.189, 0.189, 0.189, 0.189, 0.189, 0.189, 0.189, 0.189, 0.189, 0.189, 0.189, 0.189, 0.189, 0.189, 0.189, 0.189, 0.189, 0.189, 0.189, 0.189, 0.189, 0.189, 0.189, 0.189, 0.189, 0.189, 0.189, 0.189]

Final Product Amount [mmol]
226.44858503980583

Final Biomass Amount [g]
30.871871580260052

Process End
70.0
#-------------------------