#-------------------------
Termination Status
LOCALLY_INFEASIBLE

Time Elapsed
22.880905122

Objective Value
62.45596258967305

Normalized Complementary Slackness
-16.757697350450293

Finite Elements
[2.8, 2.68, 1.87, 1.87, 1.87, 1.87, 1.87, 1.87, 1.87, 1.87, 1.87, 1.87, 1.87, 1.87, 1.87, 1.87, 1.97, 2.8, 2.8, 2.8, 2.8, 2.8, 2.8, 2.8, 2.8, 2.8, 2.8, 2.8, 2.8, 2.8]

Complementary Slackness per Finite Element
[-17.87, -16.68, -16.23, -16.44, -16.45, -16.62, -16.58, -16.55, -16.54, -16.54, -16.54, -16.57, -16.62, -16.71, -16.89, -16.22, -17.06, -16.86, -16.88, -16.81, -16.92, -16.93, -16.93, -16.92, -16.9, -16.93, -16.85, -16.88, -16.86, -16.94]

Feed Rates
[0.001, 0.0, 0.0, 0.0, 0.0, 0.0, 0.0, 0.0, 0.0, 0.0, 0.0, 0.0, 0.0, 0.001, 0.001, 0.001, 0.001, 0.001, 0.001, 0.002, 0.002, 0.002, 0.003, 0.004, 0.005, 0.006, 0.007, 0.009, 0.011, 0.014]

Growth Rates [h-1]
[0.079, 0.079, 0.079, 0.079, 0.079, 0.079, 0.079, 0.079, 0.079, 0.079, 0.079, 0.079, 0.079, 0.079, 0.079, 0.079, 0.079, 0.079, 0.079, 0.079, 0.079, 0.079, 0.079, 0.079, 0.079, 0.079, 0.079, 0.079, 0.079, 0.079]

Final Product Amount [mmol]
494.8415638795426

Final Biomass Amount [g]
20.221378825071803

Process End
70.0
#-------------------------