#-------------------------
Termination Status
LOCALLY_INFEASIBLE

Time Elapsed
17.391019919

Objective Value
-10.406312121527264

Normalized Complementary Slackness
-84.2518382286506

Finite Elements
[2.2, 2.2, 2.2, 2.2, 2.2, 2.2, 2.2, 2.19, 2.0, 1.68, 1.47, 1.47, 1.47, 1.47, 1.47, 1.47, 1.47, 1.48, 1.72, 1.94, 2.05, 2.08, 2.12, 2.1, 2.08, 1.96, 1.53, 1.47, 1.47, 1.47]

Complementary Slackness per Finite Element
[-84.88, -84.89, -84.64, -84.54, -84.48, -84.43, -84.44, -84.47, -84.6, -84.53, -84.51, -84.54, -84.58, -84.63, -84.67, -84.72, -84.61, -84.22, -83.92, -83.75, -83.69, -83.67, -83.76, -83.65, -83.65, -83.64, -83.65, -83.82, -83.93, -84.06]

Feed Rates
[0.001, 0.0, 0.0, 0.0, 0.0, 0.0, 0.0, 0.0, 0.0, 0.0, 0.0, 0.0, 0.0, 0.0, 0.0, 0.001, 0.001, 0.001, 0.001, 0.002, 0.002, 0.003, 0.004, 0.006, 0.008, 0.01, 0.014, 0.018, 0.022, 0.027]

Growth Rates [h-1]
[0.153, 0.153, 0.153, 0.153, 0.153, 0.153, 0.153, 0.153, 0.153, 0.153, 0.153, 0.153, 0.153, 0.153, 0.153, 0.153, 0.153, 0.153, 0.153, 0.153, 0.153, 0.153, 0.153, 0.153, 0.153, 0.153, 0.153, 0.153, 0.153, 0.153]

Final Product Amount [mmol]
375.1380452712151

Final Biomass Amount [g]
25.583935827557156

Process End
55.0
#-------------------------