#-------------------------
Termination Status
LOCALLY_SOLVED

Time Elapsed
55.739741862

Objective Value
168.37101009747386

Normalized Complementary Slackness
-15.444902230405065

Finite Elements
[1.6, 1.6, 1.6, 1.6, 1.6, 1.6, 1.6, 1.6, 1.6, 1.6, 1.6, 1.6, 1.6, 1.6, 1.6, 1.07, 1.07, 1.07, 1.07, 1.07, 1.07, 1.07, 1.07, 1.07, 1.07, 1.07, 1.07, 1.07, 1.07, 1.07]

Complementary Slackness per Finite Element
[-16.95, -16.95, -16.95, -16.95, -15.97, -8.49, -12.39, -15.59, -15.59, -15.59, -15.59, -15.59, -15.59, -15.59, -15.6, -15.59, -15.59, -15.59, -15.59, -15.59, -15.59, -15.59, -15.59, -15.59, -15.59, -15.59, -15.59, -15.59, -15.59, -15.59]

Feed Rates
[0.001, 0.002, 0.002, 0.003, 0.004, 0.002, 0.003, 0.003, 0.003, 0.004, 0.004, 0.004, 0.005, 0.005, 0.006, 0.006, 0.007, 0.007, 0.008, 0.008, 0.009, 0.009, 0.01, 0.01, 0.011, 0.012, 0.013, 0.014, 0.014, 0.015]

Growth Rates [h-1]
[0.189, 0.189, 0.189, 0.189, 0.174, 0.061, 0.061, 0.061, 0.061, 0.061, 0.061, 0.061, 0.061, 0.061, 0.061, 0.061, 0.061, 0.061, 0.061, 0.061, 0.061, 0.061, 0.061, 0.061, 0.061, 0.061, 0.061, 0.061, 0.061, 0.061]

Final Product Amount [mmol]
638.2645014954617

Final Biomass Amount [g]
21.904372328641774

Process End
40.0
#-------------------------