#-------------------------
Termination Status
LOCALLY_INFEASIBLE

Time Elapsed
13.944273765

Objective Value
61.49158411674513

Normalized Complementary Slackness
-33.24439872293882

Finite Elements
[2.56, 2.56, 2.56, 2.56, 2.56, 2.55, 2.1, 1.93, 1.75, 1.71, 1.71, 1.71, 1.71, 1.71, 1.71, 1.71, 1.71, 2.03, 2.26, 2.4, 2.45, 1.93, 2.35, 2.48, 2.52, 2.1, 1.82, 1.99, 2.32, 2.56]

Complementary Slackness per Finite Element
[-35.15, -34.67, -34.56, -34.5, -34.46, -34.42, -34.11, -33.76, -33.58, -33.75, -33.6, -33.5, -33.34, -33.2, -33.07, -32.99, -32.84, -32.64, -32.37, -32.28, -32.26, -32.21, -32.41, -32.4, -32.48, -32.45, -32.48, -32.48, -32.65, -32.71]

Feed Rates
[0.001, 0.0, 0.0, 0.0, 0.0, 0.0, 0.0, 0.0, 0.0, 0.0, 0.0, 0.0, 0.0, 0.0, 0.0, 0.0, 0.001, 0.001, 0.001, 0.001, 0.002, 0.002, 0.003, 0.004, 0.006, 0.008, 0.011, 0.014, 0.018, 0.025]

Growth Rates [h-1]
[0.134, 0.134, 0.134, 0.134, 0.134, 0.134, 0.134, 0.134, 0.134, 0.134, 0.134, 0.134, 0.134, 0.134, 0.134, 0.134, 0.134, 0.134, 0.134, 0.134, 0.134, 0.134, 0.134, 0.134, 0.134, 0.134, 0.134, 0.134, 0.134, 0.134]

Final Product Amount [mmol]
559.2987007563729

Final Biomass Amount [g]
28.09131078182753

Process End
64.0
#-------------------------