#-------------------------
Termination Status
LOCALLY_INFEASIBLE

Time Elapsed
17.532045337

Objective Value
36.39479297271894

Normalized Complementary Slackness
-19.351299673621075

Finite Elements
[2.44, 2.44, 2.44, 2.44, 2.44, 2.44, 2.44, 2.44, 2.44, 2.44, 2.44, 2.44, 2.4, 1.93, 1.66, 1.63, 1.63, 1.63, 1.63, 1.63, 2.16, 2.14, 1.89, 1.63, 1.63, 1.63, 1.63, 1.63, 1.63, 1.63]

Complementary Slackness per Finite Element
[-20.56, -19.03, -18.75, -18.62, -18.63, -18.81, -19.14, -18.11, -18.33, -18.45, -18.64, -18.91, -19.12, -19.22, -19.37, -19.49, -19.62, -19.12, -18.92, -19.31, -19.58, -19.7, -19.81, -19.9, -20.0, -20.31, -20.35, -20.35, -20.25, -20.15]

Feed Rates
[0.001, 0.0, 0.0, 0.0, 0.0, 0.0, 0.0, 0.0, 0.0, 0.0, 0.0, 0.001, 0.001, 0.001, 0.001, 0.001, 0.002, 0.002, 0.002, 0.003, 0.003, 0.004, 0.006, 0.007, 0.008, 0.01, 0.012, 0.015, 0.018, 0.022]

Growth Rates [h-1]
[0.116, 0.116, 0.116, 0.116, 0.116, 0.116, 0.116, 0.116, 0.116, 0.116, 0.116, 0.116, 0.116, 0.116, 0.116, 0.116, 0.116, 0.116, 0.116, 0.116, 0.116, 0.116, 0.116, 0.116, 0.116, 0.116, 0.116, 0.116, 0.116, 0.116]

Final Product Amount [mmol]
302.14500560794056

Final Biomass Amount [g]
23.44265820822879

Process End
61.0
#-------------------------