#-------------------------
Termination Status
LOCALLY_INFEASIBLE

Time Elapsed
22.426259275

Objective Value
52.3188658841216

Normalized Complementary Slackness
-18.842404976041657

Finite Elements
[2.56, 2.55, 2.27, 1.71, 1.71, 1.71, 1.71, 1.71, 1.71, 1.71, 1.71, 1.71, 1.71, 1.71, 1.71, 1.71, 1.71, 2.0, 2.56, 2.56, 2.56, 2.56, 2.56, 2.56, 2.56, 2.56, 2.56, 2.56, 2.56, 2.56]

Complementary Slackness per Finite Element
[-18.77, -18.66, -19.32, -19.5, -18.63, -18.76, -18.81, -18.84, -18.85, -18.87, -18.9, -18.92, -18.96, -18.99, -18.99, -18.94, -18.8, -19.32, -19.14, -19.23, -18.51, -18.28, -18.82, -18.77, -19.15, -19.14, -19.03, -18.84, -18.21, -17.31]

Feed Rates
[0.001, 0.0, 0.0, 0.0, 0.0, 0.0, 0.0, 0.0, 0.0, 0.0, 0.001, 0.001, 0.001, 0.001, 0.001, 0.001, 0.001, 0.001, 0.002, 0.002, 0.002, 0.003, 0.004, 0.004, 0.005, 0.007, 0.008, 0.01, 0.012, 0.015]

Growth Rates [h-1]
[0.079, 0.079, 0.079, 0.079, 0.079, 0.079, 0.079, 0.079, 0.079, 0.079, 0.079, 0.079, 0.079, 0.079, 0.079, 0.079, 0.079, 0.079, 0.079, 0.079, 0.079, 0.079, 0.079, 0.079, 0.079, 0.079, 0.079, 0.079, 0.079, 0.079]

Final Product Amount [mmol]
410.4588107953257

Final Biomass Amount [g]
20.286195010645375

Process End
64.0
#-------------------------