#-------------------------
Termination Status
LOCALLY_SOLVED

Time Elapsed
55.204796211

Objective Value
154.57212348777986

Normalized Complementary Slackness
-15.828173763561642

Finite Elements
[0.82, 0.82, 0.82, 0.82, 0.82, 0.82, 0.82, 0.82, 0.82, 0.82, 0.82, 0.82, 0.82, 0.82, 0.81, 0.55, 0.55, 0.55, 0.56, 0.55, 0.55, 0.55, 0.55, 0.55, 0.55, 0.55, 0.55, 0.55, 0.55, 0.55]

Complementary Slackness per Finite Element
[-16.69, -16.69, -16.69, -16.69, -16.69, -16.69, -16.69, -16.69, -16.69, -16.69, -16.69, -16.69, -16.69, -16.69, -16.69, -16.69, -16.69, -16.69, -14.53, -14.53, -14.53, -14.53, -14.53, -14.53, -14.53, -14.53, -14.53, -14.53, -14.53, -14.53]

Feed Rates
[0.001, 0.001, 0.002, 0.002, 0.002, 0.002, 0.003, 0.003, 0.004, 0.004, 0.005, 0.006, 0.007, 0.008, 0.01, 0.011, 0.012, 0.014, 0.013, 0.014, 0.015, 0.017, 0.018, 0.02, 0.022, 0.023, 0.025, 0.028, 0.03, 0.033]

Growth Rates [h-1]
[0.189, 0.189, 0.189, 0.189, 0.189, 0.189, 0.189, 0.189, 0.189, 0.189, 0.189, 0.189, 0.189, 0.189, 0.189, 0.189, 0.189, 0.189, 0.153, 0.153, 0.153, 0.153, 0.153, 0.153, 0.153, 0.153, 0.153, 0.153, 0.153, 0.153]

Final Product Amount [mmol]
330.86508900106486

Final Biomass Amount [g]
27.065746539436184

Process End
20.5
#-------------------------