#-------------------------
Termination Status
LOCALLY_SOLVED

Time Elapsed
394.879412765

Objective Value
144.99907741861531

Normalized Complementary Slackness
-11.694125294843165

Finite Elements
[0.7, 0.7, 0.7, 0.7, 0.7, 0.7, 0.7, 0.7, 0.7, 0.7, 0.7, 0.7, 0.7, 0.7, 0.7, 0.47, 0.47, 0.47, 0.47, 0.47, 0.47, 0.47, 0.47, 0.47, 0.47, 0.47, 0.47, 0.47, 0.47, 0.47]

Complementary Slackness per Finite Element
[-11.69, -11.69, -11.69, -11.69, -11.69, -11.69, -11.69, -11.69, -11.69, -11.69, -11.69, -11.69, -11.69, -11.69, -11.69, -11.69, -11.69, -11.69, -11.69, -11.69, -11.69, -11.69, -11.69, -11.69, -11.69, -11.69, -11.69, -11.69, -11.69, -11.69]

Feed Rates
[0.001, 0.001, 0.001, 0.002, 0.002, 0.002, 0.002, 0.003, 0.003, 0.004, 0.004, 0.005, 0.005, 0.006, 0.007, 0.008, 0.009, 0.01, 0.01, 0.011, 0.012, 0.014, 0.015, 0.016, 0.018, 0.019, 0.021, 0.023, 0.025, 0.028]

Growth Rates [h-1]
[0.189, 0.189, 0.189, 0.189, 0.189, 0.189, 0.189, 0.189, 0.189, 0.189, 0.189, 0.189, 0.189, 0.189, 0.189, 0.189, 0.189, 0.189, 0.189, 0.189, 0.189, 0.189, 0.189, 0.189, 0.189, 0.189, 0.189, 0.189, 0.189, 0.189]

Final Product Amount [mmol]
137.14540982547425

Final Biomass Amount [g]
19.530969779679296

Process End
17.5
#-------------------------