#-------------------------
Termination Status
LOCALLY_INFEASIBLE

Time Elapsed
17.133202205

Objective Value
341.554773564454

Normalized Complementary Slackness
-37.53318738257868

Finite Elements
[0.93, 0.65, 0.78, 0.66, 0.84, 0.67, 0.9, 0.65, 0.66, 0.66, 0.73, 0.65, 0.91, 0.66, 0.92, 0.93, 0.93, 0.93, 0.93, 0.93, 0.92, 0.9, 0.81, 0.91, 0.65, 0.65, 0.65, 0.71, 0.72, 0.68]

Complementary Slackness per Finite Element
[-36.64, -36.66, -36.64, -36.66, -36.61, -36.67, -36.68, -36.72, -36.72, -36.73, -36.75, -38.1, -38.14, -38.09, -38.14, -38.04, -38.02, -38.01, -38.01, -38.01, -37.99, -37.98, -37.97, -37.96, -37.98, -38.01, -38.03, -38.02, -37.99, -38.0]

Feed Rates
[0.001, 0.001, 0.001, 0.002, 0.002, 0.002, 0.002, 0.003, 0.003, 0.003, 0.004, 0.004, 0.005, 0.005, 0.006, 0.007, 0.008, 0.01, 0.011, 0.013, 0.016, 0.018, 0.021, 0.024, 0.028, 0.032, 0.035, 0.04, 0.045, 0.05]

Growth Rates [h-1]
[0.171, 0.171, 0.171, 0.171, 0.171, 0.171, 0.171, 0.171, 0.171, 0.171, 0.171, 0.171, 0.171, 0.171, 0.171, 0.171, 0.171, 0.171, 0.171, 0.171, 0.171, 0.171, 0.171, 0.171, 0.171, 0.171, 0.171, 0.171, 0.171, 0.171]

Final Product Amount [mmol]
369.5215789209674

Final Biomass Amount [g]
39.48243654603088

Process End
23.5
#-------------------------