#-------------------------
Termination Status
LOCALLY_INFEASIBLE

Time Elapsed
17.390988547

Objective Value
556.7149713657344

Normalized Complementary Slackness
-19.65794695449796

Finite Elements
[2.2, 2.2, 2.2, 2.2, 2.2, 2.2, 2.2, 2.2, 2.2, 2.19, 1.91, 1.58, 1.47, 1.47, 1.82, 1.47, 1.95, 2.02, 2.03, 2.01, 1.91, 1.62, 1.47, 1.47, 1.47, 1.47, 1.47, 1.47, 1.47, 1.47]

Complementary Slackness per Finite Element
[-23.18, -19.42, -19.38, -19.35, -19.33, -19.33, -19.35, -19.37, -19.41, -19.48, -19.52, -19.52, -19.51, -19.5, -19.56, -19.47, -19.63, -19.68, -19.7, -19.7, -19.69, -19.67, -19.66, -19.65, -19.64, -19.64, -19.63, -19.65, -19.63, -19.5]

Feed Rates
[0.001, 0.0, 0.0, 0.0, 0.0, 0.0, 0.0, 0.0, 0.0, 0.0, 0.0, 0.001, 0.001, 0.001, 0.001, 0.001, 0.002, 0.002, 0.003, 0.003, 0.004, 0.006, 0.007, 0.009, 0.011, 0.013, 0.016, 0.019, 0.023, 0.028]

Growth Rates [h-1]
[0.134, 0.134, 0.134, 0.134, 0.134, 0.134, 0.134, 0.134, 0.134, 0.134, 0.134, 0.134, 0.134, 0.134, 0.134, 0.134, 0.134, 0.134, 0.134, 0.134, 0.134, 0.134, 0.134, 0.134, 0.134, 0.134, 0.134, 0.134, 0.134, 0.134]

Final Product Amount [mmol]
566.1597900869759

Final Biomass Amount [g]
28.133274415050725

Process End
55.0
#-------------------------