#-------------------------
Termination Status
LOCALLY_INFEASIBLE

Time Elapsed
27.362030125

Objective Value
984.0265019204214

Normalized Complementary Slackness
-28.36118865670085

Finite Elements
[1.23, 1.24, 1.28, 1.79, 1.8, 1.8, 1.79, 1.29, 1.26, 1.26, 1.27, 1.25, 1.29, 1.24, 1.34, 1.25, 1.36, 1.25, 1.52, 1.8, 1.28, 1.81, 1.8, 1.82, 1.83, 1.83, 1.83, 1.83, 1.83, 1.81]

Complementary Slackness per Finite Element
[-27.13, -26.14, -26.22, -26.72, -27.76, -28.72, -29.04, -29.16, -29.34, -29.35, -29.35, -29.34, -29.32, -29.32, -29.3, -29.31, -29.3, -29.34, -29.35, -29.38, -29.46, -29.11, -29.16, -29.08, -28.85, -28.33, -27.2, -26.15, -25.39, -25.22]

Feed Rates
[0.001, 0.001, 0.001, 0.001, 0.001, 0.001, 0.002, 0.002, 0.002, 0.003, 0.003, 0.003, 0.004, 0.004, 0.005, 0.005, 0.006, 0.007, 0.008, 0.009, 0.011, 0.013, 0.015, 0.018, 0.021, 0.026, 0.03, 0.036, 0.044, 0.052]

Growth Rates [h-1]
[0.097, 0.097, 0.097, 0.097, 0.097, 0.097, 0.097, 0.097, 0.097, 0.097, 0.097, 0.097, 0.097, 0.097, 0.097, 0.097, 0.097, 0.097, 0.097, 0.097, 0.097, 0.097, 0.097, 0.097, 0.097, 0.097, 0.097, 0.097, 0.097, 0.097]

Final Product Amount [mmol]
998.43635071347

Final Biomass Amount [g]
62.58883031308574

Process End
46.0
#-------------------------