#-------------------------
Termination Status
LOCALLY_INFEASIBLE

Time Elapsed
14.995839953

Objective Value
34.45099360319744

Normalized Complementary Slackness
-15.287934860042073

Finite Elements
[1.96, 1.96, 1.96, 1.96, 1.96, 1.96, 1.96, 1.96, 1.96, 1.96, 1.96, 1.93, 1.52, 1.31, 1.31, 1.31, 1.31, 1.31, 1.31, 1.64, 1.81, 1.83, 1.73, 1.32, 1.31, 1.31, 1.31, 1.31, 1.31, 1.31]

Complementary Slackness per Finite Element
[-15.29, -15.29, -15.29, -15.29, -15.29, -15.29, -15.29, -15.29, -15.29, -15.29, -15.29, -15.29, -15.29, -15.29, -15.29, -15.29, -15.29, -15.29, -15.29, -15.29, -15.29, -15.29, -15.29, -15.29, -15.29, -15.29, -15.29, -15.29, -15.29, -15.29]

Feed Rates
[0.001, 0.0, 0.0, 0.0, 0.0, 0.0, 0.0, 0.0, 0.0, 0.0, 0.0, 0.0, 0.0, 0.001, 0.001, 0.001, 0.001, 0.001, 0.002, 0.002, 0.003, 0.004, 0.006, 0.009, 0.011, 0.014, 0.018, 0.023, 0.03, 0.038]

Growth Rates [h-1]
[0.189, 0.189, 0.189, 0.189, 0.189, 0.189, 0.189, 0.189, 0.189, 0.189, 0.189, 0.189, 0.189, 0.189, 0.189, 0.189, 0.189, 0.189, 0.189, 0.189, 0.189, 0.189, 0.189, 0.189, 0.189, 0.189, 0.189, 0.189, 0.189, 0.189]

Final Product Amount [mmol]
226.80155526044646

Final Biomass Amount [g]
30.973701450130147

Process End
49.0
#-------------------------