#-------------------------
Termination Status
LOCALLY_SOLVED

Time Elapsed
577.659866552

Objective Value
64.80034066951072

Normalized Complementary Slackness
-16.23116113246837

Finite Elements
[0.52, 0.52, 0.52, 0.52, 0.41, 0.36, 0.35, 0.35, 0.35, 0.35, 0.35, 0.35, 0.35, 0.35, 0.35, 0.35, 0.35, 0.35, 0.35, 0.44, 0.52, 0.52, 0.52, 0.52, 0.52, 0.52, 0.52, 0.52, 0.52, 0.51]

Complementary Slackness per Finite Element
[-16.33, -16.33, -16.33, -16.33, -16.33, -16.34, -16.33, -16.33, -16.33, -16.33, -16.33, -16.33, -16.33, -16.33, -16.32, -16.32, -16.32, -16.32, -16.32, -19.89, -15.68, -15.68, -15.68, -15.68, -15.68, -15.68, -15.68, -15.68, -15.68, -15.68]

Feed Rates
[0.001, 0.001, 0.001, 0.001, 0.002, 0.002, 0.002, 0.002, 0.002, 0.002, 0.002, 0.003, 0.003, 0.003, 0.003, 0.003, 0.004, 0.004, 0.004, 0.004, 0.004, 0.005, 0.005, 0.006, 0.006, 0.007, 0.008, 0.008, 0.009, 0.01]

Growth Rates [h-1]
[0.189, 0.189, 0.189, 0.189, 0.189, 0.189, 0.189, 0.189, 0.189, 0.189, 0.189, 0.189, 0.189, 0.189, 0.189, 0.189, 0.189, 0.189, 0.189, 0.178, 0.171, 0.171, 0.171, 0.171, 0.171, 0.171, 0.171, 0.171, 0.171, 0.171]

Final Product Amount [mmol]
66.23160945729029

Final Biomass Amount [g]
7.53096028872339

Process End
13.0
#-------------------------