#-------------------------
Termination Status
LOCALLY_INFEASIBLE

Time Elapsed
13.696544869

Objective Value
527.5181639921996

Normalized Complementary Slackness
-65.0900256795415

Finite Elements
[1.96, 1.96, 1.96, 1.96, 1.96, 1.96, 1.96, 1.96, 1.96, 1.96, 1.96, 1.96, 1.96, 1.96, 1.96, 1.31, 1.31, 1.31, 1.31, 1.31, 1.31, 1.31, 1.31, 1.31, 1.31, 1.31, 1.31, 1.31, 1.31, 1.31]

Complementary Slackness per Finite Element
[-68.19, -67.4, -67.0, -66.81, -66.8, -65.58, -65.58, -65.55, -65.47, -65.36, -65.21, -65.05, -64.89, -64.75, -64.63, -64.51, -64.45, -64.4, -64.33, -64.16, -64.51, -64.35, -64.33, -64.32, -64.31, -64.3, -64.31, -64.26, -64.52, -63.36]

Feed Rates
[0.001, 0.0, 0.0, 0.0, 0.0, 0.0, 0.0, 0.001, 0.001, 0.001, 0.001, 0.001, 0.002, 0.002, 0.002, 0.003, 0.004, 0.004, 0.005, 0.006, 0.007, 0.008, 0.009, 0.01, 0.012, 0.014, 0.016, 0.019, 0.022, 0.025]

Growth Rates [h-1]
[0.116, 0.116, 0.116, 0.116, 0.116, 0.116, 0.116, 0.116, 0.116, 0.116, 0.116, 0.116, 0.116, 0.116, 0.116, 0.116, 0.116, 0.116, 0.116, 0.116, 0.116, 0.116, 0.116, 0.116, 0.116, 0.116, 0.116, 0.116, 0.116, 0.116]

Final Product Amount [mmol]
580.2415464075253

Final Biomass Amount [g]
26.890679951447687

Process End
49.0
#-------------------------