#-------------------------
Termination Status
LOCALLY_SOLVED

Time Elapsed
55.098968115

Objective Value
106.7673881614057

Normalized Complementary Slackness
-15.081549113663124

Finite Elements
[0.64, 0.64, 0.64, 0.64, 0.64, 0.64, 0.64, 0.64, 0.64, 0.64, 0.64, 0.64, 0.64, 0.64, 0.64, 0.43, 0.43, 0.43, 0.43, 0.43, 0.43, 0.43, 0.43, 0.43, 0.43, 0.43, 0.43, 0.43, 0.43, 0.43]

Complementary Slackness per Finite Element
[-16.95, -16.95, -16.95, -16.95, -16.95, -16.95, -16.95, -16.95, -16.95, -16.95, -16.95, -16.95, -16.95, -16.95, -16.95, -16.95, -16.95, -16.95, -16.95, -16.95, -16.95, -16.95, -16.95, -16.95, -9.16, -7.28, -7.28, -7.28, -7.28, -7.28]

Feed Rates
[0.001, 0.001, 0.001, 0.002, 0.002, 0.002, 0.002, 0.003, 0.003, 0.003, 0.004, 0.004, 0.005, 0.005, 0.006, 0.007, 0.007, 0.008, 0.009, 0.009, 0.01, 0.011, 0.012, 0.013, 0.007, 0.006, 0.006, 0.006, 0.006, 0.006]

Growth Rates [h-1]
[0.189, 0.189, 0.189, 0.189, 0.189, 0.189, 0.189, 0.189, 0.189, 0.189, 0.189, 0.189, 0.189, 0.189, 0.189, 0.189, 0.189, 0.189, 0.189, 0.189, 0.189, 0.189, 0.189, 0.189, 0.071, 0.042, 0.042, 0.042, 0.042, 0.042]

Final Product Amount [mmol]
187.79270446237206

Final Biomass Amount [g]
10.208159217053375

Process End
16.0
#-------------------------