#-------------------------
Termination Status
LOCALLY_INFEASIBLE

Time Elapsed
16.293222912

Objective Value
484.82317282178076

Normalized Complementary Slackness
-43.429607757567624

Finite Elements
[1.31, 1.96, 1.96, 1.86, 1.51, 1.31, 1.31, 1.31, 1.31, 1.31, 1.31, 1.31, 1.31, 1.31, 1.31, 1.31, 1.71, 1.87, 1.92, 1.93, 1.93, 1.94, 1.93, 1.81, 1.83, 1.8, 1.82, 1.84, 1.86, 1.81]

Complementary Slackness per Finite Element
[-44.19, -43.5, -43.82, -43.69, -43.6, -43.52, -43.44, -43.39, -43.34, -43.32, -43.31, -43.31, -43.36, -43.3, -43.24, -43.19, -43.14, -43.22, -43.39, -43.59, -43.48, -43.58, -43.56, -43.53, -43.5, -43.45, -43.38, -43.29, -43.18, -43.1]

Feed Rates
[0.001, 0.0, 0.0, 0.0, 0.0, 0.0, 0.0, 0.0, 0.0, 0.0, 0.0, 0.0, 0.001, 0.001, 0.001, 0.001, 0.001, 0.001, 0.002, 0.002, 0.003, 0.004, 0.005, 0.006, 0.008, 0.01, 0.013, 0.017, 0.021, 0.027]

Growth Rates [h-1]
[0.134, 0.134, 0.134, 0.134, 0.134, 0.134, 0.134, 0.134, 0.134, 0.134, 0.134, 0.134, 0.134, 0.134, 0.134, 0.134, 0.134, 0.134, 0.134, 0.134, 0.134, 0.134, 0.134, 0.134, 0.134, 0.134, 0.134, 0.134, 0.134, 0.134]

Final Product Amount [mmol]
520.1633324567581

Final Biomass Amount [g]
28.187157513832208

Process End
49.0
#-------------------------