#-------------------------
Termination Status
LOCALLY_INFEASIBLE

Time Elapsed
14.946090465

Objective Value
67.53400397199515

Normalized Complementary Slackness
-16.57491020142255

Finite Elements
[2.8, 2.79, 2.79, 2.48, 2.43, 2.37, 2.27, 2.15, 2.05, 1.89, 2.3, 1.92, 1.87, 1.87, 1.87, 1.87, 1.87, 1.87, 1.87, 1.87, 1.87, 2.54, 2.8, 2.8, 2.8, 2.8, 2.8, 2.8, 2.8, 2.8]

Complementary Slackness per Finite Element
[-17.1, -16.35, -16.41, -16.16, -16.48, -16.82, -16.68, -16.79, -17.05, -16.59, -16.86, -16.76, -16.64, -16.78, -16.76, -16.66, -16.54, -16.65, -16.63, -16.56, -16.38, -16.19, -16.37, -16.46, -16.36, -16.4, -16.45, -16.48, -16.47, -16.42]

Feed Rates
[0.001, 0.0, 0.0, 0.0, 0.0, 0.0, 0.0, 0.0, 0.0, 0.0, 0.0, 0.0, 0.0, 0.0, 0.0, 0.0, 0.0, 0.0, 0.001, 0.001, 0.001, 0.001, 0.002, 0.003, 0.004, 0.005, 0.008, 0.011, 0.017, 0.024]

Growth Rates [h-1]
[0.134, 0.134, 0.134, 0.134, 0.134, 0.134, 0.134, 0.134, 0.134, 0.134, 0.134, 0.134, 0.134, 0.134, 0.134, 0.134, 0.134, 0.134, 0.134, 0.134, 0.134, 0.134, 0.134, 0.134, 0.134, 0.134, 0.134, 0.134, 0.134, 0.134]

Final Product Amount [mmol]
545.3939907530965

Final Biomass Amount [g]
28.069076972774173

Process End
70.0
#-------------------------