#-------------------------
Termination Status
LOCALLY_INFEASIBLE

Time Elapsed
14.827865926

Objective Value
319.82642176352965

Normalized Complementary Slackness
-22.070581791878332

Finite Elements
[1.96, 1.96, 1.96, 1.96, 1.96, 1.95, 1.95, 1.94, 1.83, 1.43, 1.32, 1.32, 1.31, 1.31, 1.31, 1.31, 1.33, 1.56, 1.76, 1.83, 1.85, 1.87, 1.87, 1.85, 1.7, 1.35, 1.31, 1.31, 1.31, 1.31]

Complementary Slackness per Finite Element
[-22.3, -21.84, -21.76, -21.76, -21.75, -21.75, -21.78, -21.8, -21.78, -21.87, -21.85, -21.85, -21.85, -21.82, -21.75, -21.68, -22.29, -21.69, -21.87, -21.88, -21.94, -22.32, -22.78, -23.41, -23.04, -22.68, -22.17, -22.18, -22.38, -22.31]

Feed Rates
[0.001, 0.0, 0.0, 0.0, 0.0, 0.0, 0.0, 0.0, 0.0, 0.0, 0.0, 0.0, 0.001, 0.001, 0.001, 0.001, 0.001, 0.002, 0.002, 0.003, 0.004, 0.005, 0.006, 0.008, 0.011, 0.014, 0.018, 0.022, 0.026, 0.032]

Growth Rates [h-1]
[0.153, 0.153, 0.153, 0.153, 0.153, 0.153, 0.153, 0.153, 0.153, 0.153, 0.153, 0.153, 0.153, 0.153, 0.153, 0.153, 0.153, 0.153, 0.153, 0.153, 0.153, 0.153, 0.153, 0.153, 0.153, 0.153, 0.153, 0.153, 0.153, 0.153]

Final Product Amount [mmol]
336.0173481438216

Final Biomass Amount [g]
29.26226181473683

Process End
49.0
#-------------------------