#-------------------------
Termination Status
LOCALLY_INFEASIBLE

Time Elapsed
16.966790135

Objective Value
33.69351931979552

Normalized Complementary Slackness
-33.776398521679134

Finite Elements
[2.8, 2.79, 2.79, 2.79, 2.16, 2.14, 2.73, 2.06, 2.29, 2.4, 2.44, 2.33, 2.1, 2.01, 1.92, 1.88, 1.87, 1.87, 1.91, 2.0, 2.15, 1.95, 2.47, 1.93, 2.78, 2.76, 2.79, 2.27, 2.8, 2.8]

Complementary Slackness per Finite Element
[-34.44, -34.33, -34.54, -34.59, -34.64, -34.61, -34.55, -34.39, -34.15, -34.37, -34.34, -34.34, -34.34, -34.34, -34.32, -34.27, -34.19, -34.05, -33.77, -33.68, -33.3, -32.92, -33.12, -33.3, -32.66, -32.66, -32.26, -32.46, -32.1, -32.25]

Feed Rates
[0.001, 0.0, 0.0, 0.0, 0.0, 0.0, 0.0, 0.0, 0.0, 0.0, 0.0, 0.0, 0.0, 0.0, 0.0, 0.0, 0.0, 0.0, 0.001, 0.001, 0.001, 0.001, 0.002, 0.002, 0.003, 0.005, 0.008, 0.012, 0.017, 0.026]

Growth Rates [h-1]
[0.153, 0.153, 0.153, 0.153, 0.153, 0.153, 0.153, 0.153, 0.153, 0.153, 0.153, 0.153, 0.153, 0.153, 0.153, 0.153, 0.153, 0.153, 0.153, 0.153, 0.153, 0.153, 0.153, 0.153, 0.153, 0.153, 0.153, 0.153, 0.153, 0.153]

Final Product Amount [mmol]
440.8377926670237

Final Biomass Amount [g]
29.16849714105083

Process End
70.0
#-------------------------