#-------------------------
Termination Status
LOCALLY_INFEASIBLE

Time Elapsed
19.046499553

Objective Value
333.76795352726214

Normalized Complementary Slackness
-15.281061591848244

Finite Elements
[1.8, 1.75, 1.73, 1.72, 1.71, 1.7, 1.78, 1.23, 1.23, 1.23, 1.23, 1.23, 1.23, 1.23, 1.23, 1.23, 1.24, 1.24, 1.27, 1.32, 1.4, 1.54, 1.84, 1.84, 1.84, 1.84, 1.84, 1.84, 1.84, 1.84]

Complementary Slackness per Finite Element
[-15.4, -15.28, -15.31, -15.31, -15.31, -15.28, -18.31, -11.62, -15.27, -15.31, -15.3, -15.3, -15.3, -15.3, -15.3, -15.3, -15.3, -15.3, -15.3, -15.3, -15.3, -15.29, -15.31, -15.3, -15.3, -15.3, -15.3, -15.3, -15.3, -15.3]

Feed Rates
[0.001, 0.001, 0.001, 0.001, 0.001, 0.002, 0.002, 0.002, 0.003, 0.003, 0.003, 0.004, 0.004, 0.005, 0.005, 0.006, 0.007, 0.008, 0.009, 0.01, 0.011, 0.013, 0.015, 0.018, 0.021, 0.025, 0.03, 0.036, 0.043, 0.052]

Growth Rates [h-1]
[0.097, 0.097, 0.097, 0.097, 0.097, 0.097, 0.097, 0.097, 0.097, 0.097, 0.097, 0.097, 0.097, 0.097, 0.097, 0.097, 0.097, 0.097, 0.097, 0.097, 0.097, 0.097, 0.097, 0.097, 0.097, 0.097, 0.097, 0.097, 0.097, 0.097]

Final Product Amount [mmol]
1465.8805864881201

Final Biomass Amount [g]
62.58883032019601

Process End
46.0
#-------------------------