#-------------------------
Termination Status
LOCALLY_INFEASIBLE

Time Elapsed
17.495873949

Objective Value
993.3017816284695

Normalized Complementary Slackness
-161.2189828090691

Finite Elements
[1.39, 1.39, 1.39, 1.4, 1.4, 1.99, 1.4, 1.4, 1.4, 1.4, 1.4, 1.4, 1.4, 1.41, 1.42, 1.43, 2.07, 2.07, 2.08, 2.06, 2.06, 2.05, 2.03, 2.08, 2.08, 2.08, 2.08, 2.08, 2.08, 2.08]

Complementary Slackness per Finite Element
[-162.41, -162.21, -160.93, -160.7, -161.1, -161.1, -162.27, -161.93, -161.61, -161.4, -163.06, -165.39, -164.64, -164.17, -164.67, -168.29, -164.37, -164.77, -165.0, -163.81, -163.58, -155.42, -156.7, -156.66, -157.22, -156.82, -157.61, -156.83, -158.16, -153.73]

Feed Rates
[0.001, 0.001, 0.001, 0.001, 0.001, 0.001, 0.001, 0.001, 0.002, 0.002, 0.002, 0.002, 0.002, 0.003, 0.003, 0.003, 0.004, 0.005, 0.005, 0.006, 0.007, 0.009, 0.01, 0.012, 0.014, 0.017, 0.02, 0.023, 0.027, 0.032]

Growth Rates [h-1]
[0.079, 0.079, 0.079, 0.079, 0.079, 0.079, 0.079, 0.079, 0.079, 0.079, 0.079, 0.079, 0.079, 0.079, 0.079, 0.079, 0.079, 0.079, 0.079, 0.079, 0.079, 0.079, 0.079, 0.079, 0.079, 0.079, 0.079, 0.079, 0.079, 0.079]

Final Product Amount [mmol]
1135.7747009574632

Final Biomass Amount [g]
43.108731167817105

Process End
52.0
#-------------------------