#-------------------------
Termination Status
LOCALLY_INFEASIBLE

Time Elapsed
18.806080324

Objective Value
213.48829711692352

Normalized Complementary Slackness
-17.54806677665609

Finite Elements
[0.99, 1.48, 1.48, 1.48, 1.48, 1.48, 1.48, 1.48, 1.48, 1.47, 1.18, 0.99, 0.99, 1.22, 1.29, 1.34, 1.37, 1.38, 1.39, 1.38, 1.29, 0.99, 0.99, 0.99, 0.99, 0.99, 0.99, 0.99, 0.99, 0.99]

Complementary Slackness per Finite Element
[-16.99, -17.66, -17.68, -17.75, -17.76, -17.76, -17.76, -17.75, -17.74, -17.73, -17.73, -17.71, -17.7, -17.69, -17.69, -17.68, -17.66, -17.55, -17.51, -17.47, -17.41, -17.32, -17.24, -17.22, -17.22, -16.81, -17.23, -17.5, -17.68, -17.84]

Feed Rates
[0.001, 0.0, 0.0, 0.0, 0.0, 0.0, 0.0, 0.0, 0.0, 0.001, 0.001, 0.001, 0.001, 0.001, 0.002, 0.002, 0.003, 0.003, 0.004, 0.006, 0.007, 0.009, 0.011, 0.013, 0.016, 0.019, 0.023, 0.028, 0.033, 0.04]

Growth Rates [h-1]
[0.189, 0.189, 0.189, 0.189, 0.189, 0.189, 0.189, 0.189, 0.189, 0.189, 0.189, 0.189, 0.189, 0.189, 0.189, 0.189, 0.189, 0.189, 0.189, 0.189, 0.189, 0.189, 0.189, 0.189, 0.189, 0.189, 0.189, 0.189, 0.189, 0.189]

Final Product Amount [mmol]
226.7438136705128

Final Biomass Amount [g]
31.067125999122876

Process End
37.0
#-------------------------