#-------------------------
Termination Status
LOCALLY_SOLVED

Time Elapsed
64.189458029

Objective Value
188.31715521889902

Normalized Complementary Slackness
-15.824823230687693

Finite Elements
[1.48, 1.48, 1.48, 1.48, 1.48, 1.48, 1.48, 1.48, 1.48, 1.48, 1.48, 1.48, 1.48, 1.48, 1.48, 0.99, 0.99, 0.99, 0.99, 0.99, 0.99, 0.99, 0.99, 0.99, 0.99, 0.99, 0.99, 0.99, 0.99, 0.99]

Complementary Slackness per Finite Element
[-16.95, -16.95, -16.95, -16.95, -16.95, -16.95, -16.95, -16.95, -9.65, -8.13, -16.07, -16.07, -16.07, -16.07, -16.07, -16.07, -16.07, -16.07, -16.07, -16.07, -16.07, -16.07, -16.07, -16.07, -16.07, -16.07, -16.07, -16.07, -16.07, -16.07]

Feed Rates
[0.001, 0.001, 0.002, 0.003, 0.003, 0.005, 0.006, 0.008, 0.006, 0.005, 0.005, 0.005, 0.006, 0.006, 0.007, 0.007, 0.007, 0.008, 0.008, 0.008, 0.009, 0.009, 0.009, 0.01, 0.01, 0.011, 0.011, 0.011, 0.012, 0.012]

Growth Rates [h-1]
[0.189, 0.189, 0.189, 0.189, 0.189, 0.189, 0.189, 0.189, 0.078, 0.042, 0.042, 0.042, 0.042, 0.042, 0.042, 0.042, 0.042, 0.042, 0.042, 0.042, 0.042, 0.042, 0.042, 0.042, 0.042, 0.042, 0.042, 0.042, 0.042, 0.042]

Final Product Amount [mmol]
653.843991490902

Final Biomass Amount [g]
20.371772391247962

Process End
37.0
#-------------------------