#-------------------------
Termination Status
LOCALLY_INFEASIBLE

Time Elapsed
15.962641708

Objective Value
13.270969866246247

Normalized Complementary Slackness
-19.57047250450097

Finite Elements
[2.56, 2.55, 1.81, 1.81, 1.81, 1.8, 1.79, 2.54, 2.53, 2.51, 2.46, 1.72, 1.71, 1.71, 1.71, 1.71, 1.71, 1.71, 1.71, 1.71, 1.71, 2.26, 2.56, 2.56, 2.56, 2.56, 2.56, 2.56, 2.56, 2.56]

Complementary Slackness per Finite Element
[-18.86, -19.18, -19.37, -19.38, -19.31, -19.18, -19.03, -18.89, -18.76, -18.72, -19.16, -19.66, -19.95, -19.95, -19.96, -19.95, -19.95, -19.93, -19.91, -19.89, -19.87, -19.85, -19.82, -19.81, -19.81, -19.81, -19.84, -19.65, -19.68, -20.0]

Feed Rates
[0.001, 0.0, 0.0, 0.0, 0.0, 0.0, 0.0, 0.0, 0.0, 0.0, 0.0, 0.0, 0.0, 0.0, 0.0, 0.0, 0.0, 0.0, 0.0, 0.0, 0.0, 0.001, 0.001, 0.001, 0.002, 0.004, 0.006, 0.01, 0.017, 0.027]

Growth Rates [h-1]
[0.189, 0.189, 0.189, 0.189, 0.189, 0.189, 0.189, 0.189, 0.189, 0.189, 0.189, 0.189, 0.189, 0.189, 0.189, 0.189, 0.189, 0.189, 0.189, 0.189, 0.189, 0.189, 0.189, 0.189, 0.189, 0.189, 0.189, 0.189, 0.189, 0.189]

Final Product Amount [mmol]
198.0098432024027

Final Biomass Amount [g]
27.03701350500464

Process End
64.0
#-------------------------