#-------------------------
Termination Status
LOCALLY_INFEASIBLE

Time Elapsed
19.913493102

Objective Value
272.3502721418239

Normalized Complementary Slackness
-18.363418593977208

Finite Elements
[2.44, 2.44, 2.44, 2.44, 2.44, 2.44, 2.44, 2.44, 2.44, 2.43, 2.44, 2.18, 1.89, 2.05, 1.64, 1.63, 1.63, 1.63, 1.63, 1.73, 1.63, 1.83, 1.64, 1.64, 1.64, 2.34, 2.36, 1.68, 1.66, 1.75]

Complementary Slackness per Finite Element
[-18.8, -18.3, -18.31, -18.32, -18.32, -18.33, -18.33, -18.34, -18.35, -18.37, -18.39, -18.39, -18.41, -18.43, -18.42, -18.42, -18.41, -18.4, -18.34, -18.32, -18.32, -18.32, -18.31, -18.31, -18.31, -18.29, -18.3, -18.34, -18.33, -18.36]

Feed Rates
[0.001, 0.0, 0.0, 0.0, 0.0, 0.0, 0.0, 0.0, 0.0, 0.0, 0.0, 0.0, 0.0, 0.0, 0.0, 0.0, 0.001, 0.001, 0.001, 0.001, 0.002, 0.002, 0.003, 0.004, 0.006, 0.007, 0.011, 0.016, 0.022, 0.029]

Growth Rates [h-1]
[0.171, 0.171, 0.171, 0.171, 0.171, 0.171, 0.171, 0.171, 0.171, 0.171, 0.171, 0.171, 0.171, 0.171, 0.171, 0.171, 0.171, 0.171, 0.171, 0.171, 0.171, 0.171, 0.171, 0.171, 0.171, 0.171, 0.171, 0.171, 0.171, 0.171]

Final Product Amount [mmol]
286.9415219736399

Final Biomass Amount [g]
26.365719861397938

Process End
61.0
#-------------------------