#-------------------------
Termination Status
LOCALLY_INFEASIBLE

Time Elapsed
15.000186279

Objective Value
284.96586707749026

Normalized Complementary Slackness
-127.03698088787691

Finite Elements
[1.36, 1.07, 1.38, 1.41, 1.4, 1.38, 1.07, 1.07, 1.07, 1.07, 1.07, 1.07, 1.07, 1.07, 1.07, 1.08, 1.11, 1.21, 1.38, 1.6, 1.6, 1.6, 1.6, 1.6, 1.6, 1.6, 1.6, 1.6, 1.6, 1.6]

Complementary Slackness per Finite Element
[-126.8, -126.84, -126.92, -126.85, -126.71, -126.83, -126.73, -126.68, -126.65, -126.64, -126.65, -126.69, -126.74, -126.79, -126.83, -126.85, -126.86, -126.87, -126.79, -126.77, -126.91, -126.83, -126.8, -126.82, -126.91, -127.16, -126.32, -128.44, -129.94, -129.48]

Feed Rates
[0.001, 0.001, 0.001, 0.001, 0.001, 0.002, 0.002, 0.002, 0.003, 0.003, 0.003, 0.004, 0.004, 0.005, 0.005, 0.006, 0.007, 0.008, 0.009, 0.011, 0.013, 0.015, 0.018, 0.022, 0.027, 0.032, 0.038, 0.046, 0.056, 0.067]

Growth Rates [h-1]
[0.116, 0.116, 0.116, 0.116, 0.116, 0.116, 0.116, 0.116, 0.116, 0.116, 0.116, 0.116, 0.116, 0.116, 0.116, 0.116, 0.116, 0.116, 0.116, 0.116, 0.116, 0.116, 0.116, 0.116, 0.116, 0.116, 0.116, 0.116, 0.116, 0.116]

Final Product Amount [mmol]
1554.486363643023

Final Biomass Amount [g]
72.86303740620185

Process End
40.0
#-------------------------