#-------------------------
Termination Status
LOCALLY_INFEASIBLE

Time Elapsed
17.563198643

Objective Value
344.4352775221748

Normalized Complementary Slackness
-38.01206604788517

Finite Elements
[2.32, 2.32, 2.3, 2.26, 2.18, 2.09, 1.96, 1.82, 1.65, 1.56, 1.55, 1.55, 1.55, 1.55, 1.55, 1.55, 1.55, 1.55, 1.55, 1.78, 2.02, 2.16, 2.11, 2.22, 2.22, 2.28, 2.3, 2.31, 1.91, 2.32]

Complementary Slackness per Finite Element
[-39.66, -37.66, -37.77, -37.83, -37.89, -37.94, -38.0, -38.03, -38.04, -38.06, -38.08, -38.1, -38.12, -38.13, -38.15, -38.21, -38.12, -38.24, -38.03, -37.73, -37.6, -37.62, -37.83, -38.96, -39.83, -37.19, -37.26, -37.4, -37.43, -37.44]

Feed Rates
[0.001, 0.0, 0.0, 0.0, 0.0, 0.0, 0.0, 0.0, 0.0, 0.0, 0.0, 0.0, 0.0, 0.0, 0.0, 0.0, 0.0, 0.001, 0.001, 0.001, 0.001, 0.002, 0.002, 0.003, 0.005, 0.006, 0.009, 0.013, 0.018, 0.025]

Growth Rates [h-1]
[0.153, 0.153, 0.153, 0.153, 0.153, 0.153, 0.153, 0.153, 0.153, 0.153, 0.153, 0.153, 0.153, 0.153, 0.153, 0.153, 0.153, 0.153, 0.153, 0.153, 0.153, 0.153, 0.153, 0.153, 0.153, 0.153, 0.153, 0.153, 0.153, 0.153]

Final Product Amount [mmol]
378.0060497609345

Final Biomass Amount [g]
25.570827331539313

Process End
58.0
#-------------------------