#-------------------------
Termination Status
ALMOST_LOCALLY_SOLVED

Time Elapsed
308.826455028

Objective Value
29.275864465649516

Normalized Complementary Slackness
-19.008909216222737

Finite Elements
[0.46, 0.46, 0.46, 0.46, 0.46, 0.45, 0.45, 0.31, 0.32, 0.31, 0.31, 0.31, 0.31, 0.31, 0.31, 0.31, 0.31, 0.31, 0.31, 0.31, 0.31, 0.31, 0.46, 0.46, 0.46, 0.46, 0.46, 0.46, 0.46, 0.46]

Complementary Slackness per Finite Element
[-20.66, -20.66, -20.63, -20.62, -20.61, -20.64, -20.7, -20.71, -20.71, -20.71, -20.71, -20.71, -20.71, -20.52, -20.5, -20.68, -20.71, -20.58, -20.43, -20.44, -20.27, -20.12, -15.46, -14.53, -14.53, -14.53, -14.53, -14.53, -14.53, -14.58]

Feed Rates
[0.001, 0.001, 0.001, 0.001, 0.002, 0.002, 0.002, 0.002, 0.002, 0.002, 0.002, 0.003, 0.003, 0.003, 0.003, 0.003, 0.003, 0.004, 0.004, 0.004, 0.004, 0.005, 0.004, 0.004, 0.005, 0.005, 0.005, 0.006, 0.006, 0.007]

Growth Rates [h-1]
[0.189, 0.189, 0.189, 0.189, 0.189, 0.189, 0.189, 0.189, 0.189, 0.189, 0.189, 0.189, 0.189, 0.189, 0.189, 0.189, 0.189, 0.189, 0.189, 0.189, 0.189, 0.189, 0.153, 0.153, 0.153, 0.153, 0.153, 0.153, 0.153, 0.153]

Final Product Amount [mmol]
53.753664504712624

Final Biomass Amount [g]
5.476864133340719

Process End
11.5
#-------------------------