#-------------------------
Termination Status
LOCALLY_INFEASIBLE

Time Elapsed
13.718649451

Objective Value
179.06026934881857

Normalized Complementary Slackness
-21.53057896451942

Finite Elements
[2.44, 2.44, 2.44, 2.44, 2.44, 2.44, 2.44, 2.44, 2.44, 2.44, 2.36, 1.95, 1.74, 1.63, 1.63, 1.63, 1.63, 1.63, 1.63, 1.63, 1.63, 1.63, 1.63, 1.63, 1.63, 1.88, 2.33, 2.39, 2.37, 2.06]

Complementary Slackness per Finite Element
[-21.42, -21.46, -21.47, -21.47, -21.46, -21.46, -21.46, -21.46, -21.46, -21.45, -21.45, -21.44, -21.54, -21.49, -21.48, -21.47, -21.47, -21.47, -21.43, -21.49, -21.5, -21.5, -21.5, -21.52, -21.54, -21.57, -21.61, -21.57, -21.8, -22.5]

Feed Rates
[0.001, 0.0, 0.0, 0.0, 0.0, 0.0, 0.0, 0.0, 0.0, 0.0, 0.0, 0.0, 0.0, 0.0, 0.0, 0.0, 0.0, 0.0, 0.001, 0.001, 0.001, 0.002, 0.002, 0.003, 0.004, 0.005, 0.008, 0.012, 0.019, 0.03]

Growth Rates [h-1]
[0.189, 0.189, 0.189, 0.189, 0.189, 0.189, 0.189, 0.189, 0.189, 0.189, 0.189, 0.189, 0.189, 0.189, 0.189, 0.189, 0.189, 0.189, 0.189, 0.189, 0.189, 0.189, 0.189, 0.189, 0.189, 0.189, 0.189, 0.189, 0.189, 0.189]

Final Product Amount [mmol]
198.42733266049694

Final Biomass Amount [g]
27.051433209554723

Process End
61.0
#-------------------------