#-------------------------
Termination Status
LOCALLY_INFEASIBLE

Time Elapsed
14.888711545

Objective Value
67.92105824566839

Normalized Complementary Slackness
-27.695604936544683

Finite Elements
[0.75, 0.75, 0.75, 0.76, 0.76, 0.76, 0.76, 0.76, 0.76, 0.76, 0.77, 1.07, 0.78, 1.09, 1.09, 0.79, 1.09, 1.09, 1.09, 1.09, 1.06, 1.07, 1.06, 1.06, 1.05, 1.05, 1.05, 1.08, 1.09, 0.93]

Complementary Slackness per Finite Element
[-26.51, -25.85, -25.95, -26.22, -26.46, -26.67, -26.85, -27.04, -27.24, -27.4, -27.53, -28.26, -28.04, -28.26, -28.22, -28.21, -28.2, -28.22, -28.23, -28.22, -28.27, -28.27, -28.32, -28.36, -28.36, -28.36, -28.35, -28.34, -28.34, -28.32]

Feed Rates
[0.001, 0.001, 0.001, 0.001, 0.001, 0.001, 0.002, 0.002, 0.002, 0.002, 0.002, 0.003, 0.003, 0.003, 0.004, 0.004, 0.005, 0.006, 0.007, 0.008, 0.009, 0.01, 0.012, 0.014, 0.016, 0.018, 0.021, 0.024, 0.028, 0.032]

Growth Rates [h-1]
[0.134, 0.134, 0.134, 0.134, 0.134, 0.134, 0.134, 0.134, 0.134, 0.134, 0.134, 0.134, 0.134, 0.134, 0.134, 0.134, 0.134, 0.134, 0.134, 0.134, 0.134, 0.134, 0.134, 0.134, 0.134, 0.134, 0.134, 0.134, 0.134, 0.134]

Final Product Amount [mmol]
249.98792977181813

Final Biomass Amount [g]
30.405258485420436

Process End
28.0
#-------------------------