#-------------------------
Termination Status
LOCALLY_INFEASIBLE

Time Elapsed
16.108298697

Objective Value
80.07230328517119

Normalized Complementary Slackness
-256.93249692262737

Finite Elements
[0.87, 0.87, 0.87, 0.87, 0.87, 0.87, 0.87, 0.87, 0.87, 0.87, 0.87, 0.87, 0.86, 0.86, 0.85, 0.61, 0.6, 0.6, 0.6, 0.6, 0.6, 0.6, 0.59, 0.59, 0.59, 0.59, 0.6, 0.6, 0.6, 0.6]

Complementary Slackness per Finite Element
[-256.9, -256.9, -256.9, -256.94, -256.94, -256.94, -256.95, -256.95, -256.94, -256.95, -256.94, -256.95, -256.95, -256.95, -256.95, -256.95, -256.94, -256.92, -256.92, -256.91, -256.91, -256.92, -256.92, -256.92, -256.92, -256.93, -256.93, -256.94, -256.95, -256.96]

Feed Rates
[0.001, 0.001, 0.002, 0.002, 0.002, 0.003, 0.003, 0.004, 0.004, 0.005, 0.006, 0.007, 0.008, 0.009, 0.011, 0.013, 0.015, 0.016, 0.018, 0.02, 0.023, 0.026, 0.029, 0.032, 0.036, 0.04, 0.045, 0.05, 0.056, 0.063]

Growth Rates [h-1]
[0.189, 0.189, 0.189, 0.189, 0.189, 0.189, 0.189, 0.189, 0.189, 0.189, 0.189, 0.189, 0.189, 0.189, 0.189, 0.189, 0.189, 0.189, 0.189, 0.189, 0.189, 0.189, 0.189, 0.189, 0.189, 0.189, 0.189, 0.189, 0.189, 0.189]

Final Product Amount [mmol]
327.80848667567994

Final Biomass Amount [g]
45.800189765850064

Process End
22.0
#-------------------------