#-------------------------
Termination Status
LOCALLY_SOLVED

Time Elapsed
47.808179199

Objective Value
33.09422195925738

Normalized Complementary Slackness
-11.709009139001155

Finite Elements
[0.52, 0.52, 0.52, 0.52, 0.52, 0.52, 0.52, 0.52, 0.52, 0.52, 0.52, 0.52, 0.52, 0.52, 0.52, 0.35, 0.35, 0.35, 0.35, 0.35, 0.35, 0.35, 0.35, 0.35, 0.35, 0.35, 0.35, 0.35, 0.35, 0.35]

Complementary Slackness per Finite Element
[-11.71, -11.71, -11.71, -11.71, -11.71, -11.71, -11.71, -11.71, -11.71, -11.71, -11.71, -11.71, -11.71, -11.71, -11.71, -11.71, -11.71, -11.71, -11.71, -11.71, -11.71, -11.71, -11.71, -11.71, -11.71, -11.71, -11.71, -11.71, -11.71, -11.71]

Feed Rates
[0.001, 0.001, 0.001, 0.001, 0.002, 0.002, 0.002, 0.002, 0.002, 0.003, 0.003, 0.003, 0.004, 0.004, 0.004, 0.005, 0.005, 0.005, 0.006, 0.006, 0.007, 0.007, 0.008, 0.008, 0.009, 0.009, 0.01, 0.01, 0.011, 0.012]

Growth Rates [h-1]
[0.189, 0.189, 0.189, 0.189, 0.189, 0.189, 0.189, 0.189, 0.189, 0.189, 0.189, 0.189, 0.189, 0.189, 0.189, 0.189, 0.189, 0.189, 0.189, 0.189, 0.189, 0.189, 0.189, 0.189, 0.189, 0.189, 0.189, 0.189, 0.189, 0.189]

Final Product Amount [mmol]
55.51587801548449

Final Biomass Amount [g]
8.32867684787238

Process End
13.0
#-------------------------