#-------------------------
Termination Status
LOCALLY_INFEASIBLE

Time Elapsed
21.462379067

Objective Value
404.93643237775836

Normalized Complementary Slackness
-22.632549472270043

Finite Elements
[2.08, 2.08, 2.08, 2.08, 2.08, 2.08, 1.82, 1.39, 1.39, 1.39, 1.39, 1.39, 1.39, 1.39, 1.39, 1.39, 1.39, 1.39, 1.39, 1.55, 1.75, 1.83, 1.91, 1.94, 1.97, 1.99, 2.01, 2.02, 2.03, 2.03]

Complementary Slackness per Finite Element
[-23.81, -22.51, -22.2, -22.26, -22.35, -22.66, -22.61, -22.53, -22.53, -22.55, -22.59, -22.63, -22.68, -22.73, -22.77, -22.94, -22.98, -22.76, -22.71, -22.55, -22.6, -22.26, -22.59, -22.58, -22.65, -22.66, -22.66, -22.63, -22.7, -22.31]

Feed Rates
[0.001, 0.0, 0.0, 0.0, 0.0, 0.0, 0.0, 0.0, 0.0, 0.0, 0.001, 0.001, 0.001, 0.001, 0.001, 0.001, 0.001, 0.002, 0.002, 0.002, 0.003, 0.003, 0.004, 0.005, 0.006, 0.008, 0.01, 0.013, 0.016, 0.021]

Growth Rates [h-1]
[0.116, 0.116, 0.116, 0.116, 0.116, 0.116, 0.116, 0.116, 0.116, 0.116, 0.116, 0.116, 0.116, 0.116, 0.116, 0.116, 0.116, 0.116, 0.116, 0.116, 0.116, 0.116, 0.116, 0.116, 0.116, 0.116, 0.116, 0.116, 0.116, 0.116]

Final Product Amount [mmol]
420.5065725717487

Final Biomass Amount [g]
23.507895897661033

Process End
52.0
#-------------------------