#-------------------------
Termination Status
LOCALLY_INFEASIBLE

Time Elapsed
23.982702729

Objective Value
1485.1856016409538

Normalized Complementary Slackness
-15.281218460271797

Finite Elements
[1.8, 1.74, 1.7, 1.67, 1.76, 1.23, 1.23, 1.23, 1.23, 1.23, 1.23, 1.24, 1.74, 1.78, 1.79, 1.8, 1.81, 1.81, 1.81, 1.81, 1.27, 1.27, 1.8, 1.8, 1.28, 1.29, 1.31, 1.35, 1.43, 1.55]

Complementary Slackness per Finite Element
[-15.4, -15.28, -15.32, -15.29, -18.45, -11.64, -15.12, -15.32, -15.3, -15.3, -15.31, -15.27, -15.33, -15.3, -15.3, -15.3, -15.3, -15.3, -15.3, -15.31, -15.29, -15.3, -15.3, -15.3, -15.3, -15.3, -15.3, -15.3, -15.3, -15.3]

Feed Rates
[0.001, 0.001, 0.001, 0.001, 0.001, 0.002, 0.002, 0.002, 0.002, 0.003, 0.003, 0.003, 0.004, 0.004, 0.005, 0.006, 0.008, 0.009, 0.011, 0.013, 0.015, 0.017, 0.02, 0.023, 0.028, 0.031, 0.036, 0.04, 0.046, 0.053]

Growth Rates [h-1]
[0.097, 0.097, 0.097, 0.097, 0.097, 0.097, 0.097, 0.097, 0.097, 0.097, 0.097, 0.097, 0.097, 0.097, 0.097, 0.097, 0.097, 0.097, 0.097, 0.097, 0.097, 0.097, 0.097, 0.097, 0.097, 0.097, 0.097, 0.097, 0.097, 0.097]

Final Product Amount [mmol]
1465.8880017864071

Final Biomass Amount [g]
62.58883012192049

Process End
46.0
#-------------------------