#-------------------------
Termination Status
LOCALLY_INFEASIBLE

Time Elapsed
17.083366101

Objective Value
-113.2752940548256

Normalized Complementary Slackness
-192.9511667049375

Finite Elements
[1.15, 1.72, 1.72, 1.72, 1.72, 1.72, 1.72, 1.72, 1.72, 1.72, 1.72, 1.72, 1.72, 1.72, 1.72, 1.72, 1.15, 1.15, 1.15, 1.15, 1.15, 1.15, 1.15, 1.15, 1.15, 1.15, 1.15, 1.15, 1.15, 1.15]

Complementary Slackness per Finite Element
[-195.35, -194.28, -193.77, -193.53, -193.38, -193.26, -193.31, -193.09, -193.02, -193.01, -192.82, -192.78, -192.75, -192.73, -192.73, -192.71, -192.68, -192.67, -192.65, -192.64, -192.62, -192.6, -192.58, -192.57, -192.53, -192.59, -192.56, -192.53, -192.47, -192.3]

Feed Rates
[0.001, 0.0, 0.0, 0.0, 0.0, 0.0, 0.0, 0.0, 0.0, 0.0, 0.0, 0.001, 0.001, 0.001, 0.002, 0.002, 0.003, 0.003, 0.004, 0.005, 0.006, 0.008, 0.009, 0.011, 0.014, 0.016, 0.02, 0.024, 0.03, 0.036]

Growth Rates [h-1]
[0.171, 0.171, 0.171, 0.171, 0.171, 0.171, 0.171, 0.171, 0.171, 0.171, 0.171, 0.171, 0.171, 0.171, 0.171, 0.171, 0.171, 0.171, 0.171, 0.171, 0.171, 0.171, 0.171, 0.171, 0.171, 0.171, 0.171, 0.171, 0.171, 0.171]

Final Product Amount [mmol]
317.2769290870342

Final Biomass Amount [g]
30.235164663178516

Process End
43.0
#-------------------------