#-------------------------
Termination Status
LOCALLY_INFEASIBLE

Time Elapsed
16.628568113

Objective Value
96.33833280612663

Normalized Complementary Slackness
-15.814345177612905

Finite Elements
[2.56, 2.56, 2.56, 2.56, 2.56, 2.56, 2.56, 2.56, 2.56, 2.56, 2.56, 2.56, 2.56, 2.56, 2.51, 1.76, 1.71, 1.71, 1.71, 1.71, 1.71, 1.71, 1.71, 1.71, 1.71, 1.71, 1.71, 1.71, 1.71, 1.71]

Complementary Slackness per Finite Element
[-16.02, -15.77, -16.21, -20.58, -11.26, -15.71, -15.82, -15.79, -15.79, -15.79, -15.79, -15.79, -15.79, -15.79, -15.79, -15.78, -15.78, -15.79, -15.77, -15.8, -15.78, -15.78, -15.78, -15.78, -15.78, -15.78, -15.78, -15.78, -15.79, -15.77]

Feed Rates
[0.001, 0.0, 0.0, 0.0, 0.0, 0.0, 0.0, 0.001, 0.001, 0.001, 0.001, 0.001, 0.001, 0.002, 0.002, 0.003, 0.003, 0.004, 0.004, 0.005, 0.005, 0.006, 0.007, 0.008, 0.009, 0.01, 0.012, 0.013, 0.015, 0.018]

Growth Rates [h-1]
[0.079, 0.079, 0.079, 0.079, 0.079, 0.079, 0.079, 0.079, 0.079, 0.079, 0.079, 0.079, 0.079, 0.079, 0.079, 0.079, 0.079, 0.079, 0.079, 0.079, 0.079, 0.079, 0.079, 0.079, 0.079, 0.079, 0.079, 0.079, 0.079, 0.079]

Final Product Amount [mmol]
618.8462024937827

Final Biomass Amount [g]
23.171861151405814

Process End
64.0
#-------------------------