#-------------------------
Termination Status
LOCALLY_INFEASIBLE

Time Elapsed
18.37331099

Objective Value
435.80268206808313

Normalized Complementary Slackness
-17.74814569426052

Finite Elements
[2.44, 2.44, 2.0, 1.95, 1.9, 1.83, 1.75, 1.67, 1.64, 1.63, 1.63, 1.63, 1.63, 1.63, 1.63, 1.63, 1.63, 1.63, 1.88, 2.44, 2.44, 2.44, 2.44, 2.44, 2.44, 2.44, 2.44, 2.44, 2.44, 2.44]

Complementary Slackness per Finite Element
[-18.01, -17.71, -17.7, -17.71, -17.72, -17.73, -17.75, -17.75, -17.76, -17.76, -17.75, -17.73, -17.72, -17.74, -17.74, -17.74, -17.73, -17.72, -17.7, -17.73, -17.72, -17.72, -17.72, -17.73, -17.71, -17.71, -17.71, -17.97, -17.76, -17.79]

Feed Rates
[0.001, 0.0, 0.0, 0.0, 0.0, 0.0, 0.0, 0.0, 0.0, 0.0, 0.0, 0.0, 0.0, 0.0, 0.0, 0.0, 0.0, 0.0, 0.0, 0.001, 0.001, 0.001, 0.002, 0.003, 0.004, 0.006, 0.009, 0.013, 0.019, 0.028]

Growth Rates [h-1]
[0.153, 0.153, 0.153, 0.153, 0.153, 0.153, 0.153, 0.153, 0.153, 0.153, 0.153, 0.153, 0.153, 0.153, 0.153, 0.153, 0.153, 0.153, 0.153, 0.153, 0.153, 0.153, 0.153, 0.153, 0.153, 0.153, 0.153, 0.153, 0.153, 0.153]

Final Product Amount [mmol]
448.5225922991542

Final Biomass Amount [g]
29.203719870348284

Process End
61.0
#-------------------------