#-------------------------
Termination Status
LOCALLY_INFEASIBLE

Time Elapsed
15.092705155

Objective Value
100.09361118310063

Normalized Complementary Slackness
-19.70691325464843

Finite Elements
[2.08, 2.08, 2.08, 2.08, 2.08, 2.08, 2.08, 2.08, 2.08, 2.08, 2.08, 2.08, 2.08, 2.08, 2.06, 1.41, 1.39, 1.39, 1.39, 1.39, 1.39, 1.39, 1.39, 1.39, 1.39, 1.39, 1.39, 1.39, 1.39, 1.39]

Complementary Slackness per Finite Element
[-22.96, -19.67, -19.5, -19.44, -19.42, -19.43, -19.48, -19.58, -19.46, -19.49, -19.53, -19.57, -19.62, -19.66, -19.69, -19.7, -19.7, -19.7, -19.69, -19.67, -19.66, -19.64, -19.57, -19.72, -19.64, -19.64, -19.63, -19.62, -19.66, -19.48]

Feed Rates
[0.001, 0.0, 0.0, 0.0, 0.0, 0.0, 0.0, 0.0, 0.0, 0.0, 0.001, 0.001, 0.001, 0.001, 0.002, 0.002, 0.003, 0.003, 0.004, 0.004, 0.005, 0.006, 0.008, 0.009, 0.011, 0.014, 0.016, 0.02, 0.024, 0.029]

Growth Rates [h-1]
[0.134, 0.134, 0.134, 0.134, 0.134, 0.134, 0.134, 0.134, 0.134, 0.134, 0.134, 0.134, 0.134, 0.134, 0.134, 0.134, 0.134, 0.134, 0.134, 0.134, 0.134, 0.134, 0.134, 0.134, 0.134, 0.134, 0.134, 0.134, 0.134, 0.134]

Final Product Amount [mmol]
566.1612841491849

Final Biomass Amount [g]
28.1523850233421

Process End
52.0
#-------------------------