#-------------------------
Termination Status
LOCALLY_SOLVED

Time Elapsed
258.239785416

Objective Value
25.13874675877542

Normalized Complementary Slackness
-11.693467583230703

Finite Elements
[0.46, 0.46, 0.46, 0.46, 0.46, 0.46, 0.46, 0.46, 0.46, 0.46, 0.46, 0.46, 0.46, 0.46, 0.46, 0.31, 0.31, 0.31, 0.31, 0.31, 0.31, 0.31, 0.31, 0.31, 0.31, 0.31, 0.31, 0.31, 0.31, 0.31]

Complementary Slackness per Finite Element
[-11.69, -11.69, -11.69, -11.69, -11.69, -11.69, -11.69, -11.69, -11.69, -11.69, -11.69, -11.69, -11.69, -11.69, -11.69, -11.69, -11.69, -11.69, -11.69, -11.69, -11.69, -11.69, -11.69, -11.69, -11.69, -11.69, -11.69, -11.69, -11.69, -11.69]

Feed Rates
[0.001, 0.001, 0.001, 0.001, 0.002, 0.002, 0.002, 0.002, 0.002, 0.002, 0.003, 0.003, 0.003, 0.003, 0.004, 0.004, 0.004, 0.005, 0.005, 0.005, 0.005, 0.006, 0.006, 0.006, 0.007, 0.007, 0.008, 0.008, 0.009, 0.009]

Growth Rates [h-1]
[0.189, 0.189, 0.189, 0.189, 0.189, 0.189, 0.189, 0.189, 0.189, 0.189, 0.189, 0.189, 0.189, 0.189, 0.189, 0.189, 0.189, 0.189, 0.189, 0.189, 0.189, 0.189, 0.189, 0.189, 0.189, 0.189, 0.189, 0.189, 0.189, 0.189]

Final Product Amount [mmol]
40.50682130065309

Final Biomass Amount [g]
6.268928396143202

Process End
11.5
#-------------------------