#-------------------------
Termination Status
LOCALLY_INFEASIBLE

Time Elapsed
15.232772465

Objective Value
35.734877810829644

Normalized Complementary Slackness
-22.306371258042706

Finite Elements
[2.08, 2.08, 2.08, 2.08, 2.08, 2.08, 2.08, 2.08, 2.08, 2.08, 2.08, 2.08, 2.08, 2.02, 1.39, 1.39, 1.39, 1.39, 1.39, 1.78, 1.74, 1.39, 1.39, 1.39, 1.39, 1.39, 1.39, 1.39, 1.39, 1.39]

Complementary Slackness per Finite Element
[-22.51, -22.26, -22.27, -22.28, -22.31, -22.32, -22.33, -22.32, -22.34, -22.34, -22.34, -22.33, -22.32, -22.31, -22.29, -22.26, -22.24, -22.24, -22.24, -22.24, -22.25, -22.27, -22.3, -22.33, -22.34, -22.33, -22.33, -22.32, -22.32, -22.31]

Feed Rates
[0.001, 0.0, 0.0, 0.0, 0.0, 0.0, 0.0, 0.0, 0.0, 0.0, 0.0, 0.0, 0.0, 0.001, 0.001, 0.001, 0.001, 0.002, 0.002, 0.003, 0.003, 0.005, 0.006, 0.007, 0.009, 0.012, 0.015, 0.019, 0.024, 0.03]

Growth Rates [h-1]
[0.171, 0.171, 0.171, 0.171, 0.171, 0.171, 0.171, 0.171, 0.171, 0.171, 0.171, 0.171, 0.171, 0.171, 0.171, 0.171, 0.171, 0.171, 0.171, 0.171, 0.171, 0.171, 0.171, 0.171, 0.171, 0.171, 0.171, 0.171, 0.171, 0.171]

Final Product Amount [mmol]
278.44476321739575

Final Biomass Amount [g]
26.40562734675879

Process End
52.0
#-------------------------