#-------------------------
Termination Status
LOCALLY_INFEASIBLE

Time Elapsed
14.877294996

Objective Value
516.8708092461845

Normalized Complementary Slackness
-20.43203449098905

Finite Elements
[2.08, 1.94, 1.81, 1.64, 1.48, 1.41, 1.4, 1.4, 1.39, 1.4, 1.39, 1.39, 1.39, 1.39, 1.39, 1.41, 1.4, 1.64, 1.83, 2.05, 2.07, 2.07, 2.07, 2.08, 2.08, 2.08, 2.08, 2.08, 2.08, 2.08]

Complementary Slackness per Finite Element
[-21.83, -20.8, -20.62, -20.53, -20.48, -20.44, -20.4, -20.44, -20.36, -20.37, -20.42, -20.42, -20.45, -20.45, -20.44, -20.37, -20.37, -20.36, -20.31, -20.32, -20.32, -20.33, -20.24, -20.38, -20.26, -20.25, -20.21, -20.23, -20.24, -20.32]

Feed Rates
[0.001, 0.0, 0.0, 0.0, 0.0, 0.0, 0.0, 0.0, 0.0, 0.0, 0.0, 0.0, 0.0, 0.0, 0.001, 0.001, 0.001, 0.001, 0.001, 0.002, 0.002, 0.003, 0.004, 0.005, 0.007, 0.009, 0.011, 0.015, 0.02, 0.026]

Growth Rates [h-1]
[0.134, 0.134, 0.134, 0.134, 0.134, 0.134, 0.134, 0.134, 0.134, 0.134, 0.134, 0.134, 0.134, 0.134, 0.134, 0.134, 0.134, 0.134, 0.134, 0.134, 0.134, 0.134, 0.134, 0.134, 0.134, 0.134, 0.134, 0.134, 0.134, 0.134]

Final Product Amount [mmol]
529.805479322503

Final Biomass Amount [g]
28.152391637795372

Process End
52.0
#-------------------------