#-------------------------
Termination Status
LOCALLY_SOLVED

Time Elapsed
73.587731099

Objective Value
162.42526088219222

Normalized Complementary Slackness
-16.62542286566104

Finite Elements
[2.08, 2.08, 2.08, 2.08, 2.08, 2.08, 2.08, 2.08, 2.08, 2.08, 2.08, 2.08, 2.08, 2.08, 2.08, 1.39, 1.39, 1.39, 1.39, 1.39, 1.39, 1.39, 1.39, 1.39, 1.39, 1.39, 1.39, 1.39, 1.39, 1.39]

Complementary Slackness per Finite Element
[-16.95, -16.95, -16.95, -16.95, -16.95, -16.95, -13.8, -8.73, -17.02, -17.02, -17.02, -17.02, -17.02, -17.02, -17.02, -17.02, -17.02, -17.02, -17.02, -17.02, -17.02, -17.02, -17.02, -17.02, -17.02, -17.02, -17.02, -17.02, -17.02, -17.02]

Feed Rates
[0.001, 0.002, 0.003, 0.004, 0.006, 0.008, 0.01, 0.004, 0.004, 0.004, 0.004, 0.004, 0.004, 0.004, 0.005, 0.005, 0.005, 0.005, 0.005, 0.005, 0.005, 0.005, 0.005, 0.005, 0.005, 0.005, 0.005, 0.005, 0.005, 0.005]

Growth Rates [h-1]
[0.189, 0.189, 0.189, 0.189, 0.189, 0.189, 0.142, 0.005, 0.005, 0.005, 0.005, 0.005, 0.005, 0.005, 0.005, 0.005, 0.005, 0.005, 0.005, 0.005, 0.005, 0.005, 0.005, 0.005, 0.005, 0.005, 0.005, 0.005, 0.005, 0.005]

Final Product Amount [mmol]
735.143190594697

Final Biomass Amount [g]
12.374124734310628

Process End
52.0
#-------------------------