#-------------------------
Termination Status
LOCALLY_SOLVED

Time Elapsed
24.976996023

Objective Value
214.08001484671902

Normalized Complementary Slackness
-15.425608053414319

Finite Elements
[0.82, 0.82, 0.82, 0.82, 0.82, 0.82, 0.82, 0.82, 0.82, 0.82, 0.82, 0.82, 0.82, 0.82, 0.82, 0.55, 0.55, 0.55, 0.55, 0.55, 0.55, 0.55, 0.55, 0.55, 0.55, 0.55, 0.55, 0.55, 0.55, 0.55]

Complementary Slackness per Finite Element
[-16.95, -16.95, -16.95, -16.95, -16.95, -16.95, -16.95, -16.95, -16.95, -16.95, -16.95, -16.95, -16.95, -16.95, -16.95, -16.95, -16.95, -16.95, -16.95, -16.95, -16.95, -16.95, -16.95, -16.95, -16.95, -9.81, -7.28, -7.28, -7.28, -7.28]

Feed Rates
[0.001, 0.001, 0.002, 0.002, 0.002, 0.002, 0.003, 0.003, 0.004, 0.004, 0.005, 0.006, 0.007, 0.008, 0.01, 0.011, 0.012, 0.014, 0.015, 0.017, 0.019, 0.021, 0.023, 0.026, 0.029, 0.018, 0.014, 0.014, 0.014, 0.015]

Growth Rates [h-1]
[0.189, 0.189, 0.189, 0.189, 0.189, 0.189, 0.189, 0.189, 0.189, 0.189, 0.189, 0.189, 0.189, 0.189, 0.189, 0.189, 0.189, 0.189, 0.189, 0.189, 0.189, 0.189, 0.189, 0.189, 0.189, 0.081, 0.042, 0.042, 0.042, 0.042]

Final Product Amount [mmol]
451.4232656471881

Final Biomass Amount [g]
23.54203920013767

Process End
20.5
#-------------------------