#-------------------------
Termination Status
LOCALLY_INFEASIBLE

Time Elapsed
19.717104632

Objective Value
246.35874139919824

Normalized Complementary Slackness
-57.58394772281295

Finite Elements
[0.75, 0.75, 0.82, 0.76, 0.91, 0.79, 0.85, 0.92, 1.06, 0.94, 0.95, 0.98, 1.0, 0.97, 0.98, 1.0, 1.0, 1.0, 1.01, 1.02, 0.98, 1.06, 0.78, 1.01, 0.89, 0.89, 0.88, 0.99, 1.06, 0.98]

Complementary Slackness per Finite Element
[-60.1, -59.32, -59.05, -58.85, -58.69, -58.59, -58.42, -58.37, -58.14, -57.89, -58.19, -57.77, -57.58, -57.28, -57.11, -57.0, -56.89, -56.79, -56.69, -56.57, -56.56, -56.56, -56.83, -56.96, -56.74, -56.64, -56.77, -56.58, -57.0, -57.59]

Feed Rates
[0.001, 0.001, 0.001, 0.002, 0.002, 0.002, 0.002, 0.003, 0.003, 0.004, 0.004, 0.005, 0.006, 0.007, 0.009, 0.01, 0.012, 0.014, 0.017, 0.02, 0.024, 0.029, 0.034, 0.039, 0.047, 0.054, 0.063, 0.073, 0.087, 0.104]

Growth Rates [h-1]
[0.171, 0.171, 0.171, 0.171, 0.171, 0.171, 0.171, 0.171, 0.171, 0.171, 0.171, 0.171, 0.171, 0.171, 0.171, 0.171, 0.171, 0.171, 0.171, 0.171, 0.171, 0.171, 0.171, 0.171, 0.171, 0.171, 0.171, 0.171, 0.171, 0.171]

Final Product Amount [mmol]
803.9101912287127

Final Biomass Amount [g]
85.22768821755375

Process End
28.0
#-------------------------