#-------------------------
Termination Status
LOCALLY_INFEASIBLE

Time Elapsed
17.891756978

Objective Value
441.6578847670163

Normalized Complementary Slackness
-32.652828763163

Finite Elements
[0.74, 0.69, 0.69, 0.69, 0.69, 0.69, 0.69, 0.71, 0.9, 0.91, 0.98, 0.98, 0.98, 0.98, 0.98, 0.93, 0.98, 0.78, 0.98, 0.99, 0.99, 0.98, 0.98, 0.97, 0.7, 0.69, 0.68, 0.68, 0.68, 0.68]

Complementary Slackness per Finite Element
[-33.32, -31.52, -31.65, -31.72, -31.88, -31.83, -31.9, -31.55, -32.4, -32.06, -33.21, -33.1, -33.06, -33.04, -33.03, -33.0, -32.95, -32.86, -32.87, -32.89, -32.93, -32.96, -32.94, -32.9, -32.9, -33.01, -33.14, -33.01, -32.99, -32.95]

Feed Rates
[0.001, 0.001, 0.001, 0.001, 0.002, 0.002, 0.002, 0.002, 0.003, 0.003, 0.004, 0.004, 0.005, 0.006, 0.007, 0.008, 0.01, 0.012, 0.013, 0.016, 0.019, 0.022, 0.026, 0.031, 0.036, 0.041, 0.046, 0.052, 0.058, 0.065]

Growth Rates [h-1]
[0.171, 0.171, 0.171, 0.171, 0.171, 0.171, 0.171, 0.171, 0.171, 0.171, 0.171, 0.171, 0.171, 0.171, 0.171, 0.171, 0.171, 0.171, 0.171, 0.171, 0.171, 0.171, 0.171, 0.171, 0.171, 0.171, 0.171, 0.171, 0.171, 0.171]

Final Product Amount [mmol]
462.65978615698725

Final Biomass Amount [g]
51.02654927215252

Process End
25.0
#-------------------------