#-------------------------
Termination Status
LOCALLY_INFEASIBLE

Time Elapsed
16.27293664

Objective Value
468.09940841087484

Normalized Complementary Slackness
-16.790267882886862

Finite Elements
[2.56, 2.56, 2.36, 2.19, 1.98, 1.77, 1.71, 1.71, 1.71, 1.71, 1.71, 1.71, 1.71, 1.71, 1.71, 1.71, 1.71, 1.71, 1.96, 2.52, 2.56, 2.56, 2.56, 2.56, 2.56, 2.56, 2.56, 2.56, 2.56, 2.56]

Complementary Slackness per Finite Element
[-18.07, -16.58, -16.58, -16.27, -16.77, -16.39, -16.39, -16.81, -16.86, -16.61, -16.69, -16.33, -16.58, -16.73, -16.8, -16.86, -16.91, -16.82, -16.78, -16.77, -16.78, -16.8, -16.84, -16.92, -17.01, -16.99, -17.0, -17.27, -17.03, -16.49]

Feed Rates
[0.001, 0.0, 0.0, 0.0, 0.0, 0.0, 0.0, 0.0, 0.0, 0.0, 0.0, 0.0, 0.0, 0.0, 0.0, 0.0, 0.001, 0.001, 0.001, 0.001, 0.001, 0.002, 0.002, 0.003, 0.004, 0.006, 0.008, 0.011, 0.015, 0.02]

Growth Rates [h-1]
[0.116, 0.116, 0.116, 0.116, 0.116, 0.116, 0.116, 0.116, 0.116, 0.116, 0.116, 0.116, 0.116, 0.116, 0.116, 0.116, 0.116, 0.116, 0.116, 0.116, 0.116, 0.116, 0.116, 0.116, 0.116, 0.116, 0.116, 0.116, 0.116, 0.116]

Final Product Amount [mmol]
478.3728270203182

Final Biomass Amount [g]
23.428040102166545

Process End
64.0
#-------------------------