#-------------------------
Termination Status
LOCALLY_SOLVED

Time Elapsed
28.544475316

Objective Value
188.50834149190212

Normalized Complementary Slackness
-14.668739748253891

Finite Elements
[1.12, 1.12, 1.12, 1.12, 1.12, 1.12, 1.12, 1.12, 1.12, 1.12, 1.12, 1.12, 0.75, 1.12, 1.12, 1.12, 0.75, 0.75, 0.75, 0.75, 0.75, 0.75, 0.75, 0.75, 0.75, 0.75, 0.75, 0.75, 0.75, 0.75]

Complementary Slackness per Finite Element
[-16.95, -16.95, -16.95, -16.95, -16.95, -16.95, -16.95, -13.48, -10.91, -10.91, -10.91, -16.43, -10.91, -14.64, -14.64, -17.36, -10.91, -14.64, -14.64, -14.64, -14.64, -14.64, -14.64, -14.64, -14.64, -14.64, -14.64, -14.64, -14.64, -14.64]

Feed Rates
[0.001, 0.001, 0.002, 0.002, 0.003, 0.003, 0.004, 0.004, 0.004, 0.004, 0.004, 0.005, 0.006, 0.006, 0.007, 0.007, 0.008, 0.009, 0.01, 0.01, 0.011, 0.012, 0.013, 0.014, 0.015, 0.016, 0.017, 0.018, 0.02, 0.021]

Growth Rates [h-1]
[0.189, 0.189, 0.189, 0.189, 0.189, 0.189, 0.189, 0.137, 0.097, 0.097, 0.097, 0.097, 0.097, 0.097, 0.097, 0.097, 0.097, 0.097, 0.097, 0.097, 0.097, 0.097, 0.097, 0.097, 0.097, 0.097, 0.097, 0.097, 0.097, 0.097]

Final Product Amount [mmol]
518.005537754715

Final Biomass Amount [g]
23.320795299252335

Process End
28.0
#-------------------------