#-------------------------
Termination Status
LOCALLY_INFEASIBLE

Time Elapsed
36.668849721

Objective Value
226.29541280205643

Normalized Complementary Slackness
-332.786623558189

Finite Elements
[1.7, 1.29, 1.37, 1.32, 1.31, 1.33, 1.32, 1.32, 1.32, 1.33, 1.33, 1.35, 1.36, 1.38, 1.41, 1.52, 1.54, 1.54, 1.55, 1.56, 1.56, 1.54, 1.51, 1.47, 1.44, 1.43, 1.43, 1.44, 1.51, 1.53]

Complementary Slackness per Finite Element
[-336.28, -335.86, -335.65, -335.44, -335.31, -335.26, -335.3, -335.42, -335.55, -335.66, -335.62, -335.32, -334.85, -335.03, -335.39, -332.32, -334.32, -332.7, -330.94, -330.15, -329.72, -329.19, -329.42, -329.79, -329.98, -329.99, -329.88, -329.6, -328.58, -325.07]

Feed Rates
[0.001, 0.001, 0.001, 0.001, 0.001, 0.001, 0.001, 0.001, 0.001, 0.002, 0.002, 0.002, 0.002, 0.002, 0.003, 0.003, 0.004, 0.004, 0.004, 0.005, 0.006, 0.006, 0.007, 0.008, 0.009, 0.01, 0.012, 0.013, 0.015, 0.016]

Growth Rates [h-1]
[0.079, 0.079, 0.079, 0.079, 0.079, 0.079, 0.079, 0.079, 0.079, 0.079, 0.079, 0.079, 0.079, 0.079, 0.079, 0.079, 0.079, 0.079, 0.079, 0.079, 0.079, 0.079, 0.079, 0.079, 0.079, 0.079, 0.079, 0.079, 0.079, 0.079]

Final Product Amount [mmol]
548.3374226529805

Final Biomass Amount [g]
21.17951238079427

Process End
43.0
#-------------------------