#-------------------------
Termination Status
LOCALLY_INFEASIBLE

Time Elapsed
12.860317517

Objective Value
233.68886844244668

Normalized Complementary Slackness
-23.725116805382633

Finite Elements
[0.71, 0.59, 0.59, 0.59, 0.59, 0.59, 0.59, 0.59, 0.59, 0.6, 0.6, 0.6, 0.81, 0.61, 0.86, 0.86, 0.87, 0.87, 0.87, 0.87, 0.87, 0.87, 0.87, 0.87, 0.87, 0.87, 0.86, 0.7, 0.72, 0.65]

Complementary Slackness per Finite Element
[-23.66, -23.46, -23.42, -23.38, -23.35, -23.32, -23.31, -23.3, -23.32, -23.34, -23.39, -23.49, -23.66, -24.11, -24.44, -23.58, -23.52, -23.58, -23.64, -23.68, -23.71, -23.74, -24.15, -24.2, -24.18, -24.16, -24.13, -24.04, -23.98, -24.52]

Feed Rates
[0.001, 0.001, 0.001, 0.001, 0.002, 0.002, 0.002, 0.002, 0.002, 0.003, 0.003, 0.003, 0.004, 0.004, 0.004, 0.005, 0.006, 0.007, 0.008, 0.009, 0.011, 0.013, 0.015, 0.017, 0.02, 0.023, 0.027, 0.031, 0.035, 0.039]

Growth Rates [h-1]
[0.171, 0.171, 0.171, 0.171, 0.171, 0.171, 0.171, 0.171, 0.171, 0.171, 0.171, 0.171, 0.171, 0.171, 0.171, 0.171, 0.171, 0.171, 0.171, 0.171, 0.171, 0.171, 0.171, 0.171, 0.171, 0.171, 0.171, 0.171, 0.171, 0.171]

Final Product Amount [mmol]
251.07577177413955

Final Biomass Amount [g]
30.550034087329433

Process End
22.0
#-------------------------