#-------------------------
Termination Status
LOCALLY_INFEASIBLE

Time Elapsed
16.336618607

Objective Value
119.47775260055376

Normalized Complementary Slackness
-20.300077513553465

Finite Elements
[1.23, 1.84, 1.84, 1.84, 1.84, 1.84, 1.84, 1.84, 1.84, 1.84, 1.84, 1.84, 1.84, 1.84, 1.84, 1.83, 1.24, 1.23, 1.23, 1.23, 1.23, 1.23, 1.23, 1.23, 1.23, 1.23, 1.23, 1.23, 1.23, 1.23]

Complementary Slackness per Finite Element
[-22.13, -20.1, -20.46, -20.53, -20.55, -20.58, -20.56, -23.03, -18.43, -19.59, -20.33, -20.22, -20.19, -20.18, -20.17, -20.16, -20.15, -20.15, -20.15, -20.15, -20.14, -20.16, -20.03, -20.21, -20.13, -20.14, -20.14, -20.13, -20.18, -19.97]

Feed Rates
[0.001, 0.0, 0.0, 0.0, 0.0, 0.0, 0.0, 0.001, 0.001, 0.001, 0.001, 0.001, 0.002, 0.002, 0.003, 0.003, 0.004, 0.005, 0.005, 0.006, 0.007, 0.008, 0.01, 0.011, 0.013, 0.015, 0.017, 0.019, 0.022, 0.026]

Growth Rates [h-1]
[0.116, 0.116, 0.116, 0.116, 0.116, 0.116, 0.116, 0.116, 0.116, 0.116, 0.116, 0.116, 0.116, 0.116, 0.116, 0.116, 0.116, 0.116, 0.116, 0.116, 0.116, 0.116, 0.116, 0.116, 0.116, 0.116, 0.116, 0.116, 0.116, 0.116]

Final Product Amount [mmol]
580.0546977050536

Final Biomass Amount [g]
26.948761075382848

Process End
46.0
#-------------------------