#-------------------------
Termination Status
LOCALLY_INFEASIBLE

Time Elapsed
16.609664115

Objective Value
42.074124641931576

Normalized Complementary Slackness
-21.20756085019159

Finite Elements
[2.68, 2.68, 2.27, 2.25, 2.22, 2.19, 2.15, 2.09, 2.02, 1.92, 1.82, 1.92, 1.79, 1.79, 1.79, 1.79, 1.79, 1.79, 1.79, 1.79, 2.37, 2.68, 2.68, 2.68, 2.68, 2.68, 2.68, 2.68, 2.68, 2.68]

Complementary Slackness per Finite Element
[-21.67, -21.11, -21.12, -21.15, -21.16, -21.21, -21.23, -21.23, -21.31, -21.32, -21.33, -21.33, -21.32, -21.31, -21.31, -21.29, -21.22, -21.19, -21.15, -21.12, -21.21, -21.17, -21.12, -21.15, -21.0, -21.0, -21.02, -21.1, -21.15, -21.2]

Feed Rates
[0.001, 0.0, 0.0, 0.0, 0.0, 0.0, 0.0, 0.0, 0.0, 0.0, 0.0, 0.0, 0.0, 0.0, 0.0, 0.0, 0.0, 0.0, 0.0, 0.0, 0.001, 0.001, 0.001, 0.002, 0.003, 0.005, 0.007, 0.01, 0.016, 0.023]

Growth Rates [h-1]
[0.153, 0.153, 0.153, 0.153, 0.153, 0.153, 0.153, 0.153, 0.153, 0.153, 0.153, 0.153, 0.153, 0.153, 0.153, 0.153, 0.153, 0.153, 0.153, 0.153, 0.153, 0.153, 0.153, 0.153, 0.153, 0.153, 0.153, 0.153, 0.153, 0.153]

Final Product Amount [mmol]
395.7418007159894

Final Biomass Amount [g]
25.535092087266246

Process End
67.0
#-------------------------