#-------------------------
Termination Status
LOCALLY_SOLVED

Time Elapsed
436.014729661

Objective Value
31.63877385650422

Normalized Complementary Slackness
-17.594499978967345

Finite Elements
[0.46, 0.46, 0.46, 0.46, 0.44, 0.32, 0.31, 0.31, 0.31, 0.31, 0.31, 0.31, 0.31, 0.31, 0.31, 0.31, 0.31, 0.31, 0.31, 0.31, 0.46, 0.46, 0.46, 0.46, 0.46, 0.46, 0.46, 0.46, 0.46, 0.46]

Complementary Slackness per Finite Element
[-18.46, -20.69, -18.46, -18.46, -18.46, -18.46, -18.45, -18.45, -18.45, -18.45, -18.44, -18.55, -18.44, -18.44, -18.44, -18.44, -18.43, -18.39, -18.38, -18.68, -21.41, -17.72, -15.61, -14.53, -14.53, -14.53, -14.53, -14.53, -14.53, -14.53]

Feed Rates
[0.001, 0.001, 0.001, 0.001, 0.002, 0.002, 0.002, 0.002, 0.002, 0.002, 0.002, 0.002, 0.003, 0.003, 0.003, 0.003, 0.003, 0.003, 0.004, 0.004, 0.004, 0.004, 0.004, 0.004, 0.005, 0.005, 0.005, 0.006, 0.006, 0.007]

Growth Rates [h-1]
[0.189, 0.189, 0.189, 0.189, 0.189, 0.189, 0.189, 0.189, 0.189, 0.189, 0.189, 0.189, 0.189, 0.189, 0.189, 0.189, 0.189, 0.189, 0.189, 0.187, 0.166, 0.153, 0.153, 0.153, 0.153, 0.153, 0.153, 0.153, 0.153, 0.153]

Final Product Amount [mmol]
54.831536732173085

Final Biomass Amount [g]
5.321938897343171

Process End
11.5
#-------------------------