#-------------------------
Termination Status
LOCALLY_SOLVED

Time Elapsed
42.641955035

Objective Value
252.32936226039635

Normalized Complementary Slackness
-15.67438822603795

Finite Elements
[0.94, 0.94, 0.94, 0.94, 0.94, 0.94, 0.94, 0.94, 0.94, 0.94, 0.94, 0.94, 0.94, 0.94, 0.94, 0.63, 0.63, 0.63, 0.63, 0.63, 0.63, 0.63, 0.63, 0.63, 0.63, 0.63, 0.63, 0.63, 0.63, 0.63]

Complementary Slackness per Finite Element
[-16.95, -16.95, -16.95, -16.95, -16.95, -16.95, -16.95, -16.95, -16.95, -16.95, -16.95, -16.95, -16.95, -16.95, -16.95, -16.95, -16.95, -16.95, -16.95, -16.95, -16.95, -16.95, -13.01, -5.31, -5.31, -5.61, -17.02, -17.02, -17.02, -17.02]

Feed Rates
[0.001, 0.001, 0.002, 0.002, 0.002, 0.003, 0.003, 0.004, 0.005, 0.006, 0.007, 0.008, 0.009, 0.011, 0.013, 0.016, 0.018, 0.02, 0.023, 0.026, 0.029, 0.032, 0.028, 0.012, 0.012, 0.012, 0.011, 0.011, 0.011, 0.011]

Growth Rates [h-1]
[0.189, 0.189, 0.189, 0.189, 0.189, 0.189, 0.189, 0.189, 0.189, 0.189, 0.189, 0.189, 0.189, 0.189, 0.189, 0.189, 0.189, 0.189, 0.189, 0.189, 0.189, 0.189, 0.13, 0.012, 0.012, 0.011, 0.005, 0.005, 0.005, 0.005]

Final Product Amount [mmol]
591.8839631808961

Final Biomass Amount [g]
26.46696742787984

Process End
23.5
#-------------------------