#-------------------------
Termination Status
LOCALLY_INFEASIBLE

Time Elapsed
15.626697374

Objective Value
67.89811645727627

Normalized Complementary Slackness
-20.99574545482536

Finite Elements
[2.8, 2.8, 2.23, 2.08, 1.93, 1.88, 1.87, 1.87, 1.87, 1.87, 1.87, 1.87, 1.87, 1.87, 1.88, 2.33, 2.66, 2.72, 2.75, 2.76, 2.76, 2.21, 2.16, 2.36, 2.74, 2.8, 2.8, 2.8, 2.8, 2.8]

Complementary Slackness per Finite Element
[-22.54, -21.09, -20.73, -20.67, -20.41, -20.52, -20.71, -20.84, -21.11, -21.2, -21.4, -21.55, -21.62, -21.96, -21.74, -21.46, -21.09, -20.71, -20.69, -20.8, -20.73, -20.72, -20.71, -20.69, -20.7, -20.66, -20.69, -20.7, -20.69, -20.73]

Feed Rates
[0.001, 0.0, 0.0, 0.0, 0.0, 0.0, 0.0, 0.0, 0.0, 0.0, 0.0, 0.0, 0.0, 0.0, 0.0, 0.0, 0.0, 0.001, 0.001, 0.001, 0.001, 0.002, 0.003, 0.003, 0.004, 0.006, 0.008, 0.011, 0.016, 0.022]

Growth Rates [h-1]
[0.116, 0.116, 0.116, 0.116, 0.116, 0.116, 0.116, 0.116, 0.116, 0.116, 0.116, 0.116, 0.116, 0.116, 0.116, 0.116, 0.116, 0.116, 0.116, 0.116, 0.116, 0.116, 0.116, 0.116, 0.116, 0.116, 0.116, 0.116, 0.116, 0.116]

Final Product Amount [mmol]
571.6390216073538

Final Biomass Amount [g]
26.740295886088532

Process End
70.0
#-------------------------