#-------------------------
Termination Status
LOCALLY_INFEASIBLE

Time Elapsed
15.925231538

Objective Value
14.351656132181528

Normalized Complementary Slackness
-21.47262871408554

Finite Elements
[2.68, 2.66, 2.66, 2.66, 2.55, 1.91, 1.9, 1.89, 1.88, 1.93, 1.84, 2.03, 1.8, 2.12, 1.79, 1.79, 1.79, 1.79, 1.79, 1.79, 1.79, 2.52, 2.68, 2.68, 2.68, 2.68, 2.68, 2.68, 2.68, 2.68]

Complementary Slackness per Finite Element
[-21.39, -21.37, -21.37, -21.37, -21.37, -21.37, -21.38, -21.45, -21.45, -21.46, -21.47, -21.44, -21.48, -21.5, -21.5, -21.5, -21.5, -21.51, -21.51, -21.51, -21.52, -21.52, -21.53, -21.53, -21.54, -21.55, -21.55, -21.42, -21.55, -21.59]

Feed Rates
[0.001, 0.0, 0.0, 0.0, 0.0, 0.0, 0.0, 0.0, 0.0, 0.0, 0.0, 0.0, 0.0, 0.0, 0.0, 0.0, 0.0, 0.0, 0.0, 0.0, 0.0, 0.001, 0.001, 0.001, 0.002, 0.004, 0.007, 0.011, 0.018, 0.031]

Growth Rates [h-1]
[0.189, 0.189, 0.189, 0.189, 0.189, 0.189, 0.189, 0.189, 0.189, 0.189, 0.189, 0.189, 0.189, 0.189, 0.189, 0.189, 0.189, 0.189, 0.189, 0.189, 0.189, 0.189, 0.189, 0.189, 0.189, 0.189, 0.189, 0.189, 0.189, 0.189]

Final Product Amount [mmol]
226.04841923840084

Final Biomass Amount [g]
30.883963470591233

Process End
67.0
#-------------------------