#-------------------------
Termination Status
LOCALLY_SOLVED

Time Elapsed
78.457049235

Objective Value
214.5065171971358

Normalized Complementary Slackness
-14.623492114813352

Finite Elements
[0.94, 0.94, 0.94, 0.94, 0.94, 0.94, 0.94, 0.94, 0.94, 0.94, 0.94, 0.94, 0.94, 0.94, 0.94, 0.63, 0.63, 0.63, 0.63, 0.63, 0.63, 0.63, 0.63, 0.63, 0.63, 0.63, 0.63, 0.63, 0.63, 0.63]

Complementary Slackness per Finite Element
[-16.95, -16.95, -16.95, -16.95, -16.95, -16.95, -16.95, -16.95, -16.95, -16.95, -16.95, -16.95, -12.88, -12.11, -12.11, -12.11, -12.11, -12.11, -12.11, -12.11, -12.11, -12.29, -14.16, -14.16, -14.16, -14.16, -14.16, -14.16, -14.16, -14.16]

Feed Rates
[0.001, 0.001, 0.002, 0.002, 0.002, 0.003, 0.003, 0.004, 0.005, 0.006, 0.007, 0.008, 0.007, 0.007, 0.008, 0.009, 0.01, 0.011, 0.011, 0.012, 0.013, 0.014, 0.015, 0.016, 0.018, 0.019, 0.02, 0.022, 0.024, 0.025]

Growth Rates [h-1]
[0.189, 0.189, 0.189, 0.189, 0.189, 0.189, 0.189, 0.189, 0.189, 0.189, 0.189, 0.189, 0.127, 0.116, 0.116, 0.116, 0.116, 0.116, 0.116, 0.116, 0.116, 0.116, 0.116, 0.116, 0.116, 0.116, 0.116, 0.116, 0.116, 0.116]

Final Product Amount [mmol]
500.7178895719135

Final Biomass Amount [g]
25.021434635355398

Process End
23.5
#-------------------------