#-------------------------
Termination Status
LOCALLY_SOLVED

Time Elapsed
21.483694682

Objective Value
552.9444903370711

Normalized Complementary Slackness
-15.464194105314338

Finite Elements
[1.24, 1.24, 1.24, 1.24, 1.24, 1.24, 1.24, 1.24, 1.24, 1.24, 1.24, 1.24, 1.24, 1.24, 1.24, 0.83, 0.83, 0.83, 0.83, 0.83, 0.83, 0.83, 0.83, 0.83, 0.83, 0.83, 0.83, 0.83, 0.83, 0.83]

Complementary Slackness per Finite Element
[-16.95, -16.95, -16.95, -16.95, -16.95, -16.95, -16.95, -16.95, -16.95, -10.97, -8.48, -11.31, -15.59, -15.59, -15.59, -15.59, -15.59, -15.59, -15.59, -15.59, -15.59, -15.59, -15.59, -15.59, -15.59, -15.59, -15.59, -15.59, -15.59, -15.59]

Feed Rates
[0.001, 0.001, 0.002, 0.002, 0.003, 0.004, 0.005, 0.006, 0.007, 0.006, 0.005, 0.005, 0.006, 0.006, 0.007, 0.007, 0.008, 0.008, 0.008, 0.009, 0.009, 0.01, 0.01, 0.011, 0.011, 0.012, 0.013, 0.013, 0.014, 0.015]

Growth Rates [h-1]
[0.189, 0.189, 0.189, 0.189, 0.189, 0.189, 0.189, 0.189, 0.189, 0.098, 0.061, 0.061, 0.061, 0.061, 0.061, 0.061, 0.061, 0.061, 0.061, 0.061, 0.061, 0.061, 0.061, 0.061, 0.061, 0.061, 0.061, 0.061, 0.061, 0.061]

Final Product Amount [mmol]
546.8349882636983

Final Biomass Amount [g]
20.484756439006414

Process End
31.0
#-------------------------