#-------------------------
Termination Status
LOCALLY_INFEASIBLE

Time Elapsed
44.716984146

Objective Value
677.9654735586254

Normalized Complementary Slackness
-19.04283772266022

Finite Elements
[2.06, 2.03, 1.55, 1.55, 1.55, 1.55, 1.55, 1.55, 1.55, 1.55, 1.55, 1.55, 1.55, 1.55, 1.56, 1.57, 2.2, 2.26, 2.3, 2.32, 2.32, 2.32, 2.32, 2.32, 2.32, 2.32, 2.32, 2.32, 2.32, 2.24]

Complementary Slackness per Finite Element
[-19.44, -18.6, -18.47, -18.13, -17.92, -17.91, -17.32, -17.09, -17.11, -17.17, -17.11, -17.6, -17.33, -17.29, -17.41, -17.94, -17.58, -17.94, -18.29, -18.92, -20.13, -20.35, -20.47, -20.58, -20.74, -22.92, -22.77, -22.41, -22.13, -22.19]

Feed Rates
[0.001, 0.001, 0.001, 0.001, 0.001, 0.001, 0.001, 0.002, 0.002, 0.002, 0.002, 0.003, 0.003, 0.003, 0.004, 0.004, 0.005, 0.006, 0.007, 0.008, 0.01, 0.012, 0.014, 0.017, 0.02, 0.025, 0.029, 0.035, 0.042, 0.051]

Growth Rates [h-1]
[0.079, 0.079, 0.079, 0.079, 0.079, 0.079, 0.079, 0.079, 0.079, 0.079, 0.079, 0.079, 0.079, 0.079, 0.079, 0.079, 0.079, 0.079, 0.079, 0.079, 0.079, 0.079, 0.079, 0.079, 0.079, 0.079, 0.079, 0.079, 0.079, 0.079]

Final Product Amount [mmol]
675.6194104100052

Final Biomass Amount [g]
69.23591455388774

Process End
58.0
#-------------------------