#-------------------------
Termination Status
LOCALLY_SOLVED

Time Elapsed
32.873638007

Objective Value
161.22365669673817

Normalized Complementary Slackness
-16.195165221680234

Finite Elements
[1.6, 1.6, 1.6, 1.6, 1.6, 1.6, 1.6, 1.6, 1.6, 1.6, 1.6, 1.6, 1.6, 1.6, 1.6, 1.07, 1.07, 1.07, 1.07, 1.07, 1.07, 1.07, 1.07, 1.07, 1.07, 1.07, 1.07, 1.07, 1.07, 1.07]

Complementary Slackness per Finite Element
[-16.95, -16.95, -16.95, -16.95, -16.95, -16.95, -16.95, -16.95, -6.13, -13.19, -16.55, -16.55, -16.55, -16.55, -16.55, -16.55, -16.55, -16.55, -16.55, -16.55, -16.55, -16.55, -16.55, -16.55, -16.55, -16.55, -16.55, -16.55, -16.55, -16.55]

Feed Rates
[0.001, 0.002, 0.002, 0.003, 0.004, 0.005, 0.007, 0.009, 0.004, 0.004, 0.005, 0.005, 0.005, 0.005, 0.005, 0.005, 0.006, 0.006, 0.006, 0.006, 0.006, 0.006, 0.007, 0.007, 0.007, 0.007, 0.007, 0.007, 0.008, 0.008]

Growth Rates [h-1]
[0.189, 0.189, 0.189, 0.189, 0.189, 0.189, 0.189, 0.189, 0.025, 0.024, 0.024, 0.024, 0.024, 0.024, 0.024, 0.024, 0.024, 0.024, 0.024, 0.024, 0.024, 0.024, 0.024, 0.024, 0.024, 0.024, 0.024, 0.024, 0.024, 0.024]

Final Product Amount [mmol]
599.3000784258853

Final Biomass Amount [g]
15.323607110946355

Process End
40.0
#-------------------------