#-------------------------
Termination Status
LOCALLY_SOLVED

Time Elapsed
384.170259331

Objective Value
86.52350068000716

Normalized Complementary Slackness
-24.590882061678794

Finite Elements
[0.52, 0.52, 0.52, 0.52, 0.52, 0.52, 0.38, 0.35, 0.35, 0.35, 0.35, 0.35, 0.35, 0.35, 0.35, 0.35, 0.35, 0.35, 0.35, 0.35, 0.35, 0.48, 0.52, 0.52, 0.52, 0.52, 0.52, 0.52, 0.52, 0.52]

Complementary Slackness per Finite Element
[-29.42, -29.42, -29.42, -29.42, -29.42, -29.42, -29.42, -29.42, -29.42, -29.42, -29.42, -29.42, -29.42, -29.42, -29.42, -29.42, -29.42, -29.42, -29.42, -29.41, -29.41, -16.51, -15.41, -15.32, -12.11, -12.11, -12.11, -12.11, -12.11, -12.11]

Feed Rates
[0.001, 0.001, 0.001, 0.001, 0.002, 0.002, 0.002, 0.002, 0.002, 0.002, 0.003, 0.003, 0.003, 0.003, 0.003, 0.004, 0.004, 0.004, 0.004, 0.005, 0.005, 0.005, 0.004, 0.004, 0.005, 0.005, 0.005, 0.005, 0.006, 0.006]

Growth Rates [h-1]
[0.189, 0.189, 0.189, 0.189, 0.189, 0.189, 0.189, 0.189, 0.189, 0.189, 0.189, 0.189, 0.189, 0.189, 0.189, 0.189, 0.189, 0.189, 0.189, 0.189, 0.189, 0.154, 0.116, 0.116, 0.116, 0.116, 0.116, 0.116, 0.116, 0.116]

Final Product Amount [mmol]
89.99657985165958

Final Biomass Amount [g]
6.0280372318966275

Process End
13.0
#-------------------------