#-------------------------
Termination Status
LOCALLY_SOLVED

Time Elapsed
95.143751232

Objective Value
369.2914314855158

Normalized Complementary Slackness
-15.860967554183585

Finite Elements
[0.76, 0.76, 0.76, 0.76, 0.76, 0.76, 0.76, 0.76, 0.76, 0.76, 0.76, 0.76, 0.57, 0.51, 0.51, 0.51, 0.51, 0.51, 0.51, 0.51, 0.51, 0.51, 0.51, 0.51, 0.51, 0.51, 0.51, 0.76, 0.76, 0.69]

Complementary Slackness per Finite Element
[-16.95, -16.95, -16.95, -16.95, -16.95, -16.95, -16.95, -16.95, -16.95, -16.95, -16.95, -16.95, -16.95, -16.95, -16.95, -16.95, -16.95, -16.95, -16.95, -16.95, -16.95, -16.95, -16.95, -16.95, -16.95, -16.95, -16.95, -6.06, -6.06, -6.06]

Feed Rates
[0.001, 0.001, 0.001, 0.002, 0.002, 0.002, 0.003, 0.003, 0.003, 0.004, 0.005, 0.005, 0.006, 0.007, 0.008, 0.008, 0.009, 0.01, 0.011, 0.012, 0.013, 0.015, 0.016, 0.018, 0.02, 0.022, 0.024, 0.009, 0.009, 0.009]

Growth Rates [h-1]
[0.189, 0.189, 0.189, 0.189, 0.189, 0.189, 0.189, 0.189, 0.189, 0.189, 0.189, 0.189, 0.189, 0.189, 0.189, 0.189, 0.189, 0.189, 0.189, 0.189, 0.189, 0.189, 0.189, 0.189, 0.189, 0.189, 0.189, 0.024, 0.024, 0.024]

Final Product Amount [mmol]
341.5358644259912

Final Biomass Amount [g]
17.98416686713243

Process End
19.0
#-------------------------