#-------------------------
Termination Status
LOCALLY_INFEASIBLE

Time Elapsed
13.694288338

Objective Value
214.75687211025763

Normalized Complementary Slackness
-15.2896547136875

Finite Elements
[1.84, 1.84, 1.84, 1.84, 1.84, 1.84, 1.84, 1.79, 1.58, 1.32, 1.23, 1.23, 1.23, 1.23, 1.23, 1.23, 1.23, 1.23, 1.23, 1.52, 1.69, 1.74, 1.76, 1.77, 1.78, 1.77, 1.65, 1.24, 1.23, 1.23]

Complementary Slackness per Finite Element
[-15.29, -15.29, -15.29, -15.29, -15.29, -15.29, -15.29, -15.29, -15.29, -15.29, -15.29, -15.29, -15.29, -15.29, -15.29, -15.29, -15.29, -15.29, -15.29, -15.29, -15.29, -15.29, -15.29, -15.29, -15.29, -15.29, -15.29, -15.29, -15.29, -15.29]

Feed Rates
[0.001, 0.0, 0.0, 0.0, 0.0, 0.0, 0.0, 0.0, 0.0, 0.0, 0.0, 0.0, 0.0, 0.0, 0.001, 0.001, 0.001, 0.001, 0.001, 0.002, 0.002, 0.003, 0.005, 0.007, 0.009, 0.013, 0.018, 0.024, 0.031, 0.039]

Growth Rates [h-1]
[0.189, 0.189, 0.189, 0.189, 0.189, 0.189, 0.189, 0.189, 0.189, 0.189, 0.189, 0.189, 0.189, 0.189, 0.189, 0.189, 0.189, 0.189, 0.189, 0.189, 0.189, 0.189, 0.189, 0.189, 0.189, 0.189, 0.189, 0.189, 0.189, 0.189]

Final Product Amount [mmol]
226.73137598130245

Final Biomass Amount [g]
30.98960220856486

Process End
46.0
#-------------------------