#-------------------------
Termination Status
LOCALLY_INFEASIBLE

Time Elapsed
15.247043179

Objective Value
114.9749173637636

Normalized Complementary Slackness
-11.986445645056415

Finite Elements
[0.82, 0.82, 0.82, 0.82, 0.82, 0.82, 0.82, 0.82, 0.82, 0.82, 0.82, 0.81, 0.57, 0.81, 0.56, 0.8, 0.56, 0.8, 0.55, 0.55, 0.55, 0.55, 0.55, 0.55, 0.55, 0.55, 0.55, 0.55, 0.55, 0.55]

Complementary Slackness per Finite Element
[-11.99, -11.99, -11.99, -11.99, -11.99, -11.99, -11.99, -11.99, -11.99, -11.99, -11.99, -11.99, -11.99, -11.99, -11.99, -11.99, -11.99, -11.99, -11.99, -11.99, -11.99, -11.99, -11.99, -11.99, -11.99, -11.99, -11.99, -11.99, -11.99, -11.99]

Feed Rates
[0.001, 0.001, 0.002, 0.002, 0.002, 0.002, 0.003, 0.003, 0.004, 0.004, 0.005, 0.006, 0.007, 0.008, 0.009, 0.01, 0.012, 0.013, 0.015, 0.017, 0.019, 0.021, 0.023, 0.026, 0.028, 0.032, 0.035, 0.039, 0.043, 0.048]

Growth Rates [h-1]
[0.189, 0.189, 0.189, 0.189, 0.189, 0.189, 0.189, 0.189, 0.189, 0.189, 0.189, 0.189, 0.189, 0.189, 0.189, 0.189, 0.189, 0.189, 0.189, 0.189, 0.189, 0.189, 0.189, 0.189, 0.189, 0.189, 0.189, 0.189, 0.189, 0.189]

Final Product Amount [mmol]
245.4838091945897

Final Biomass Amount [g]
34.473442083648095

Process End
20.5
#-------------------------