#-------------------------
Termination Status
LOCALLY_SOLVED

Time Elapsed
557.768489704

Objective Value
52.88295941778179

Normalized Complementary Slackness
-21.763828037346574

Finite Elements
[0.46, 0.46, 0.46, 0.46, 0.46, 0.46, 0.45, 0.31, 0.31, 0.31, 0.31, 0.31, 0.31, 0.31, 0.31, 0.31, 0.31, 0.31, 0.31, 0.31, 0.31, 0.31, 0.46, 0.46, 0.46, 0.46, 0.46, 0.46, 0.46, 0.46]

Complementary Slackness per Finite Element
[-24.39, -25.0, -24.99, -24.99, -25.01, -24.49, -24.94, -24.4, -24.44, -24.4, -24.4, -24.39, -24.38, -24.38, -24.37, -24.37, -25.02, -25.01, -25.0, -24.97, -24.4, -26.51, -15.33, -13.38, -13.32, -13.32, -13.33, -13.32, -13.32, -13.32]

Feed Rates
[0.001, 0.001, 0.001, 0.001, 0.002, 0.002, 0.002, 0.002, 0.002, 0.002, 0.002, 0.003, 0.003, 0.003, 0.003, 0.003, 0.003, 0.004, 0.004, 0.004, 0.004, 0.004, 0.004, 0.004, 0.004, 0.004, 0.005, 0.005, 0.005, 0.006]

Growth Rates [h-1]
[0.189, 0.189, 0.189, 0.189, 0.189, 0.189, 0.189, 0.189, 0.189, 0.189, 0.189, 0.189, 0.189, 0.189, 0.189, 0.189, 0.189, 0.189, 0.189, 0.189, 0.189, 0.184, 0.134, 0.134, 0.134, 0.134, 0.134, 0.134, 0.134, 0.134]

Final Product Amount [mmol]
59.719868983872345

Final Biomass Amount [g]
5.107117165133708

Process End
11.5
#-------------------------