#-------------------------
Termination Status
LOCALLY_INFEASIBLE

Time Elapsed
14.027409997

Objective Value
13.587945143530916

Normalized Complementary Slackness
-21.094766385307494

Finite Elements
[2.44, 2.44, 2.44, 2.44, 2.44, 2.44, 2.44, 2.44, 2.44, 2.44, 2.3, 1.95, 1.74, 1.63, 1.63, 1.63, 1.63, 1.63, 1.63, 1.63, 1.63, 1.63, 1.63, 1.63, 1.63, 1.9, 2.33, 2.39, 2.37, 2.09]

Complementary Slackness per Finite Element
[-21.03, -21.06, -21.06, -21.06, -21.06, -21.05, -21.05, -21.05, -21.05, -21.04, -21.04, -21.03, -21.1, -21.07, -21.06, -21.05, -21.05, -21.05, -21.06, -21.06, -21.06, -21.07, -21.09, -21.1, -21.12, -21.14, -21.09, -21.12, -21.28, -21.7]

Feed Rates
[0.001, 0.0, 0.0, 0.0, 0.0, 0.0, 0.0, 0.0, 0.0, 0.0, 0.0, 0.0, 0.0, 0.0, 0.0, 0.0, 0.0, 0.0, 0.001, 0.001, 0.001, 0.002, 0.002, 0.003, 0.004, 0.005, 0.008, 0.012, 0.019, 0.029]

Growth Rates [h-1]
[0.189, 0.189, 0.189, 0.189, 0.189, 0.189, 0.189, 0.189, 0.189, 0.189, 0.189, 0.189, 0.189, 0.189, 0.189, 0.189, 0.189, 0.189, 0.189, 0.189, 0.189, 0.189, 0.189, 0.189, 0.189, 0.189, 0.189, 0.189, 0.189, 0.189]

Final Product Amount [mmol]
198.42851341919726

Final Biomass Amount [g]
27.05143318278909

Process End
61.0
#-------------------------