#-------------------------
Termination Status
LOCALLY_INFEASIBLE

Time Elapsed
20.476942241

Objective Value
73.35308020533327

Normalized Complementary Slackness
-22.49817971281482

Finite Elements
[1.31, 1.31, 1.32, 1.31, 1.32, 1.32, 1.32, 1.32, 1.32, 1.32, 1.32, 1.32, 1.33, 1.84, 1.34, 1.42, 1.92, 1.94, 1.95, 1.96, 1.96, 1.96, 1.96, 1.96, 1.96, 1.96, 1.96, 1.96, 1.96, 1.87]

Complementary Slackness per Finite Element
[-21.11, -22.45, -21.66, -21.65, -22.27, -21.46, -22.12, -21.89, -22.1, -22.24, -22.32, -22.17, -21.02, -25.22, -22.54, -21.47, -23.62, -23.03, -22.97, -22.91, -22.91, -22.89, -22.88, -22.86, -22.86, -22.85, -22.85, -22.84, -22.86, -22.92]

Feed Rates
[0.001, 0.001, 0.001, 0.001, 0.001, 0.001, 0.001, 0.001, 0.001, 0.002, 0.002, 0.002, 0.002, 0.002, 0.003, 0.003, 0.003, 0.004, 0.005, 0.005, 0.006, 0.007, 0.009, 0.01, 0.012, 0.014, 0.016, 0.019, 0.022, 0.026]

Growth Rates [h-1]
[0.079, 0.079, 0.079, 0.079, 0.079, 0.079, 0.079, 0.079, 0.079, 0.079, 0.079, 0.079, 0.079, 0.079, 0.079, 0.079, 0.079, 0.079, 0.079, 0.079, 0.079, 0.079, 0.079, 0.079, 0.079, 0.079, 0.079, 0.079, 0.079, 0.079]

Final Product Amount [mmol]
422.2756718787169

Final Biomass Amount [g]
34.01591891972386

Process End
49.0
#-------------------------