#-------------------------
Termination Status
ITERATION_LIMIT

Time Elapsed
3060.790823622

Objective Value
334.4574421681996

Normalized Complementary Slackness
-275.50358561019544

Finite Elements
[1.0, 1.0, 1.0, 1.0, 1.0, 1.0, 1.0, 1.0, 1.0, 1.0, 1.0, 1.01, 1.01, 1.01, 1.35, 1.48, 1.45, 1.46, 1.46, 1.46, 1.46, 1.45, 1.46, 1.4, 1.4, 1.42, 1.46, 1.47, 1.46, 1.34]

Complementary Slackness per Finite Element
[-278.29, -277.94, -277.67, -277.46, -277.31, -277.21, -277.15, -277.09, -277.05, -277.04, -277.05, -277.05, -277.0, -276.87, -276.44, -275.97, -276.09, -276.13, -275.4, -274.73, -273.81, -273.29, -272.64, -272.45, -271.98, -271.64, -273.06, -273.43, -273.37, -272.53]

Feed Rates
[0.001, 0.001, 0.001, 0.001, 0.001, 0.001, 0.001, 0.001, 0.002, 0.002, 0.002, 0.002, 0.002, 0.002, 0.003, 0.003, 0.004, 0.004, 0.005, 0.006, 0.006, 0.007, 0.008, 0.01, 0.011, 0.013, 0.015, 0.017, 0.02, 0.023]

Growth Rates [h-1]
[0.097, 0.097, 0.097, 0.097, 0.097, 0.097, 0.097, 0.097, 0.097, 0.097, 0.097, 0.097, 0.097, 0.097, 0.097, 0.097, 0.097, 0.097, 0.097, 0.097, 0.097, 0.097, 0.097, 0.097, 0.097, 0.097, 0.097, 0.097, 0.097, 0.097]

Final Product Amount [mmol]
598.8846626414864

Final Biomass Amount [g]
26.05593584020356

Process End
37.0
#-------------------------