#-------------------------
Termination Status
LOCALLY_INFEASIBLE

Time Elapsed
25.822437505

Objective Value
139.64662811252552

Normalized Complementary Slackness
-64.12023693048644

Finite Elements
[2.75, 2.4, 1.87, 1.87, 1.87, 1.87, 1.87, 1.87, 1.87, 1.87, 1.87, 1.87, 1.87, 1.87, 1.87, 1.87, 2.53, 2.8, 2.8, 2.8, 2.8, 2.8, 2.8, 2.8, 2.8, 2.8, 2.57, 2.8, 2.8, 2.8]

Complementary Slackness per Finite Element
[-66.41, -65.29, -64.99, -64.47, -64.42, -64.39, -64.34, -64.28, -64.22, -64.16, -64.12, -64.08, -64.03, -64.28, -64.0, -64.35, -63.99, -64.05, -64.1, -64.06, -64.06, -64.09, -64.09, -64.02, -63.71, -63.93, -64.32, -65.28, -61.63, -60.47]

Feed Rates
[0.001, 0.001, 0.001, 0.001, 0.001, 0.001, 0.001, 0.001, 0.001, 0.002, 0.002, 0.002, 0.002, 0.003, 0.003, 0.003, 0.004, 0.004, 0.005, 0.006, 0.007, 0.008, 0.01, 0.012, 0.014, 0.016, 0.019, 0.023, 0.027, 0.032]

Growth Rates [h-1]
[0.061, 0.061, 0.061, 0.061, 0.061, 0.061, 0.061, 0.061, 0.061, 0.061, 0.061, 0.061, 0.061, 0.061, 0.061, 0.061, 0.061, 0.061, 0.061, 0.061, 0.061, 0.061, 0.061, 0.061, 0.061, 0.061, 0.061, 0.061, 0.061, 0.061]

Final Product Amount [mmol]
1251.246379207691

Final Biomass Amount [g]
49.240641566632796

Process End
70.0
#-------------------------