#-------------------------
Termination Status
LOCALLY_SOLVED

Time Elapsed
62.285160402

Objective Value
543.6835351161211

Normalized Complementary Slackness
-14.910016102443825

Finite Elements
[1.48, 1.48, 1.48, 1.48, 1.48, 1.48, 1.48, 1.48, 1.48, 1.48, 1.48, 1.48, 1.48, 0.99, 1.48, 0.99, 1.48, 0.99, 0.99, 0.99, 0.99, 0.99, 0.99, 0.99, 0.99, 0.99, 0.99, 0.99, 0.99, 0.99]

Complementary Slackness per Finite Element
[-16.95, -16.95, -16.21, -9.69, -12.58, -15.11, -15.11, -15.11, -15.11, -15.11, -15.11, -15.11, -19.09, -9.69, -19.09, -9.69, -15.11, -15.11, -15.11, -15.11, -15.11, -15.11, -15.11, -15.11, -15.11, -15.11, -15.11, -15.11, -15.11, -15.11]

Feed Rates
[0.001, 0.001, 0.002, 0.001, 0.002, 0.002, 0.002, 0.002, 0.003, 0.003, 0.003, 0.004, 0.004, 0.005, 0.005, 0.005, 0.006, 0.007, 0.007, 0.008, 0.008, 0.009, 0.01, 0.011, 0.011, 0.012, 0.013, 0.014, 0.016, 0.017]

Growth Rates [h-1]
[0.189, 0.189, 0.178, 0.079, 0.079, 0.079, 0.079, 0.079, 0.079, 0.079, 0.079, 0.079, 0.079, 0.079, 0.079, 0.079, 0.079, 0.079, 0.079, 0.079, 0.079, 0.079, 0.079, 0.079, 0.079, 0.079, 0.079, 0.079, 0.079, 0.079]

Final Product Amount [mmol]
539.7847969378603

Final Biomass Amount [g]
21.178305053883975

Process End
37.0
#-------------------------