#-------------------------
Termination Status
LOCALLY_INFEASIBLE

Time Elapsed
17.660184606

Objective Value
182.2010906905046

Normalized Complementary Slackness
-17.702695556393206

Finite Elements
[2.8, 2.8, 2.8, 2.8, 2.25, 2.25, 2.24, 2.23, 2.22, 2.2, 2.18, 2.14, 2.09, 2.1, 1.92, 2.11, 1.87, 2.08, 1.89, 1.88, 1.88, 1.92, 1.87, 2.69, 2.8, 2.8, 2.8, 2.8, 2.8, 2.8]

Complementary Slackness per Finite Element
[-17.47, -17.52, -17.58, -17.6, -17.63, -17.59, -17.74, -17.55, -17.53, -17.51, -17.46, -17.53, -17.84, -17.84, -17.85, -17.85, -17.85, -17.85, -17.85, -17.85, -17.84, -17.84, -17.84, -17.85, -17.85, -17.85, -17.77, -17.57, -17.54, -17.65]

Feed Rates
[0.001, 0.0, 0.0, 0.0, 0.0, 0.0, 0.0, 0.0, 0.0, 0.0, 0.0, 0.0, 0.0, 0.0, 0.0, 0.0, 0.0, 0.0, 0.0, 0.0, 0.0, 0.001, 0.001, 0.001, 0.002, 0.003, 0.005, 0.009, 0.015, 0.026]

Growth Rates [h-1]
[0.189, 0.189, 0.189, 0.189, 0.189, 0.189, 0.189, 0.189, 0.189, 0.189, 0.189, 0.189, 0.189, 0.189, 0.189, 0.189, 0.189, 0.189, 0.189, 0.189, 0.189, 0.189, 0.189, 0.189, 0.189, 0.189, 0.189, 0.189, 0.189, 0.189]

Final Product Amount [mmol]
198.0892404292071

Final Biomass Amount [g]
27.0077142810006

Process End
70.0
#-------------------------