#-------------------------
Termination Status
LOCALLY_SOLVED

Time Elapsed
73.504752282

Objective Value
256.5455626199509

Normalized Complementary Slackness
-15.545849502308036

Finite Elements
[0.86, 0.86, 0.86, 0.86, 0.86, 0.86, 0.86, 0.86, 0.86, 0.86, 0.86, 0.86, 0.86, 0.86, 0.86, 0.58, 0.58, 0.58, 0.58, 0.58, 0.58, 0.58, 0.58, 0.58, 0.58, 0.58, 0.58, 0.58, 0.58, 0.58]

Complementary Slackness per Finite Element
[-16.95, -16.95, -16.95, -16.95, -16.95, -16.95, -16.95, -16.95, -16.95, -16.95, -16.95, -16.95, -16.95, -16.95, -16.95, -16.95, -16.95, -16.95, -16.95, -16.95, -16.95, -16.95, -16.95, -16.95, -16.95, -16.95, -9.75, -5.31, -5.31, -5.31]

Feed Rates
[0.001, 0.001, 0.002, 0.002, 0.002, 0.003, 0.003, 0.003, 0.004, 0.005, 0.006, 0.007, 0.008, 0.009, 0.011, 0.013, 0.014, 0.016, 0.018, 0.02, 0.022, 0.024, 0.027, 0.03, 0.034, 0.038, 0.024, 0.013, 0.013, 0.013]

Growth Rates [h-1]
[0.189, 0.189, 0.189, 0.189, 0.189, 0.189, 0.189, 0.189, 0.189, 0.189, 0.189, 0.189, 0.189, 0.189, 0.189, 0.189, 0.189, 0.189, 0.189, 0.189, 0.189, 0.189, 0.189, 0.189, 0.189, 0.189, 0.08, 0.012, 0.012, 0.012]

Final Product Amount [mmol]
563.8258631098454

Final Biomass Amount [g]
29.227127432010143

Process End
21.58
#-------------------------