#-------------------------
Termination Status
LOCALLY_INFEASIBLE

Time Elapsed
17.276887199

Objective Value
382.2799125818872

Normalized Complementary Slackness
-20.41469395556129

Finite Elements
[0.99, 1.48, 1.48, 1.23, 1.17, 0.99, 0.99, 0.99, 0.99, 0.99, 0.99, 0.99, 0.99, 0.99, 0.99, 0.99, 0.99, 1.06, 1.48, 1.48, 1.48, 1.48, 1.48, 1.48, 1.48, 1.48, 1.48, 1.48, 1.48, 1.48]

Complementary Slackness per Finite Element
[-20.87, -20.36, -20.4, -20.4, -20.4, -20.39, -20.39, -20.39, -20.39, -20.39, -20.39, -20.39, -20.39, -20.39, -20.39, -20.4, -20.39, -20.4, -20.4, -20.4, -20.4, -20.4, -20.41, -20.41, -20.41, -20.41, -20.41, -20.43, -20.44, -20.39]

Feed Rates
[0.001, 0.0, 0.0, 0.0, 0.0, 0.0, 0.0, 0.0, 0.0, 0.001, 0.001, 0.001, 0.001, 0.001, 0.001, 0.001, 0.002, 0.002, 0.002, 0.003, 0.004, 0.005, 0.006, 0.007, 0.009, 0.011, 0.014, 0.018, 0.022, 0.028]

Growth Rates [h-1]
[0.153, 0.153, 0.153, 0.153, 0.153, 0.153, 0.153, 0.153, 0.153, 0.153, 0.153, 0.153, 0.153, 0.153, 0.153, 0.153, 0.153, 0.153, 0.153, 0.153, 0.153, 0.153, 0.153, 0.153, 0.153, 0.153, 0.153, 0.153, 0.153, 0.153]

Final Product Amount [mmol]
396.0353503651756

Final Biomass Amount [g]
25.750811500194118

Process End
37.0
#-------------------------