#-------------------------
Termination Status
LOCALLY_SOLVED

Time Elapsed
45.802993193

Objective Value
505.96388668004903

Normalized Complementary Slackness
-15.598545548338693

Finite Elements
[0.88, 0.88, 0.88, 0.88, 0.88, 0.88, 0.88, 0.88, 0.88, 0.88, 0.88, 0.88, 0.88, 0.88, 0.88, 0.59, 0.59, 0.59, 0.59, 0.59, 0.59, 0.59, 0.59, 0.59, 0.59, 0.59, 0.59, 0.59, 0.59, 0.59]

Complementary Slackness per Finite Element
[-16.95, -16.95, -16.95, -16.95, -16.95, -16.95, -16.95, -16.95, -16.95, -16.95, -16.95, -16.95, -16.95, -16.95, -16.95, -16.95, -16.95, -16.95, -16.95, -16.95, -16.95, -16.95, -16.95, -16.95, -5.5, -5.31, -7.32, -8.99, -17.03, -17.03]

Feed Rates
[0.001, 0.001, 0.002, 0.002, 0.002, 0.003, 0.003, 0.004, 0.004, 0.005, 0.006, 0.007, 0.008, 0.01, 0.011, 0.013, 0.015, 0.017, 0.019, 0.021, 0.023, 0.026, 0.029, 0.033, 0.011, 0.011, 0.01, 0.01, 0.01, 0.01]

Growth Rates [h-1]
[0.189, 0.189, 0.189, 0.189, 0.189, 0.189, 0.189, 0.189, 0.189, 0.189, 0.189, 0.189, 0.189, 0.189, 0.189, 0.189, 0.189, 0.189, 0.189, 0.189, 0.189, 0.189, 0.189, 0.189, 0.015, 0.012, 0.005, 0.005, 0.005, 0.005]

Final Product Amount [mmol]
509.09237058526037

Final Biomass Amount [g]
24.19761167842158

Process End
22.0
#-------------------------