#-------------------------
Termination Status
LOCALLY_SOLVED

Time Elapsed
72.156390575

Objective Value
105.35569059101506

Normalized Complementary Slackness
-15.01187326022549

Finite Elements
[0.64, 0.64, 0.64, 0.64, 0.64, 0.64, 0.64, 0.64, 0.64, 0.64, 0.64, 0.64, 0.64, 0.64, 0.64, 0.43, 0.43, 0.43, 0.43, 0.43, 0.43, 0.43, 0.43, 0.43, 0.43, 0.43, 0.43, 0.43, 0.43, 0.43]

Complementary Slackness per Finite Element
[-16.95, -16.95, -16.95, -16.95, -16.95, -16.95, -16.95, -16.95, -16.95, -16.95, -16.95, -16.95, -16.95, -16.95, -16.95, -16.95, -16.95, -16.95, -16.95, -16.95, -16.95, -16.95, -16.95, -9.62, -8.48, -8.48, -8.48, -8.48, -8.48, -8.48]

Feed Rates
[0.001, 0.001, 0.001, 0.002, 0.002, 0.002, 0.002, 0.003, 0.003, 0.003, 0.004, 0.004, 0.005, 0.005, 0.006, 0.007, 0.007, 0.008, 0.009, 0.009, 0.01, 0.011, 0.012, 0.007, 0.006, 0.007, 0.007, 0.007, 0.007, 0.007]

Growth Rates [h-1]
[0.189, 0.189, 0.189, 0.189, 0.189, 0.189, 0.189, 0.189, 0.189, 0.189, 0.189, 0.189, 0.189, 0.189, 0.189, 0.189, 0.189, 0.189, 0.189, 0.189, 0.189, 0.189, 0.189, 0.078, 0.061, 0.061, 0.061, 0.061, 0.061, 0.061]

Final Product Amount [mmol]
185.24227610375618

Final Biomass Amount [g]
10.079165319240644

Process End
16.0
#-------------------------