#-------------------------
Termination Status
LOCALLY_INFEASIBLE

Time Elapsed
15.890082694

Objective Value
58.874871606251496

Normalized Complementary Slackness
-20.954650870341318

Finite Elements
[1.96, 1.96, 1.96, 1.96, 1.96, 1.96, 1.96, 1.96, 1.96, 1.96, 1.96, 1.78, 1.45, 1.32, 1.72, 1.72, 1.73, 1.31, 1.71, 1.62, 1.33, 1.31, 1.31, 1.31, 1.31, 1.31, 1.31, 1.31, 1.31, 1.31]

Complementary Slackness per Finite Element
[-21.57, -20.83, -20.87, -20.9, -20.93, -20.95, -20.95, -20.94, -20.91, -20.89, -20.87, -20.88, -20.86, -20.84, -20.81, -20.77, -20.74, -20.73, -20.74, -20.78, -20.83, -20.91, -20.99, -21.02, -21.06, -21.13, -21.2, -21.25, -21.25, -21.24]

Feed Rates
[0.001, 0.0, 0.0, 0.0, 0.0, 0.0, 0.0, 0.0, 0.0, 0.0, 0.0, 0.001, 0.001, 0.001, 0.001, 0.001, 0.002, 0.002, 0.003, 0.004, 0.005, 0.006, 0.007, 0.008, 0.01, 0.013, 0.015, 0.019, 0.023, 0.028]

Growth Rates [h-1]
[0.153, 0.153, 0.153, 0.153, 0.153, 0.153, 0.153, 0.153, 0.153, 0.153, 0.153, 0.153, 0.153, 0.153, 0.153, 0.153, 0.153, 0.153, 0.153, 0.153, 0.153, 0.153, 0.153, 0.153, 0.153, 0.153, 0.153, 0.153, 0.153, 0.153]

Final Product Amount [mmol]
357.9096930078547

Final Biomass Amount [g]
25.61497165004315

Process End
49.0
#-------------------------