#-------------------------
Termination Status
LOCALLY_INFEASIBLE

Time Elapsed
19.392302112

Objective Value
495.93904551480665

Normalized Complementary Slackness
-17.048797020424374

Finite Elements
[2.8, 2.77, 2.75, 2.7, 2.63, 1.88, 2.41, 1.87, 1.87, 1.87, 1.87, 1.87, 1.87, 1.87, 1.87, 1.87, 1.87, 1.92, 1.87, 1.87, 2.61, 2.74, 2.79, 2.79, 2.77, 2.8, 2.8, 2.8, 2.8, 2.8]

Complementary Slackness per Finite Element
[-18.45, -16.95, -16.9, -16.86, -16.81, -16.8, -16.8, -16.79, -16.79, -16.81, -16.79, -16.82, -16.87, -16.95, -17.01, -17.41, -17.04, -17.3, -17.04, -16.86, -16.79, -16.87, -17.14, -17.15, -17.43, -17.07, -17.49, -17.48, -17.25, -16.77]

Feed Rates
[0.001, 0.0, 0.0, 0.0, 0.0, 0.0, 0.0, 0.0, 0.0, 0.0, 0.0, 0.0, 0.0, 0.0, 0.0, 0.0, 0.0, 0.0, 0.001, 0.001, 0.001, 0.001, 0.002, 0.003, 0.004, 0.005, 0.008, 0.011, 0.017, 0.024]

Growth Rates [h-1]
[0.134, 0.134, 0.134, 0.134, 0.134, 0.134, 0.134, 0.134, 0.134, 0.134, 0.134, 0.134, 0.134, 0.134, 0.134, 0.134, 0.134, 0.134, 0.134, 0.134, 0.134, 0.134, 0.134, 0.134, 0.134, 0.134, 0.134, 0.134, 0.134, 0.134]

Final Product Amount [mmol]
507.2068870422503

Final Biomass Amount [g]
28.069077003526786

Process End
70.0
#-------------------------