#-------------------------
Termination Status
LOCALLY_INFEASIBLE

Time Elapsed
17.486133596

Objective Value
212.2237051568386

Normalized Complementary Slackness
-37.39012971079793

Finite Elements
[1.07, 1.45, 1.06, 1.45, 1.45, 1.45, 1.45, 1.05, 1.02, 1.03, 1.01, 1.03, 1.03, 1.03, 1.04, 1.03, 1.05, 1.06, 1.06, 1.12, 1.09, 1.27, 1.46, 1.46, 1.46, 1.47, 1.47, 1.47, 1.47, 1.46]

Complementary Slackness per Finite Element
[-37.99, -37.08, -36.73, -37.31, -37.51, -37.58, -37.63, -37.46, -37.4, -37.53, -37.56, -37.57, -37.58, -37.55, -37.51, -37.5, -37.66, -37.49, -37.46, -37.44, -37.45, -37.62, -37.31, -37.51, -37.43, -37.44, -37.63, -37.56, -37.02, -35.17]

Feed Rates
[0.001, 0.001, 0.001, 0.001, 0.001, 0.002, 0.002, 0.002, 0.003, 0.003, 0.003, 0.004, 0.004, 0.005, 0.005, 0.006, 0.007, 0.008, 0.009, 0.01, 0.011, 0.013, 0.015, 0.017, 0.021, 0.024, 0.029, 0.034, 0.041, 0.048]

Growth Rates [h-1]
[0.116, 0.116, 0.116, 0.116, 0.116, 0.116, 0.116, 0.116, 0.116, 0.116, 0.116, 0.116, 0.116, 0.116, 0.116, 0.116, 0.116, 0.116, 0.116, 0.116, 0.116, 0.116, 0.116, 0.116, 0.116, 0.116, 0.116, 0.116, 0.116, 0.116]

Final Product Amount [mmol]
865.980718020735

Final Biomass Amount [g]
51.48297494724567

Process End
37.0
#-------------------------