#-------------------------
Termination Status
LOCALLY_INFEASIBLE

Time Elapsed
16.884355974

Objective Value
287.54005117971815

Normalized Complementary Slackness
-86.05100541028011

Finite Elements
[0.99, 1.48, 1.48, 1.48, 1.48, 1.48, 1.48, 1.48, 1.48, 1.48, 1.48, 1.48, 1.48, 1.48, 1.48, 1.48, 0.99, 0.99, 0.99, 0.99, 0.99, 0.99, 0.99, 0.99, 0.99, 0.99, 0.99, 0.99, 0.99, 0.99]

Complementary Slackness per Finite Element
[-84.73, -85.05, -85.26, -85.48, -85.71, -85.95, -86.13, -86.18, -86.17, -86.13, -86.05, -85.94, -85.77, -85.84, -85.7, -85.92, -85.97, -86.08, -86.19, -86.29, -86.45, -86.59, -86.57, -86.6, -86.67, -86.58, -86.52, -86.44, -86.33, -86.22]

Feed Rates
[0.001, 0.0, 0.0, 0.0, 0.0, 0.0, 0.001, 0.001, 0.001, 0.001, 0.001, 0.002, 0.002, 0.002, 0.003, 0.004, 0.005, 0.006, 0.006, 0.007, 0.009, 0.01, 0.012, 0.014, 0.016, 0.018, 0.021, 0.025, 0.029, 0.034]

Growth Rates [h-1]
[0.153, 0.153, 0.153, 0.153, 0.153, 0.153, 0.153, 0.153, 0.153, 0.153, 0.153, 0.153, 0.153, 0.153, 0.153, 0.153, 0.153, 0.153, 0.153, 0.153, 0.153, 0.153, 0.153, 0.153, 0.153, 0.153, 0.153, 0.153, 0.153, 0.153]

Final Product Amount [mmol]
365.41259189793425

Final Biomass Amount [g]
29.410368727185197

Process End
37.0
#-------------------------