#-------------------------
Termination Status
LOCALLY_INFEASIBLE

Time Elapsed
18.209396818

Objective Value
30.26693175969101

Normalized Complementary Slackness
-17.790986119826716

Finite Elements
[2.56, 2.53, 2.52, 2.52, 2.51, 2.09, 1.95, 1.72, 1.72, 1.71, 1.71, 1.71, 1.73, 1.71, 1.71, 1.71, 1.71, 1.71, 1.71, 1.72, 2.0, 2.56, 2.56, 2.56, 2.56, 2.56, 2.56, 2.56, 2.56, 2.56]

Complementary Slackness per Finite Element
[-18.31, -17.71, -17.66, -17.65, -17.66, -17.7, -17.68, -17.79, -17.76, -17.74, -17.72, -17.66, -17.63, -17.74, -17.76, -17.76, -17.65, -17.69, -17.62, -17.62, -17.68, -17.73, -18.0, -18.04, -17.97, -17.97, -17.96, -17.96, -17.96, -17.96]

Feed Rates
[0.001, 0.0, 0.0, 0.0, 0.0, 0.0, 0.0, 0.0, 0.0, 0.0, 0.0, 0.0, 0.0, 0.0, 0.0, 0.0, 0.0, 0.0, 0.0, 0.0, 0.001, 0.001, 0.001, 0.002, 0.003, 0.004, 0.007, 0.011, 0.017, 0.026]

Growth Rates [h-1]
[0.171, 0.171, 0.171, 0.171, 0.171, 0.171, 0.171, 0.171, 0.171, 0.171, 0.171, 0.171, 0.171, 0.171, 0.171, 0.171, 0.171, 0.171, 0.171, 0.171, 0.171, 0.171, 0.171, 0.171, 0.171, 0.171, 0.171, 0.171, 0.171, 0.171]

Final Product Amount [mmol]
288.87110793364667

Final Biomass Amount [g]
26.352858333589186

Process End
64.0
#-------------------------