#-------------------------
Termination Status
LOCALLY_SOLVED

Time Elapsed
53.732960098

Objective Value
203.41655884925683

Normalized Complementary Slackness
-15.110934440396985

Finite Elements
[1.24, 1.24, 1.24, 1.24, 1.24, 1.24, 1.24, 1.24, 1.24, 1.24, 1.24, 1.24, 1.24, 1.24, 1.24, 0.83, 0.83, 0.83, 0.83, 0.83, 0.83, 0.83, 0.83, 0.83, 0.83, 0.83, 0.83, 0.83, 0.83, 0.83]

Complementary Slackness per Finite Element
[-16.95, -16.95, -16.95, -16.95, -16.95, -16.95, -16.95, -16.95, -10.34, -9.69, -10.59, -15.11, -15.11, -15.11, -15.11, -15.11, -15.11, -15.11, -15.11, -15.11, -15.11, -15.11, -15.11, -15.11, -15.11, -15.11, -15.11, -15.11, -15.11, -15.11]

Feed Rates
[0.001, 0.001, 0.002, 0.002, 0.003, 0.004, 0.005, 0.006, 0.004, 0.005, 0.005, 0.005, 0.006, 0.007, 0.007, 0.008, 0.009, 0.009, 0.01, 0.01, 0.011, 0.012, 0.013, 0.014, 0.015, 0.015, 0.017, 0.018, 0.019, 0.02]

Growth Rates [h-1]
[0.189, 0.189, 0.189, 0.189, 0.189, 0.189, 0.189, 0.189, 0.089, 0.079, 0.079, 0.079, 0.079, 0.079, 0.079, 0.079, 0.079, 0.079, 0.079, 0.079, 0.079, 0.079, 0.079, 0.079, 0.079, 0.079, 0.079, 0.079, 0.079, 0.079]

Final Product Amount [mmol]
608.2471638578274

Final Biomass Amount [g]
24.857269919741654

Process End
31.0
#-------------------------