#-------------------------
Termination Status
LOCALLY_INFEASIBLE

Time Elapsed
19.106227087

Objective Value
67.20597596228309

Normalized Complementary Slackness
-17.873316309989097

Finite Elements
[2.56, 2.56, 2.56, 2.56, 2.56, 2.56, 2.56, 2.56, 2.56, 2.56, 2.28, 1.71, 1.71, 1.71, 1.71, 1.71, 1.71, 1.71, 1.71, 1.71, 1.71, 1.71, 1.71, 2.05, 1.85, 1.8, 2.25, 2.56, 2.56, 2.56]

Complementary Slackness per Finite Element
[-18.62, -17.33, -17.55, -17.71, -17.81, -17.92, -18.01, -18.02, -17.8, -17.8, -18.03, -17.83, -17.61, -17.48, -17.64, -17.74, -17.81, -17.85, -17.89, -17.93, -18.02, -18.24, -18.14, -18.58, -18.47, -18.39, -17.97, -17.73, -17.4, -16.89]

Feed Rates
[0.001, 0.0, 0.0, 0.0, 0.0, 0.0, 0.0, 0.0, 0.0, 0.0, 0.0, 0.0, 0.001, 0.001, 0.001, 0.001, 0.001, 0.001, 0.002, 0.002, 0.003, 0.003, 0.004, 0.005, 0.006, 0.008, 0.01, 0.012, 0.017, 0.022]

Growth Rates [h-1]
[0.116, 0.116, 0.116, 0.116, 0.116, 0.116, 0.116, 0.116, 0.116, 0.116, 0.116, 0.116, 0.116, 0.116, 0.116, 0.116, 0.116, 0.116, 0.116, 0.116, 0.116, 0.116, 0.116, 0.116, 0.116, 0.116, 0.116, 0.116, 0.116, 0.116]

Final Product Amount [mmol]
499.3560123980703

Final Biomass Amount [g]
26.765544932538013

Process End
64.0
#-------------------------