#-------------------------
Termination Status
LOCALLY_SOLVED

Time Elapsed
111.574902144

Objective Value
208.23486913487434

Normalized Complementary Slackness
-15.014438018053488

Finite Elements
[0.64, 0.64, 0.64, 0.64, 0.64, 0.64, 0.64, 0.64, 0.64, 0.64, 0.64, 0.64, 0.64, 0.64, 0.46, 0.43, 0.43, 0.43, 0.43, 0.43, 0.43, 0.43, 0.6, 0.43, 0.43, 0.43, 0.43, 0.43, 0.43, 0.43]

Complementary Slackness per Finite Element
[-16.95, -16.95, -16.95, -16.95, -16.95, -16.95, -16.95, -16.95, -16.95, -16.95, -16.95, -16.95, -16.95, -16.95, -16.95, -16.95, -16.95, -16.95, -16.95, -16.95, -16.95, -16.95, -9.69, -9.69, -9.69, -9.69, -9.69, -9.69, -9.69, -9.69]

Feed Rates
[0.001, 0.001, 0.001, 0.002, 0.002, 0.002, 0.002, 0.003, 0.003, 0.003, 0.004, 0.004, 0.005, 0.005, 0.006, 0.007, 0.007, 0.008, 0.008, 0.009, 0.01, 0.011, 0.006, 0.007, 0.007, 0.007, 0.007, 0.008, 0.008, 0.008]

Growth Rates [h-1]
[0.189, 0.189, 0.189, 0.189, 0.189, 0.189, 0.189, 0.189, 0.189, 0.189, 0.189, 0.189, 0.189, 0.189, 0.189, 0.189, 0.189, 0.189, 0.189, 0.189, 0.189, 0.189, 0.079, 0.079, 0.079, 0.079, 0.079, 0.079, 0.079, 0.079]

Final Product Amount [mmol]
181.50891974913458

Final Biomass Amount [g]
9.890340028428422

Process End
16.0
#-------------------------