#-------------------------
Termination Status
LOCALLY_SOLVED

Time Elapsed
22.343782804

Objective Value
55.47259549439255

Normalized Complementary Slackness
-11.73840933728724

Finite Elements
[0.64, 0.64, 0.64, 0.64, 0.64, 0.64, 0.64, 0.64, 0.64, 0.64, 0.64, 0.64, 0.64, 0.64, 0.64, 0.43, 0.43, 0.43, 0.43, 0.43, 0.43, 0.43, 0.43, 0.43, 0.43, 0.43, 0.43, 0.43, 0.43, 0.43]

Complementary Slackness per Finite Element
[-11.74, -11.74, -11.74, -11.74, -11.74, -11.74, -11.74, -11.74, -11.74, -11.74, -11.74, -11.74, -11.74, -11.74, -11.74, -11.74, -11.74, -11.74, -11.74, -11.74, -11.74, -11.74, -11.74, -11.74, -11.74, -11.74, -11.74, -11.74, -11.74, -11.74]

Feed Rates
[0.001, 0.001, 0.001, 0.002, 0.002, 0.002, 0.002, 0.003, 0.003, 0.003, 0.004, 0.004, 0.005, 0.005, 0.006, 0.007, 0.007, 0.008, 0.009, 0.009, 0.01, 0.011, 0.012, 0.013, 0.014, 0.015, 0.016, 0.018, 0.019, 0.021]

Growth Rates [h-1]
[0.189, 0.189, 0.189, 0.189, 0.189, 0.189, 0.189, 0.189, 0.189, 0.189, 0.189, 0.189, 0.189, 0.189, 0.189, 0.189, 0.189, 0.189, 0.189, 0.189, 0.189, 0.189, 0.189, 0.189, 0.189, 0.189, 0.189, 0.189, 0.189, 0.189]

Final Product Amount [mmol]
101.9485069140062

Final Biomass Amount [g]
14.70082098440025

Process End
16.0
#-------------------------