#-------------------------
Termination Status
LOCALLY_INFEASIBLE

Time Elapsed
15.023748149

Objective Value
1101.2785349793794

Normalized Complementary Slackness
-20.70325284295546

Finite Elements
[0.99, 0.99, 0.99, 0.99, 1.42, 1.43, 1.44, 1.45, 1.46, 1.46, 1.46, 1.46, 1.46, 1.46, 1.47, 1.0, 1.46, 1.46, 1.0, 1.0, 1.0, 1.0, 1.0, 1.01, 1.01, 1.03, 1.06, 1.07, 1.48, 1.48]

Complementary Slackness per Finite Element
[-23.97, -20.87, -19.51, -19.05, -21.88, -20.76, -20.62, -20.68, -20.7, -20.67, -20.65, -20.65, -20.66, -20.65, -21.28, -19.66, -20.77, -21.08, -20.11, -20.63, -20.64, -20.64, -20.64, -20.64, -20.63, -20.63, -20.65, -20.56, -20.72, -20.51]

Feed Rates
[0.001, 0.001, 0.001, 0.001, 0.001, 0.001, 0.002, 0.002, 0.002, 0.003, 0.003, 0.004, 0.005, 0.006, 0.007, 0.008, 0.009, 0.01, 0.012, 0.014, 0.016, 0.017, 0.02, 0.022, 0.025, 0.028, 0.031, 0.035, 0.04, 0.048]

Growth Rates [h-1]
[0.116, 0.116, 0.116, 0.116, 0.116, 0.116, 0.116, 0.116, 0.116, 0.116, 0.116, 0.116, 0.116, 0.116, 0.116, 0.116, 0.116, 0.116, 0.116, 0.116, 0.116, 0.116, 0.116, 0.116, 0.116, 0.116, 0.116, 0.116, 0.116, 0.116]

Final Product Amount [mmol]
1095.4779990709346

Final Biomass Amount [g]
51.48297001779907

Process End
37.0
#-------------------------