#-------------------------
Termination Status
LOCALLY_INFEASIBLE

Time Elapsed
18.438179104

Objective Value
488.5378635259178

Normalized Complementary Slackness
-65.38034879458533

Finite Elements
[2.2, 2.2, 2.2, 2.2, 2.2, 2.2, 2.2, 2.2, 2.2, 2.2, 2.2, 2.2, 2.2, 2.2, 2.18, 1.48, 1.47, 1.47, 1.47, 1.47, 1.47, 1.47, 1.47, 1.47, 1.47, 1.47, 1.47, 1.47, 1.47, 1.47]

Complementary Slackness per Finite Element
[-68.56, -67.8, -67.06, -66.46, -66.13, -66.0, -66.03, -66.18, -66.47, -65.38, -65.4, -65.36, -65.27, -65.16, -65.03, -64.87, -64.79, -64.72, -64.65, -64.57, -64.41, -64.88, -64.4, -64.4, -64.69, -64.36, -64.63, -64.64, -64.79, -64.33]

Feed Rates
[0.001, 0.0, 0.0, 0.0, 0.0, 0.0, 0.0, 0.0, 0.0, 0.001, 0.001, 0.001, 0.001, 0.001, 0.002, 0.002, 0.003, 0.003, 0.004, 0.005, 0.005, 0.006, 0.008, 0.009, 0.011, 0.013, 0.015, 0.018, 0.021, 0.025]

Growth Rates [h-1]
[0.116, 0.116, 0.116, 0.116, 0.116, 0.116, 0.116, 0.116, 0.116, 0.116, 0.116, 0.116, 0.116, 0.116, 0.116, 0.116, 0.116, 0.116, 0.116, 0.116, 0.116, 0.116, 0.116, 0.116, 0.116, 0.116, 0.116, 0.116, 0.116, 0.116]

Final Product Amount [mmol]
542.8784684684308

Final Biomass Amount [g]
26.823040869117055

Process End
55.0
#-------------------------