#-------------------------
Termination Status
LOCALLY_INFEASIBLE

Time Elapsed
19.529425072

Objective Value
547.7685577200929

Normalized Complementary Slackness
-23.16855916162678

Finite Elements
[0.84, 0.84, 1.09, 0.84, 0.84, 0.84, 0.84, 0.85, 1.19, 0.87, 1.22, 1.22, 1.22, 1.23, 1.23, 1.23, 1.23, 1.23, 1.23, 1.23, 1.22, 1.22, 1.22, 0.93, 0.86, 0.85, 0.85, 0.85, 0.85, 0.86]

Complementary Slackness per Finite Element
[-22.88, -22.17, -22.11, -22.29, -22.35, -22.45, -22.58, -22.71, -23.0, -22.91, -23.47, -23.43, -23.34, -23.4, -23.45, -23.55, -23.64, -23.71, -23.77, -23.81, -23.83, -23.8, -23.74, -23.66, -23.57, -23.41, -23.4, -23.22, -22.94, -22.48]

Feed Rates
[0.001, 0.001, 0.001, 0.001, 0.001, 0.002, 0.002, 0.002, 0.002, 0.003, 0.003, 0.003, 0.004, 0.005, 0.006, 0.007, 0.008, 0.009, 0.011, 0.013, 0.015, 0.018, 0.021, 0.024, 0.028, 0.031, 0.035, 0.039, 0.044, 0.049]

Growth Rates [h-1]
[0.134, 0.134, 0.134, 0.134, 0.134, 0.134, 0.134, 0.134, 0.134, 0.134, 0.134, 0.134, 0.134, 0.134, 0.134, 0.134, 0.134, 0.134, 0.134, 0.134, 0.134, 0.134, 0.134, 0.134, 0.134, 0.134, 0.134, 0.134, 0.134, 0.134]

Final Product Amount [mmol]
557.0454164197583

Final Biomass Amount [g]
45.47499188116446

Process End
31.0
#-------------------------