#-------------------------
Termination Status
LOCALLY_INFEASIBLE

Time Elapsed
14.737827106

Objective Value
62.44173425145801

Normalized Complementary Slackness
-62.866612284840215

Finite Elements
[1.15, 1.72, 1.72, 1.72, 1.72, 1.72, 1.72, 1.72, 1.72, 1.72, 1.72, 1.72, 1.72, 1.72, 1.71, 1.26, 1.15, 1.15, 1.15, 1.15, 1.15, 1.15, 1.15, 1.15, 1.15, 1.6, 1.15, 1.15, 1.15, 1.15]

Complementary Slackness per Finite Element
[-63.39, -63.55, -63.96, -64.11, -64.02, -63.92, -63.87, -63.79, -63.78, -63.76, -63.73, -63.71, -63.68, -63.64, -63.59, -63.64, -63.61, -63.55, -63.46, -63.37, -63.26, -62.86, -62.94, -61.31, -60.65, -61.35, -61.61, -59.93, -59.2, -58.77]

Feed Rates
[0.001, 0.0, 0.0, 0.0, 0.0, 0.0, 0.001, 0.001, 0.001, 0.001, 0.001, 0.002, 0.002, 0.002, 0.003, 0.003, 0.004, 0.004, 0.005, 0.006, 0.007, 0.007, 0.009, 0.01, 0.011, 0.013, 0.015, 0.017, 0.02, 0.023]

Growth Rates [h-1]
[0.116, 0.116, 0.116, 0.116, 0.116, 0.116, 0.116, 0.116, 0.116, 0.116, 0.116, 0.116, 0.116, 0.116, 0.116, 0.116, 0.116, 0.116, 0.116, 0.116, 0.116, 0.116, 0.116, 0.116, 0.116, 0.116, 0.116, 0.116, 0.116, 0.116]

Final Product Amount [mmol]
500.6372312561082

Final Biomass Amount [g]
23.654894158680055

Process End
43.0
#-------------------------