#-------------------------
Termination Status
LOCALLY_SOLVED

Time Elapsed
145.359843225

Objective Value
618.7744446303433

Normalized Complementary Slackness
-15.41279403891238

Finite Elements
[1.12, 1.12, 1.12, 1.12, 1.12, 1.12, 1.12, 1.12, 1.12, 1.12, 1.12, 1.12, 1.12, 1.12, 0.91, 0.75, 0.96, 0.75, 0.75, 0.75, 0.75, 0.75, 0.75, 0.75, 0.75, 0.75, 0.75, 0.75, 0.75, 0.75]

Complementary Slackness per Finite Element
[-16.95, -16.95, -16.95, -16.95, -16.95, -16.95, -16.95, -16.95, -16.95, -16.95, -16.95, -16.95, -15.28, -8.48, -8.48, -8.48, -15.59, -15.59, -15.59, -15.59, -15.59, -15.59, -15.59, -15.59, -15.59, -15.59, -15.59, -15.59, -15.59, -15.59]

Feed Rates
[0.001, 0.001, 0.002, 0.002, 0.003, 0.003, 0.004, 0.005, 0.006, 0.008, 0.009, 0.011, 0.013, 0.008, 0.009, 0.009, 0.01, 0.01, 0.011, 0.011, 0.012, 0.012, 0.013, 0.013, 0.014, 0.015, 0.015, 0.016, 0.017, 0.018]

Growth Rates [h-1]
[0.189, 0.189, 0.189, 0.189, 0.189, 0.189, 0.189, 0.189, 0.189, 0.189, 0.189, 0.189, 0.164, 0.061, 0.061, 0.061, 0.061, 0.061, 0.061, 0.061, 0.061, 0.061, 0.061, 0.061, 0.061, 0.061, 0.061, 0.061, 0.061, 0.061]

Final Product Amount [mmol]
611.405920547257

Final Biomass Amount [g]
24.54653358076436

Process End
28.0
#-------------------------