#-------------------------
Termination Status
LOCALLY_SOLVED

Time Elapsed
42.444273459

Objective Value
219.17573003010588

Normalized Complementary Slackness
-15.773586458457322

Finite Elements
[1.0, 1.0, 1.0, 1.0, 1.0, 1.0, 1.0, 1.0, 1.0, 1.0, 1.0, 1.0, 1.0, 1.0, 1.0, 0.67, 0.67, 0.67, 0.67, 0.67, 0.67, 0.67, 0.67, 0.67, 0.67, 0.67, 0.67, 0.67, 0.67, 0.67]

Complementary Slackness per Finite Element
[-16.95, -16.95, -16.95, -16.95, -16.95, -16.95, -16.95, -16.95, -16.95, -16.95, -16.95, -16.95, -16.95, -16.95, -16.95, -16.95, -16.95, -16.95, -16.18, -5.31, -5.31, -5.31, -16.84, -17.02, -17.02, -17.02, -17.02, -17.02, -17.02, -17.02]

Feed Rates
[0.001, 0.001, 0.002, 0.002, 0.002, 0.003, 0.003, 0.004, 0.005, 0.006, 0.007, 0.009, 0.011, 0.013, 0.016, 0.019, 0.021, 0.024, 0.026, 0.009, 0.009, 0.009, 0.008, 0.008, 0.008, 0.009, 0.009, 0.009, 0.009, 0.009]

Growth Rates [h-1]
[0.189, 0.189, 0.189, 0.189, 0.189, 0.189, 0.189, 0.189, 0.189, 0.189, 0.189, 0.189, 0.189, 0.189, 0.189, 0.189, 0.189, 0.189, 0.178, 0.012, 0.012, 0.012, 0.005, 0.005, 0.005, 0.005, 0.005, 0.005, 0.005, 0.005]

Final Product Amount [mmol]
540.6809676703822

Final Biomass Amount [g]
21.090146001206296

Process End
25.0
#-------------------------