#-------------------------
Termination Status
LOCALLY_INFEASIBLE

Time Elapsed
16.07235338

Objective Value
209.48060160320156

Normalized Complementary Slackness
-20.297379262504226

Finite Elements
[2.08, 2.08, 2.08, 2.08, 2.08, 2.08, 2.07, 2.05, 1.96, 2.08, 2.07, 1.91, 1.4, 1.39, 1.39, 1.39, 1.39, 1.39, 1.39, 1.39, 1.39, 1.39, 1.44, 1.92, 2.0, 2.01, 1.93, 1.43, 1.39, 1.39]

Complementary Slackness per Finite Element
[-20.23, -20.23, -20.24, -20.24, -20.24, -20.23, -20.22, -20.33, -20.33, -20.2, -20.18, -20.26, -20.32, -20.29, -20.28, -20.27, -20.26, -20.26, -20.27, -20.27, -20.27, -20.28, -20.29, -20.29, -20.34, -20.37, -20.2, -20.31, -20.61, -20.8]

Feed Rates
[0.001, 0.0, 0.0, 0.0, 0.0, 0.0, 0.0, 0.0, 0.0, 0.0, 0.0, 0.0, 0.0, 0.0, 0.0, 0.001, 0.001, 0.001, 0.001, 0.002, 0.002, 0.003, 0.004, 0.005, 0.007, 0.011, 0.016, 0.022, 0.029, 0.038]

Growth Rates [h-1]
[0.189, 0.189, 0.189, 0.189, 0.189, 0.189, 0.189, 0.189, 0.189, 0.189, 0.189, 0.189, 0.189, 0.189, 0.189, 0.189, 0.189, 0.189, 0.189, 0.189, 0.189, 0.189, 0.189, 0.189, 0.189, 0.189, 0.189, 0.189, 0.189, 0.189]

Final Product Amount [mmol]
226.690534542002

Final Biomass Amount [g]
30.958752854980457

Process End
52.0
#-------------------------