#-------------------------
Termination Status
LOCALLY_INFEASIBLE

Time Elapsed
18.406401592

Objective Value
419.42623569767755

Normalized Complementary Slackness
-22.19715122619319

Finite Elements
[1.07, 1.6, 1.6, 1.6, 1.6, 1.6, 1.6, 1.6, 1.6, 1.6, 1.6, 1.6, 1.6, 1.6, 1.6, 1.44, 1.23, 1.07, 1.07, 1.07, 1.07, 1.07, 1.07, 1.07, 1.07, 1.07, 1.07, 1.07, 1.07, 1.07]

Complementary Slackness per Finite Element
[-22.55, -21.56, -21.57, -21.7, -22.23, -22.85, -23.1, -22.97, -23.02, -23.05, -23.04, -23.05, -23.02, -23.01, -22.96, -22.83, -22.63, -22.39, -22.11, -21.49, -22.7, -22.48, -22.14, -21.75, -21.36, -21.05, -20.95, -20.77, -20.83, -20.77]

Feed Rates
[0.001, 0.0, 0.0, 0.0, 0.0, 0.0, 0.001, 0.001, 0.001, 0.001, 0.001, 0.002, 0.002, 0.002, 0.003, 0.004, 0.005, 0.005, 0.006, 0.007, 0.008, 0.009, 0.011, 0.013, 0.015, 0.017, 0.019, 0.022, 0.026, 0.03]

Growth Rates [h-1]
[0.134, 0.134, 0.134, 0.134, 0.134, 0.134, 0.134, 0.134, 0.134, 0.134, 0.134, 0.134, 0.134, 0.134, 0.134, 0.134, 0.134, 0.134, 0.134, 0.134, 0.134, 0.134, 0.134, 0.134, 0.134, 0.134, 0.134, 0.134, 0.134, 0.134]

Final Product Amount [mmol]
432.49186412432704

Final Biomass Amount [g]
28.31477065479462

Process End
40.0
#-------------------------