#-------------------------
Termination Status
LOCALLY_INFEASIBLE

Time Elapsed
15.271272241

Objective Value
402.6578199720339

Normalized Complementary Slackness
-34.687950774032636

Finite Elements
[0.94, 0.92, 0.92, 0.92, 0.92, 0.92, 0.92, 0.92, 0.93, 0.93, 1.31, 0.99, 1.33, 1.09, 1.34, 1.34, 1.34, 1.34, 1.34, 1.34, 1.34, 0.97, 1.33, 1.05, 1.33, 1.04, 1.33, 1.33, 1.31, 0.96]

Complementary Slackness per Finite Element
[-35.21, -34.11, -34.1, -34.13, -34.15, -34.18, -34.25, -34.32, -34.38, -34.43, -34.49, -35.23, -34.57, -34.58, -34.84, -34.71, -34.94, -35.03, -35.13, -35.16, -35.23, -35.24, -35.2, -35.09, -35.16, -35.12, -34.9, -34.63, -34.24, -33.85]

Feed Rates
[0.001, 0.001, 0.001, 0.001, 0.001, 0.001, 0.001, 0.002, 0.002, 0.002, 0.002, 0.003, 0.003, 0.003, 0.004, 0.005, 0.005, 0.006, 0.007, 0.009, 0.01, 0.012, 0.013, 0.015, 0.017, 0.02, 0.023, 0.026, 0.031, 0.036]

Growth Rates [h-1]
[0.116, 0.116, 0.116, 0.116, 0.116, 0.116, 0.116, 0.116, 0.116, 0.116, 0.116, 0.116, 0.116, 0.116, 0.116, 0.116, 0.116, 0.116, 0.116, 0.116, 0.116, 0.116, 0.116, 0.116, 0.116, 0.116, 0.116, 0.116, 0.116, 0.116]

Final Product Amount [mmol]
427.4578836917151

Final Biomass Amount [g]
36.37642255058807

Process End
34.0
#-------------------------