#-------------------------
Termination Status
LOCALLY_INFEASIBLE

Time Elapsed
15.355554372

Objective Value
26.90026030013278

Normalized Complementary Slackness
-41.9964429866055

Finite Elements
[1.07, 1.6, 1.6, 1.6, 1.6, 1.6, 1.6, 1.6, 1.6, 1.6, 1.6, 1.6, 1.6, 1.6, 1.6, 1.59, 1.08, 1.07, 1.07, 1.07, 1.07, 1.07, 1.07, 1.07, 1.07, 1.07, 1.07, 1.07, 1.07, 1.07]

Complementary Slackness per Finite Element
[-41.31, -41.42, -41.48, -41.52, -41.57, -41.8, -42.37, -42.21, -41.85, -42.37, -42.4, -42.2, -42.05, -42.36, -42.16, -42.1, -42.2, -42.3, -42.18, -42.16, -42.15, -42.16, -42.15, -42.13, -42.15, -42.11, -42.05, -41.93, -41.52, -41.51]

Feed Rates
[0.001, 0.0, 0.0, 0.0, 0.0, 0.0, 0.0, 0.0, 0.0, 0.001, 0.001, 0.001, 0.001, 0.002, 0.002, 0.003, 0.003, 0.004, 0.005, 0.006, 0.007, 0.008, 0.01, 0.012, 0.015, 0.018, 0.021, 0.025, 0.03, 0.037]

Growth Rates [h-1]
[0.171, 0.171, 0.171, 0.171, 0.171, 0.171, 0.171, 0.171, 0.171, 0.171, 0.171, 0.171, 0.171, 0.171, 0.171, 0.171, 0.171, 0.171, 0.171, 0.171, 0.171, 0.171, 0.171, 0.171, 0.171, 0.171, 0.171, 0.171, 0.171, 0.171]

Final Product Amount [mmol]
256.42762590617514

Final Biomass Amount [g]
30.260448044549758

Process End
40.0
#-------------------------