#-------------------------
Termination Status
LOCALLY_INFEASIBLE

Time Elapsed
14.087046099

Objective Value
48.55954428147248

Normalized Complementary Slackness
-22.295734783873627

Finite Elements
[1.96, 1.96, 1.96, 1.96, 1.96, 1.96, 1.96, 1.95, 1.81, 1.49, 1.31, 1.31, 1.31, 1.31, 1.31, 1.31, 1.31, 1.47, 1.73, 1.8, 1.31, 1.84, 1.87, 1.88, 1.87, 1.78, 1.38, 1.31, 1.31, 1.31]

Complementary Slackness per Finite Element
[-22.5, -22.27, -22.28, -22.29, -22.31, -22.32, -22.33, -22.34, -22.34, -22.34, -22.33, -22.33, -22.33, -22.33, -22.33, -22.33, -22.28, -22.24, -22.23, -22.23, -22.23, -22.23, -22.23, -22.24, -22.24, -22.25, -22.26, -22.29, -22.31, -22.32]

Feed Rates
[0.001, 0.0, 0.0, 0.0, 0.0, 0.0, 0.0, 0.0, 0.0, 0.0, 0.0, 0.0, 0.0, 0.001, 0.001, 0.001, 0.001, 0.001, 0.002, 0.002, 0.003, 0.004, 0.005, 0.007, 0.01, 0.013, 0.018, 0.023, 0.028, 0.035]

Growth Rates [h-1]
[0.171, 0.171, 0.171, 0.171, 0.171, 0.171, 0.171, 0.171, 0.171, 0.171, 0.171, 0.171, 0.171, 0.171, 0.171, 0.171, 0.171, 0.171, 0.171, 0.171, 0.171, 0.171, 0.171, 0.171, 0.171, 0.171, 0.171, 0.171, 0.171, 0.171]

Final Product Amount [mmol]
322.6000183583084

Final Biomass Amount [g]
30.184541637573403

Process End
49.0
#-------------------------