#-------------------------
Termination Status
LOCALLY_INFEASIBLE

Time Elapsed
18.606275502

Objective Value
303.0032259777095

Normalized Complementary Slackness
-18.317240157312387

Finite Elements
[0.83, 1.24, 1.24, 1.24, 1.24, 1.11, 0.84, 0.83, 0.83, 0.83, 0.83, 0.91, 0.85, 1.06, 1.1, 1.12, 1.14, 1.12, 1.13, 1.12, 1.18, 1.18, 1.18, 1.19, 0.95, 0.84, 1.01, 0.84, 0.9, 1.15]

Complementary Slackness per Finite Element
[-18.33, -18.31, -18.24, -18.2, -18.2, -18.21, -18.22, -18.22, -18.22, -18.2, -18.18, -18.18, -18.18, -18.49, -18.46, -18.46, -18.42, -18.42, -18.39, -18.34, -18.31, -18.3, -18.25, -18.24, -18.22, -18.23, -18.39, -18.47, -18.59, -18.65]

Feed Rates
[0.001, 0.0, 0.0, 0.0, 0.0, 0.001, 0.001, 0.001, 0.001, 0.001, 0.001, 0.001, 0.002, 0.002, 0.002, 0.003, 0.003, 0.004, 0.005, 0.006, 0.007, 0.009, 0.011, 0.014, 0.017, 0.019, 0.023, 0.027, 0.031, 0.036]

Growth Rates [h-1]
[0.171, 0.171, 0.171, 0.171, 0.171, 0.171, 0.171, 0.171, 0.171, 0.171, 0.171, 0.171, 0.171, 0.171, 0.171, 0.171, 0.171, 0.171, 0.171, 0.171, 0.171, 0.171, 0.171, 0.171, 0.171, 0.171, 0.171, 0.171, 0.171, 0.171]

Final Product Amount [mmol]
314.74802775429725

Final Biomass Amount [g]
30.424399471921433

Process End
31.0
#-------------------------