#-------------------------
Termination Status
LOCALLY_INFEASIBLE

Time Elapsed
14.602731882

Objective Value
29.997906624841292

Normalized Complementary Slackness
-89.5568482266663

Finite Elements
[1.23, 1.84, 1.84, 1.84, 1.84, 1.84, 1.84, 1.84, 1.84, 1.84, 1.84, 1.84, 1.83, 1.83, 1.55, 1.48, 1.3, 1.27, 1.25, 1.24, 1.24, 1.52, 1.41, 1.25, 1.23, 1.23, 1.23, 1.23, 1.23, 1.23]

Complementary Slackness per Finite Element
[-91.02, -90.26, -90.06, -89.98, -89.94, -90.02, -90.02, -90.02, -90.0, -89.95, -89.82, -89.59, -89.59, -89.43, -89.3, -89.21, -89.16, -89.15, -89.12, -89.12, -89.12, -89.08, -89.11, -89.16, -89.21, -89.27, -89.33, -89.4, -89.37, -88.92]

Feed Rates
[0.001, 0.0, 0.0, 0.0, 0.0, 0.0, 0.0, 0.0, 0.0, 0.001, 0.001, 0.001, 0.001, 0.002, 0.002, 0.003, 0.003, 0.004, 0.004, 0.005, 0.006, 0.007, 0.009, 0.011, 0.013, 0.015, 0.018, 0.021, 0.025, 0.029]

Growth Rates [h-1]
[0.134, 0.134, 0.134, 0.134, 0.134, 0.134, 0.134, 0.134, 0.134, 0.134, 0.134, 0.134, 0.134, 0.134, 0.134, 0.134, 0.134, 0.134, 0.134, 0.134, 0.134, 0.134, 0.134, 0.134, 0.134, 0.134, 0.134, 0.134, 0.134, 0.134]

Final Product Amount [mmol]
502.2165436947208

Final Biomass Amount [g]
28.21726250138191

Process End
46.0
#-------------------------