#-------------------------
Termination Status
LOCALLY_INFEASIBLE

Time Elapsed
14.45811254

Objective Value
23.555792673925865

Normalized Complementary Slackness
-15.282840117732736

Finite Elements
[2.2, 2.2, 2.2, 2.2, 2.2, 2.18, 2.17, 2.12, 2.05, 1.93, 2.2, 2.19, 1.95, 1.54, 1.47, 1.47, 1.47, 1.47, 1.47, 1.47, 1.47, 1.81, 2.05, 2.09, 2.03, 1.55, 1.47, 1.47, 1.47, 1.47]

Complementary Slackness per Finite Element
[-15.28, -15.28, -15.28, -15.28, -15.28, -15.28, -15.28, -15.28, -15.28, -15.28, -15.28, -15.28, -15.28, -15.28, -15.28, -15.28, -15.28, -15.28, -15.28, -15.28, -15.28, -15.28, -15.28, -15.28, -15.28, -15.28, -15.28, -15.28, -15.28, -15.28]

Feed Rates
[0.001, 0.0, 0.0, 0.0, 0.0, 0.0, 0.0, 0.0, 0.0, 0.0, 0.0, 0.0, 0.0, 0.0, 0.0, 0.0, 0.001, 0.001, 0.001, 0.001, 0.002, 0.002, 0.003, 0.005, 0.007, 0.011, 0.014, 0.019, 0.025, 0.033]

Growth Rates [h-1]
[0.189, 0.189, 0.189, 0.189, 0.189, 0.189, 0.189, 0.189, 0.189, 0.189, 0.189, 0.189, 0.189, 0.189, 0.189, 0.189, 0.189, 0.189, 0.189, 0.189, 0.189, 0.189, 0.189, 0.189, 0.189, 0.189, 0.189, 0.189, 0.189, 0.189]

Final Product Amount [mmol]
198.60859851715378

Final Biomass Amount [g]
27.079971977654846

Process End
55.0
#-------------------------