#-------------------------
Termination Status
LOCALLY_INFEASIBLE

Time Elapsed
14.175297747

Objective Value
297.05815377077136

Normalized Complementary Slackness
-38.104072952780626

Finite Elements
[1.11, 1.01, 0.76, 0.76, 0.76, 0.76, 0.76, 0.76, 0.76, 0.76, 0.76, 1.05, 0.77, 0.77, 1.08, 0.78, 1.03, 1.1, 1.1, 1.1, 1.1, 0.8, 1.1, 1.1, 1.06, 1.1, 1.1, 1.09, 1.04, 0.81]

Complementary Slackness per Finite Element
[-33.99, -32.93, -33.25, -34.98, -38.16, -39.75, -39.86, -39.95, -39.94, -40.07, -40.4, -40.38, -41.18, -41.43, -41.45, -41.35, -41.77, -41.11, -40.59, -40.81, -39.36, -39.4, -39.18, -37.15, -35.82, -34.3, -34.22, -34.18, -33.38, -32.78]

Feed Rates
[0.001, 0.001, 0.001, 0.001, 0.001, 0.002, 0.002, 0.002, 0.002, 0.002, 0.003, 0.003, 0.003, 0.004, 0.004, 0.005, 0.005, 0.006, 0.007, 0.008, 0.009, 0.011, 0.012, 0.014, 0.016, 0.019, 0.021, 0.025, 0.029, 0.033]

Growth Rates [h-1]
[0.134, 0.134, 0.134, 0.134, 0.134, 0.134, 0.134, 0.134, 0.134, 0.134, 0.134, 0.134, 0.134, 0.134, 0.134, 0.134, 0.134, 0.134, 0.134, 0.134, 0.134, 0.134, 0.134, 0.134, 0.134, 0.134, 0.134, 0.134, 0.134, 0.134]

Final Product Amount [mmol]
328.4948190079622

Final Biomass Amount [g]
30.405258540012124

Process End
28.0
#-------------------------