#-------------------------
Termination Status
LOCALLY_INFEASIBLE

Time Elapsed
17.117922503

Objective Value
532.5963848708801

Normalized Complementary Slackness
-21.848807280044547

Finite Elements
[2.8, 2.8, 2.8, 2.8, 2.8, 2.8, 2.8, 2.8, 2.8, 2.8, 2.8, 2.8, 2.8, 2.8, 2.77, 1.9, 1.87, 1.87, 1.87, 1.87, 1.87, 1.87, 1.87, 1.87, 1.87, 1.87, 1.87, 1.87, 1.87, 1.87]

Complementary Slackness per Finite Element
[-24.16, -20.93, -21.3, -21.6, -21.87, -22.26, -25.43, -18.47, -21.76, -21.94, -21.86, -21.84, -21.83, -21.82, -21.81, -21.8, -21.8, -21.8, -21.79, -21.83, -21.61, -21.91, -21.77, -21.78, -21.78, -21.77, -21.8, -21.72, -21.82, -21.62]

Feed Rates
[0.001, 0.0, 0.0, 0.0, 0.0, 0.0, 0.0, 0.0, 0.0, 0.001, 0.001, 0.001, 0.001, 0.001, 0.002, 0.002, 0.002, 0.003, 0.003, 0.003, 0.004, 0.005, 0.005, 0.006, 0.007, 0.008, 0.01, 0.011, 0.013, 0.015]

Growth Rates [h-1]
[0.079, 0.079, 0.079, 0.079, 0.079, 0.079, 0.079, 0.079, 0.079, 0.079, 0.079, 0.079, 0.079, 0.079, 0.079, 0.079, 0.079, 0.079, 0.079, 0.079, 0.079, 0.079, 0.079, 0.079, 0.079, 0.079, 0.079, 0.079, 0.079, 0.079]

Final Product Amount [mmol]
541.8929710726754

Final Biomass Amount [g]
20.22137826222708

Process End
70.0
#-------------------------