#-------------------------
Termination Status
LOCALLY_INFEASIBLE

Time Elapsed
18.296930192

Objective Value
296.11774488847976

Normalized Complementary Slackness
-26.12637579568137

Finite Elements
[0.91, 0.91, 0.91, 0.91, 0.91, 0.91, 0.91, 0.91, 0.91, 0.91, 0.91, 0.91, 0.91, 0.91, 1.14, 1.28, 1.33, 1.35, 1.35, 1.25, 1.36, 1.36, 1.36, 1.36, 1.36, 1.36, 1.36, 1.36, 1.36, 1.36]

Complementary Slackness per Finite Element
[-26.63, -25.83, -25.54, -25.54, -25.56, -25.67, -25.76, -25.83, -25.9, -25.95, -26.97, -26.19, -25.69, -26.23, -26.31, -26.34, -26.17, -26.51, -26.26, -26.35, -26.2, -26.22, -26.22, -26.23, -26.23, -26.23, -26.27, -26.38, -26.43, -26.14]

Feed Rates
[0.001, 0.001, 0.001, 0.001, 0.001, 0.002, 0.002, 0.002, 0.002, 0.003, 0.003, 0.003, 0.004, 0.004, 0.005, 0.006, 0.007, 0.008, 0.009, 0.011, 0.013, 0.016, 0.019, 0.023, 0.028, 0.033, 0.04, 0.048, 0.058, 0.069]

Growth Rates [h-1]
[0.134, 0.134, 0.134, 0.134, 0.134, 0.134, 0.134, 0.134, 0.134, 0.134, 0.134, 0.134, 0.134, 0.134, 0.134, 0.134, 0.134, 0.134, 0.134, 0.134, 0.134, 0.134, 0.134, 0.134, 0.134, 0.134, 0.134, 0.134, 0.134, 0.134]

Final Product Amount [mmol]
1026.955487623794

Final Biomass Amount [g]
68.01372676601818

Process End
34.0
#-------------------------