#-------------------------
Termination Status
LOCALLY_INFEASIBLE

Time Elapsed
16.712217025

Objective Value
25.679442223188552

Normalized Complementary Slackness
-17.747208343376833

Finite Elements
[2.68, 2.68, 2.68, 2.68, 2.68, 2.22, 2.22, 2.22, 2.21, 2.2, 2.19, 2.18, 2.16, 2.13, 2.09, 2.03, 1.95, 1.86, 1.8, 2.31, 1.99, 1.8, 1.79, 1.79, 1.79, 1.97, 2.68, 2.68, 2.68, 2.68]

Complementary Slackness per Finite Element
[-18.28, -17.82, -17.65, -17.73, -17.94, -17.73, -17.72, -17.72, -17.71, -17.71, -17.63, -17.49, -17.54, -17.71, -17.71, -17.72, -17.74, -17.85, -17.78, -17.68, -17.64, -17.73, -17.71, -17.72, -17.75, -17.79, -17.86, -17.96, -17.73, -17.69]

Feed Rates
[0.001, 0.0, 0.0, 0.0, 0.0, 0.0, 0.0, 0.0, 0.0, 0.0, 0.0, 0.0, 0.0, 0.0, 0.0, 0.0, 0.0, 0.0, 0.0, 0.0, 0.0, 0.0, 0.0, 0.0, 0.0, 0.001, 0.001, 0.001, 0.002, 0.003]

Growth Rates [h-1]
[0.171, 0.171, 0.171, 0.171, 0.171, 0.171, 0.171, 0.171, 0.171, 0.171, 0.171, 0.171, 0.171, 0.171, 0.171, 0.171, 0.171, 0.171, 0.171, 0.171, 0.171, 0.171, 0.171, 0.171, 0.171, 0.171, 0.171, 0.171, 0.171, 0.171]

Final Product Amount [mmol]
34.67733516979445

Final Biomass Amount [g]
3.059621013091242

Process End
67.0
#-------------------------