#-------------------------
Termination Status
LOCALLY_INFEASIBLE

Time Elapsed
12.385038049

Objective Value
540.0978628242268

Normalized Complementary Slackness
-266.38068970065467

Finite Elements
[1.09, 1.08, 1.08, 1.08, 1.08, 1.08, 1.08, 1.08, 1.08, 1.09, 1.09, 1.44, 1.54, 1.11, 1.12, 1.56, 1.57, 1.57, 1.57, 1.57, 1.5, 1.57, 1.47, 1.46, 1.45, 1.45, 1.49, 1.57, 1.57, 1.54]

Complementary Slackness per Finite Element
[-269.71, -269.3, -269.05, -268.84, -268.65, -268.46, -268.27, -268.07, -267.88, -267.67, -267.46, -267.53, -267.28, -266.74, -266.51, -266.59, -266.29, -265.94, -265.56, -265.14, -264.62, -264.83, -264.25, -264.17, -264.16, -264.22, -264.24, -264.26, -263.69, -262.03]

Feed Rates
[0.001, 0.001, 0.001, 0.001, 0.001, 0.001, 0.001, 0.001, 0.002, 0.002, 0.002, 0.002, 0.003, 0.003, 0.003, 0.004, 0.004, 0.005, 0.006, 0.007, 0.008, 0.009, 0.011, 0.012, 0.014, 0.016, 0.019, 0.022, 0.025, 0.03]

Growth Rates [h-1]
[0.097, 0.097, 0.097, 0.097, 0.097, 0.097, 0.097, 0.097, 0.097, 0.097, 0.097, 0.097, 0.097, 0.097, 0.097, 0.097, 0.097, 0.097, 0.097, 0.097, 0.097, 0.097, 0.097, 0.097, 0.097, 0.097, 0.097, 0.097, 0.097, 0.097]

Final Product Amount [mmol]
792.1312988459016

Final Biomass Amount [g]
34.8955566696455

Process End
40.0
#-------------------------