#-------------------------
Termination Status
LOCALLY_INFEASIBLE

Time Elapsed
14.50389661

Objective Value
343.2114725749436

Normalized Complementary Slackness
-57.06794712505834

Finite Elements
[0.99, 1.48, 1.48, 1.48, 1.48, 1.48, 1.48, 1.48, 1.48, 1.48, 1.48, 1.48, 1.48, 1.48, 1.48, 1.2, 1.26, 1.0, 0.99, 0.99, 0.99, 0.99, 0.99, 0.99, 0.99, 0.99, 0.99, 0.99, 0.99, 0.99]

Complementary Slackness per Finite Element
[-58.22, -57.55, -57.36, -57.26, -57.21, -57.18, -57.16, -57.15, -57.13, -57.03, -56.97, -56.98, -57.08, -57.2, -57.04, -57.7, -56.66, -56.78, -56.84, -56.76, -56.77, -56.78, -56.8, -56.8, -56.83, -56.9, -56.98, -56.98, -56.94, -57.03]

Feed Rates
[0.001, 0.0, 0.0, 0.0, 0.001, 0.001, 0.001, 0.001, 0.001, 0.001, 0.002, 0.002, 0.002, 0.003, 0.004, 0.004, 0.005, 0.006, 0.007, 0.008, 0.009, 0.01, 0.012, 0.014, 0.016, 0.018, 0.02, 0.023, 0.026, 0.03]

Growth Rates [h-1]
[0.134, 0.134, 0.134, 0.134, 0.134, 0.134, 0.134, 0.134, 0.134, 0.134, 0.134, 0.134, 0.134, 0.134, 0.134, 0.134, 0.134, 0.134, 0.134, 0.134, 0.134, 0.134, 0.134, 0.134, 0.134, 0.134, 0.134, 0.134, 0.134, 0.134]

Final Product Amount [mmol]
390.54833708136806

Final Biomass Amount [g]
28.395374786314203

Process End
37.0
#-------------------------