#-------------------------
Termination Status
LOCALLY_INFEASIBLE

Time Elapsed
15.207029499

Objective Value
376.87759142655995

Normalized Complementary Slackness
-23.050296643280912

Finite Elements
[2.56, 2.56, 2.33, 2.3, 2.26, 2.21, 2.14, 2.05, 1.93, 1.79, 1.72, 1.71, 1.71, 1.71, 1.71, 1.71, 1.71, 1.71, 1.71, 1.71, 1.73, 2.56, 2.56, 2.56, 2.56, 2.56, 2.56, 2.56, 2.56, 2.56]

Complementary Slackness per Finite Element
[-23.82, -22.88, -22.84, -22.91, -23.0, -23.04, -23.1, -23.14, -23.18, -23.2, -23.19, -23.2, -23.19, -23.17, -23.15, -23.11, -23.1, -23.05, -23.02, -23.04, -22.99, -22.94, -22.93, -22.92, -22.92, -22.92, -22.91, -22.88, -22.87, -22.89]

Feed Rates
[0.001, 0.0, 0.0, 0.0, 0.0, 0.0, 0.0, 0.0, 0.0, 0.0, 0.0, 0.0, 0.0, 0.0, 0.0, 0.0, 0.0, 0.0, 0.0, 0.001, 0.001, 0.001, 0.002, 0.002, 0.003, 0.005, 0.007, 0.011, 0.016, 0.024]

Growth Rates [h-1]
[0.153, 0.153, 0.153, 0.153, 0.153, 0.153, 0.153, 0.153, 0.153, 0.153, 0.153, 0.153, 0.153, 0.153, 0.153, 0.153, 0.153, 0.153, 0.153, 0.153, 0.153, 0.153, 0.153, 0.153, 0.153, 0.153, 0.153, 0.153, 0.153, 0.153]

Final Product Amount [mmol]
395.5697625211213

Final Biomass Amount [g]
25.546681246910193

Process End
64.0
#-------------------------