#-------------------------
Termination Status
LOCALLY_INFEASIBLE

Time Elapsed
14.833393464

Objective Value
308.62683807839613

Normalized Complementary Slackness
-22.279156823684666

Finite Elements
[2.2, 2.2, 2.2, 2.19, 2.19, 2.18, 2.12, 1.99, 1.82, 1.61, 1.47, 1.47, 1.47, 1.47, 1.47, 1.47, 1.47, 1.47, 1.48, 1.8, 2.03, 2.09, 2.11, 2.12, 2.13, 2.13, 2.06, 1.66, 1.47, 1.47]

Complementary Slackness per Finite Element
[-22.51, -22.25, -22.26, -22.26, -22.27, -22.28, -22.29, -22.3, -22.3, -22.3, -22.3, -22.31, -22.31, -22.31, -22.31, -22.32, -22.31, -22.31, -22.26, -22.23, -22.23, -22.23, -22.23, -22.23, -22.23, -22.23, -22.24, -22.25, -22.26, -22.27]

Feed Rates
[0.001, 0.0, 0.0, 0.0, 0.0, 0.0, 0.0, 0.0, 0.0, 0.0, 0.0, 0.0, 0.0, 0.0, 0.0, 0.0, 0.001, 0.001, 0.001, 0.001, 0.002, 0.002, 0.003, 0.005, 0.007, 0.01, 0.014, 0.02, 0.027, 0.034]

Growth Rates [h-1]
[0.171, 0.171, 0.171, 0.171, 0.171, 0.171, 0.171, 0.171, 0.171, 0.171, 0.171, 0.171, 0.171, 0.171, 0.171, 0.171, 0.171, 0.171, 0.171, 0.171, 0.171, 0.171, 0.171, 0.171, 0.171, 0.171, 0.171, 0.171, 0.171, 0.171]

Final Product Amount [mmol]
326.4620227964272

Final Biomass Amount [g]
30.155358237633333

Process End
55.0
#-------------------------