#-------------------------
Termination Status
LOCALLY_INFEASIBLE

Time Elapsed
14.996145238

Objective Value
79.34136195507797

Normalized Complementary Slackness
-39.89390882919008

Finite Elements
[1.23, 1.84, 1.84, 1.84, 1.84, 1.84, 1.84, 1.84, 1.84, 1.84, 1.84, 1.84, 1.84, 1.84, 1.84, 1.82, 1.23, 1.23, 1.23, 1.23, 1.23, 1.23, 1.23, 1.23, 1.23, 1.23, 1.23, 1.23, 1.23, 1.23]

Complementary Slackness per Finite Element
[-40.76, -40.1, -40.42, -40.73, -40.83, -40.89, -40.91, -40.95, -40.95, -40.94, -40.89, -40.81, -40.7, -40.57, -40.41, -40.24, -40.36, -40.24, -40.11, -39.97, -39.83, -39.15, -39.3, -38.61, -38.32, -38.14, -38.84, -37.25, -37.66, -37.95]

Feed Rates
[0.001, 0.0, 0.0, 0.0, 0.0, 0.0, 0.0, 0.001, 0.001, 0.001, 0.001, 0.001, 0.002, 0.002, 0.002, 0.003, 0.004, 0.004, 0.005, 0.005, 0.006, 0.007, 0.008, 0.01, 0.011, 0.013, 0.015, 0.017, 0.02, 0.023]

Growth Rates [h-1]
[0.116, 0.116, 0.116, 0.116, 0.116, 0.116, 0.116, 0.116, 0.116, 0.116, 0.116, 0.116, 0.116, 0.116, 0.116, 0.116, 0.116, 0.116, 0.116, 0.116, 0.116, 0.116, 0.116, 0.116, 0.116, 0.116, 0.116, 0.116, 0.116, 0.116]

Final Product Amount [mmol]
504.96754732624584

Final Biomass Amount [g]
23.595210179786374

Process End
46.0
#-------------------------