#-------------------------
Termination Status
LOCALLY_INFEASIBLE

Time Elapsed
13.980810108

Objective Value
215.10531391266653

Normalized Complementary Slackness
-15.306999548948403

Finite Elements
[1.15, 1.72, 1.72, 1.72, 1.72, 1.72, 1.72, 1.72, 1.72, 1.62, 1.27, 1.15, 1.15, 1.15, 1.15, 1.15, 1.15, 1.25, 1.52, 1.6, 1.63, 1.64, 1.65, 1.64, 1.57, 1.26, 1.15, 1.15, 1.15, 1.15]

Complementary Slackness per Finite Element
[-15.31, -15.31, -15.31, -15.31, -15.31, -15.31, -15.31, -15.31, -15.31, -15.31, -15.31, -15.31, -15.31, -15.31, -15.31, -15.31, -15.31, -15.31, -15.31, -15.31, -15.31, -15.31, -15.31, -15.31, -15.31, -15.31, -15.31, -15.31, -15.31, -15.31]

Feed Rates
[0.001, 0.0, 0.0, 0.0, 0.0, 0.0, 0.0, 0.0, 0.0, 0.0, 0.0, 0.0, 0.001, 0.001, 0.001, 0.001, 0.001, 0.002, 0.002, 0.003, 0.004, 0.005, 0.007, 0.009, 0.012, 0.016, 0.02, 0.025, 0.032, 0.039]

Growth Rates [h-1]
[0.189, 0.189, 0.189, 0.189, 0.189, 0.189, 0.189, 0.189, 0.189, 0.189, 0.189, 0.189, 0.189, 0.189, 0.189, 0.189, 0.189, 0.189, 0.189, 0.189, 0.189, 0.189, 0.189, 0.189, 0.189, 0.189, 0.189, 0.189, 0.189, 0.189]

Final Product Amount [mmol]
226.78350425717807

Final Biomass Amount [g]
31.0219054075471

Process End
43.0
#-------------------------