#-------------------------
Termination Status
LOCALLY_INFEASIBLE

Time Elapsed
15.085725122

Objective Value
213.33487110522998

Normalized Complementary Slackness
-38.94876845215453

Finite Elements
[0.55, 0.55, 0.55, 0.55, 0.81, 0.81, 0.68, 0.81, 0.81, 0.82, 0.82, 0.82, 0.82, 0.81, 0.81, 0.59, 0.81, 0.81, 0.81, 0.57, 0.81, 0.56, 0.58, 0.56, 0.57, 0.56, 0.57, 0.56, 0.56, 0.57]

Complementary Slackness per Finite Element
[-38.93, -38.91, -38.9, -38.86, -38.97, -38.95, -38.94, -38.93, -38.93, -38.92, -38.93, -38.94, -38.94, -38.95, -38.94, -38.92, -38.93, -38.93, -38.93, -38.92, -38.85, -38.88, -38.9, -38.91, -38.93, -38.95, -38.99, -39.06, -39.16, -39.26]

Feed Rates
[0.001, 0.001, 0.001, 0.001, 0.002, 0.002, 0.002, 0.003, 0.003, 0.004, 0.004, 0.005, 0.006, 0.007, 0.008, 0.009, 0.01, 0.012, 0.014, 0.016, 0.018, 0.02, 0.023, 0.025, 0.028, 0.031, 0.035, 0.039, 0.043, 0.048]

Growth Rates [h-1]
[0.189, 0.189, 0.189, 0.189, 0.189, 0.189, 0.189, 0.189, 0.189, 0.189, 0.189, 0.189, 0.189, 0.189, 0.189, 0.189, 0.189, 0.189, 0.189, 0.189, 0.189, 0.189, 0.189, 0.189, 0.189, 0.189, 0.189, 0.189, 0.189, 0.189]

Final Product Amount [mmol]
245.43434898558712

Final Biomass Amount [g]
34.47344203941663

Process End
20.5
#-------------------------