#-------------------------
Termination Status
LOCALLY_INFEASIBLE

Time Elapsed
16.632235214

Objective Value
789.9300659810265

Normalized Complementary Slackness
-141.56469262609784

Finite Elements
[0.75, 0.75, 0.75, 0.76, 0.76, 0.79, 0.93, 0.99, 1.03, 1.05, 1.06, 1.07, 1.07, 1.07, 1.06, 0.88, 0.78, 0.78, 0.77, 0.78, 0.78, 0.81, 0.87, 1.0, 1.1, 1.11, 1.11, 1.11, 1.11, 1.11]

Complementary Slackness per Finite Element
[-141.81, -141.58, -141.53, -141.55, -141.57, -141.57, -141.58, -141.59, -141.59, -141.59, -141.59, -141.6, -141.6, -141.58, -141.55, -141.53, -141.53, -141.55, -141.59, -141.55, -141.55, -141.52, -141.51, -141.51, -141.51, -141.43, -141.55, -141.56, -141.58, -141.61]

Feed Rates
[0.001, 0.001, 0.001, 0.002, 0.002, 0.002, 0.002, 0.003, 0.003, 0.004, 0.004, 0.005, 0.006, 0.008, 0.009, 0.011, 0.013, 0.015, 0.017, 0.019, 0.022, 0.025, 0.029, 0.033, 0.04, 0.048, 0.058, 0.07, 0.085, 0.102]

Growth Rates [h-1]
[0.171, 0.171, 0.171, 0.171, 0.171, 0.171, 0.171, 0.171, 0.171, 0.171, 0.171, 0.171, 0.171, 0.171, 0.171, 0.171, 0.171, 0.171, 0.171, 0.171, 0.171, 0.171, 0.171, 0.171, 0.171, 0.171, 0.171, 0.171, 0.171, 0.171]

Final Product Amount [mmol]
913.3680730053795

Final Biomass Amount [g]
85.22768952078609

Process End
28.0
#-------------------------