#-------------------------
Termination Status
LOCALLY_SOLVED

Time Elapsed
57.504932541

Objective Value
324.70998363640444

Normalized Complementary Slackness
-15.17445234392365

Finite Elements
[0.76, 0.76, 0.76, 0.76, 0.76, 0.76, 0.76, 0.76, 0.76, 0.76, 0.76, 0.73, 0.51, 0.51, 0.51, 0.51, 0.51, 0.51, 0.51, 0.76, 0.76, 0.76, 0.53, 0.51, 0.51, 0.51, 0.51, 0.51, 0.51, 0.51]

Complementary Slackness per Finite Element
[-16.95, -16.95, -16.95, -16.95, -16.95, -16.95, -16.95, -16.95, -16.95, -16.95, -16.95, -16.95, -16.95, -16.95, -16.95, -16.95, -16.95, -16.95, -16.95, -12.11, -12.11, -12.11, -12.11, -12.11, -12.11, -12.11, -12.11, -12.11, -12.11, -12.11]

Feed Rates
[0.001, 0.001, 0.001, 0.002, 0.002, 0.002, 0.003, 0.003, 0.003, 0.004, 0.005, 0.005, 0.006, 0.007, 0.007, 0.008, 0.009, 0.01, 0.011, 0.008, 0.009, 0.01, 0.011, 0.012, 0.012, 0.013, 0.014, 0.015, 0.016, 0.017]

Growth Rates [h-1]
[0.189, 0.189, 0.189, 0.189, 0.189, 0.189, 0.189, 0.189, 0.189, 0.189, 0.189, 0.189, 0.189, 0.189, 0.189, 0.189, 0.189, 0.189, 0.189, 0.116, 0.116, 0.116, 0.116, 0.116, 0.116, 0.116, 0.116, 0.116, 0.116, 0.116]

Final Product Amount [mmol]
293.9828622545269

Final Biomass Amount [g]
16.2462469745598

Process End
19.0
#-------------------------