#-------------------------
Termination Status
LOCALLY_INFEASIBLE

Time Elapsed
15.097655145

Objective Value
352.80232393683167

Normalized Complementary Slackness
-20.964237713781465

Finite Elements
[2.08, 2.08, 2.08, 2.08, 2.08, 2.08, 2.08, 2.08, 2.08, 2.08, 2.08, 2.08, 2.08, 2.08, 2.07, 1.39, 1.39, 1.39, 1.39, 1.39, 1.39, 1.39, 1.39, 1.39, 1.39, 1.39, 1.39, 1.39, 1.39, 1.39]

Complementary Slackness per Finite Element
[-21.64, -20.8, -20.84, -20.89, -20.93, -20.96, -20.99, -21.0, -20.98, -20.91, -20.9, -20.94, -20.95, -20.95, -20.92, -20.88, -20.89, -20.89, -20.88, -20.88, -20.89, -20.93, -20.96, -20.96, -20.96, -20.96, -21.01, -21.03, -21.07, -21.12]

Feed Rates
[0.001, 0.0, 0.0, 0.0, 0.0, 0.0, 0.0, 0.0, 0.0, 0.0, 0.0, 0.0, 0.001, 0.001, 0.001, 0.001, 0.002, 0.002, 0.003, 0.003, 0.004, 0.005, 0.006, 0.008, 0.01, 0.012, 0.015, 0.018, 0.022, 0.028]

Growth Rates [h-1]
[0.153, 0.153, 0.153, 0.153, 0.153, 0.153, 0.153, 0.153, 0.153, 0.153, 0.153, 0.153, 0.153, 0.153, 0.153, 0.153, 0.153, 0.153, 0.153, 0.153, 0.153, 0.153, 0.153, 0.153, 0.153, 0.153, 0.153, 0.153, 0.153, 0.153]

Final Product Amount [mmol]
367.1964377319215

Final Biomass Amount [g]
25.598375740623958

Process End
52.0
#-------------------------