#-------------------------
Termination Status
ALMOST_LOCALLY_SOLVED

Time Elapsed
344.482241714

Objective Value
73.8926916106535

Normalized Complementary Slackness
-18.564931648530305

Finite Elements
[0.52, 0.52, 0.52, 0.52, 0.43, 0.52, 0.35, 0.35, 0.35, 0.35, 0.35, 0.35, 0.35, 0.35, 0.35, 0.35, 0.35, 0.35, 0.35, 0.35, 0.43, 0.52, 0.52, 0.52, 0.52, 0.52, 0.52, 0.52, 0.52, 0.52]

Complementary Slackness per Finite Element
[-20.72, -20.72, -20.72, -20.72, -20.72, -20.72, -20.72, -20.72, -20.72, -20.72, -20.72, -20.72, -20.72, -20.72, -20.72, -20.72, -20.72, -20.71, -20.69, -16.54, -15.94, -14.54, -14.54, -14.54, -14.53, -14.54, -14.54, -14.53, -14.53, -14.53]

Feed Rates
[0.001, 0.001, 0.001, 0.001, 0.002, 0.002, 0.002, 0.002, 0.002, 0.002, 0.003, 0.003, 0.003, 0.003, 0.003, 0.004, 0.004, 0.004, 0.004, 0.004, 0.004, 0.004, 0.005, 0.005, 0.006, 0.006, 0.007, 0.007, 0.008, 0.008]

Growth Rates [h-1]
[0.189, 0.189, 0.189, 0.189, 0.189, 0.189, 0.189, 0.189, 0.189, 0.189, 0.189, 0.189, 0.189, 0.189, 0.189, 0.189, 0.189, 0.189, 0.189, 0.181, 0.165, 0.153, 0.153, 0.153, 0.153, 0.153, 0.153, 0.153, 0.153, 0.153]

Final Product Amount [mmol]
75.28071529609795

Final Biomass Amount [g]
6.916967324986559

Process End
13.0
#-------------------------