#-------------------------
Termination Status
LOCALLY_INFEASIBLE

Time Elapsed
20.127095013

Objective Value
414.5867657057404

Normalized Complementary Slackness
-33.62128902753529

Finite Elements
[0.92, 0.92, 0.92, 0.92, 0.92, 0.93, 0.93, 0.93, 0.93, 0.93, 0.93, 0.92, 0.92, 0.75, 0.64, 0.64, 0.64, 0.64, 0.64, 0.8, 0.64, 0.64, 0.64, 0.64, 0.64, 0.64, 0.64, 0.65, 0.68, 0.93]

Complementary Slackness per Finite Element
[-33.63, -33.65, -33.66, -33.64, -33.64, -33.64, -33.64, -33.64, -33.63, -33.63, -33.63, -33.63, -33.63, -33.63, -33.6, -33.6, -33.63, -33.61, -33.6, -33.6, -33.59, -33.59, -33.59, -33.59, -33.59, -33.6, -33.61, -33.62, -33.65, -33.67]

Feed Rates
[0.001, 0.001, 0.002, 0.002, 0.002, 0.003, 0.003, 0.004, 0.004, 0.005, 0.006, 0.008, 0.009, 0.011, 0.012, 0.014, 0.016, 0.018, 0.02, 0.023, 0.026, 0.03, 0.034, 0.038, 0.043, 0.048, 0.054, 0.061, 0.07, 0.08]

Growth Rates [h-1]
[0.189, 0.189, 0.189, 0.189, 0.189, 0.189, 0.189, 0.189, 0.189, 0.189, 0.189, 0.189, 0.189, 0.189, 0.189, 0.189, 0.189, 0.189, 0.189, 0.189, 0.189, 0.189, 0.189, 0.189, 0.189, 0.189, 0.189, 0.189, 0.189, 0.189]

Final Product Amount [mmol]
437.1638508833803

Final Biomass Amount [g]
60.848451052105496

Process End
23.5
#-------------------------