#-------------------------
Termination Status
LOCALLY_INFEASIBLE

Time Elapsed
18.728717752

Objective Value
83.74769053126558

Normalized Complementary Slackness
-21.618033091856805

Finite Elements
[0.99, 1.48, 1.48, 1.48, 1.48, 1.48, 1.48, 1.48, 1.47, 1.26, 1.1, 1.17, 1.01, 1.13, 1.05, 1.04, 1.04, 1.4, 1.42, 1.42, 1.4, 1.36, 1.3, 1.16, 0.99, 0.99, 0.99, 0.99, 0.99, 0.99]

Complementary Slackness per Finite Element
[-21.19, -20.87, -20.97, -20.71, -20.63, -20.54, -20.93, -21.47, -21.81, -22.12, -22.34, -22.52, -22.59, -22.63, -22.54, -22.17, -23.18, -22.54, -22.22, -21.77, -21.25, -20.43, -20.64, -21.09, -21.38, -21.38, -21.69, -21.53, -21.62, -21.77]

Feed Rates
[0.001, 0.0, 0.0, 0.0, 0.0, 0.0, 0.001, 0.001, 0.001, 0.001, 0.001, 0.001, 0.002, 0.002, 0.002, 0.003, 0.003, 0.004, 0.005, 0.006, 0.007, 0.009, 0.011, 0.013, 0.016, 0.018, 0.021, 0.025, 0.029, 0.034]

Growth Rates [h-1]
[0.153, 0.153, 0.153, 0.153, 0.153, 0.153, 0.153, 0.153, 0.153, 0.153, 0.153, 0.153, 0.153, 0.153, 0.153, 0.153, 0.153, 0.153, 0.153, 0.153, 0.153, 0.153, 0.153, 0.153, 0.153, 0.153, 0.153, 0.153, 0.153, 0.153]

Final Product Amount [mmol]
361.1851195515522

Final Biomass Amount [g]
29.41036881820209

Process End
37.0
#-------------------------