#-------------------------
Termination Status
LOCALLY_INFEASIBLE

Time Elapsed
16.538932717

Objective Value
1104.8543439451942

Normalized Complementary Slackness
-15.277522924567844

Finite Elements
[1.7, 1.69, 1.68, 1.68, 1.68, 1.69, 1.69, 1.7, 1.16, 1.69, 1.7, 1.7, 1.7, 1.7, 1.69, 1.17, 1.68, 1.16, 1.16, 1.16, 1.16, 1.16, 1.16, 1.16, 1.16, 1.17, 1.17, 1.19, 1.22, 1.27]

Complementary Slackness per Finite Element
[-15.41, -15.28, -15.31, -15.31, -15.31, -15.31, -15.28, -18.21, -11.61, -15.33, -15.3, -15.3, -15.3, -15.29, -15.38, -15.18, -15.35, -15.25, -15.31, -15.3, -15.3, -15.3, -15.3, -15.3, -15.3, -15.3, -15.3, -15.3, -15.3, -15.29]

Feed Rates
[0.001, 0.001, 0.001, 0.001, 0.001, 0.002, 0.002, 0.002, 0.003, 0.003, 0.003, 0.004, 0.005, 0.006, 0.007, 0.008, 0.009, 0.01, 0.012, 0.013, 0.015, 0.016, 0.018, 0.02, 0.023, 0.026, 0.029, 0.032, 0.036, 0.041]

Growth Rates [h-1]
[0.097, 0.097, 0.097, 0.097, 0.097, 0.097, 0.097, 0.097, 0.097, 0.097, 0.097, 0.097, 0.097, 0.097, 0.097, 0.097, 0.097, 0.097, 0.097, 0.097, 0.097, 0.097, 0.097, 0.097, 0.097, 0.097, 0.097, 0.097, 0.097, 0.097]

Final Product Amount [mmol]
1090.2903494027564

Final Biomass Amount [g]
46.73405326684263

Process End
43.0
#-------------------------