#-------------------------
Termination Status
LOCALLY_SOLVED

Time Elapsed
36.573612016

Objective Value
688.6031534418115

Normalized Complementary Slackness
-15.904665030109857

Finite Elements
[2.32, 2.32, 2.32, 2.32, 2.32, 2.32, 2.32, 2.32, 2.32, 2.32, 2.32, 2.32, 2.32, 2.32, 2.32, 1.55, 1.55, 1.55, 1.55, 1.55, 1.55, 1.55, 1.55, 1.55, 1.55, 1.55, 1.55, 1.55, 1.55, 1.55]

Complementary Slackness per Finite Element
[-16.95, -16.95, -10.15, -15.31, -16.07, -16.07, -16.07, -16.07, -16.07, -16.07, -16.07, -16.07, -16.07, -16.07, -16.07, -16.07, -16.07, -16.07, -16.07, -16.07, -16.07, -16.07, -16.07, -16.07, -16.07, -16.07, -16.07, -16.07, -16.07, -16.07]

Feed Rates
[0.001, 0.002, 0.002, 0.001, 0.001, 0.002, 0.002, 0.002, 0.002, 0.002, 0.003, 0.003, 0.003, 0.004, 0.004, 0.004, 0.005, 0.005, 0.005, 0.006, 0.006, 0.006, 0.007, 0.007, 0.008, 0.008, 0.009, 0.009, 0.01, 0.011]

Growth Rates [h-1]
[0.189, 0.189, 0.086, 0.042, 0.042, 0.042, 0.042, 0.042, 0.042, 0.042, 0.042, 0.042, 0.042, 0.042, 0.042, 0.042, 0.042, 0.042, 0.042, 0.042, 0.042, 0.042, 0.042, 0.042, 0.042, 0.042, 0.042, 0.042, 0.042, 0.042]

Final Product Amount [mmol]
678.5405734024623

Final Biomass Amount [g]
17.942295121331817

Process End
58.0
#-------------------------