#-------------------------
Termination Status
LOCALLY_INFEASIBLE

Time Elapsed
14.103737085

Objective Value
254.3183285996418

Normalized Complementary Slackness
-23.052928039887544

Finite Elements
[1.15, 1.72, 1.72, 1.72, 1.72, 1.72, 1.72, 1.72, 1.72, 1.72, 1.72, 1.72, 1.72, 1.7, 1.49, 1.25, 1.18, 1.18, 1.51, 1.4, 1.18, 1.15, 1.15, 1.15, 1.15, 1.15, 1.15, 1.15, 1.15, 1.15]

Complementary Slackness per Finite Element
[-23.28, -23.02, -23.03, -23.03, -23.04, -23.04, -23.04, -23.04, -23.03, -23.02, -23.0, -23.01, -23.04, -23.02, -22.99, -22.98, -22.98, -22.98, -22.98, -23.0, -23.02, -23.05, -23.07, -23.1, -23.12, -23.14, -23.14, -23.14, -23.13, -23.12]

Feed Rates
[0.001, 0.0, 0.0, 0.0, 0.0, 0.0, 0.0, 0.0, 0.0, 0.0, 0.0, 0.001, 0.001, 0.001, 0.001, 0.002, 0.002, 0.003, 0.003, 0.004, 0.005, 0.007, 0.008, 0.01, 0.012, 0.014, 0.018, 0.021, 0.026, 0.032]

Growth Rates [h-1]
[0.171, 0.171, 0.171, 0.171, 0.171, 0.171, 0.171, 0.171, 0.171, 0.171, 0.171, 0.171, 0.171, 0.171, 0.171, 0.171, 0.171, 0.171, 0.171, 0.171, 0.171, 0.171, 0.171, 0.171, 0.171, 0.171, 0.171, 0.171, 0.171, 0.171]

Final Product Amount [mmol]
272.2442621237999

Final Biomass Amount [g]
26.46921544533928

Process End
43.0
#-------------------------