#-------------------------
Termination Status
LOCALLY_INFEASIBLE

Time Elapsed
16.603432011

Objective Value
302.83030416625456

Normalized Complementary Slackness
-273.36290686998467

Finite Elements
[1.23, 1.84, 1.84, 1.84, 1.84, 1.84, 1.84, 1.84, 1.84, 1.84, 1.84, 1.84, 1.84, 1.84, 1.84, 1.84, 1.23, 1.23, 1.23, 1.23, 1.23, 1.23, 1.23, 1.23, 1.23, 1.23, 1.23, 1.23, 1.23, 1.23]

Complementary Slackness per Finite Element
[-274.37, -274.75, -274.67, -274.57, -274.44, -274.24, -274.17, -274.08, -273.96, -273.82, -273.62, -273.36, -273.03, -272.64, -272.21, -271.82, -272.61, -272.56, -272.69, -272.92, -273.33, -273.19, -273.04, -272.99, -273.02, -273.03, -273.03, -273.02, -272.97, -272.73]

Feed Rates
[0.001, 0.0, 0.0, 0.0, 0.0, 0.0, 0.0, 0.0, 0.0, 0.001, 0.001, 0.001, 0.001, 0.002, 0.002, 0.003, 0.003, 0.004, 0.005, 0.006, 0.007, 0.008, 0.009, 0.011, 0.013, 0.015, 0.018, 0.021, 0.025, 0.029]

Growth Rates [h-1]
[0.134, 0.134, 0.134, 0.134, 0.134, 0.134, 0.134, 0.134, 0.134, 0.134, 0.134, 0.134, 0.134, 0.134, 0.134, 0.134, 0.134, 0.134, 0.134, 0.134, 0.134, 0.134, 0.134, 0.134, 0.134, 0.134, 0.134, 0.134, 0.134, 0.134]

Final Product Amount [mmol]
565.2473257738179

Final Biomass Amount [g]
28.217253018763298

Process End
46.0
#-------------------------