#-------------------------
Termination Status
LOCALLY_INFEASIBLE

Time Elapsed
16.444604261

Objective Value
32.66666478130894

Normalized Complementary Slackness
-19.635507382964576

Finite Elements
[1.84, 1.84, 1.84, 1.84, 1.84, 1.84, 1.83, 1.71, 1.6, 1.43, 1.24, 1.23, 1.23, 1.23, 1.23, 1.23, 1.23, 1.23, 1.23, 1.23, 1.57, 1.7, 1.27, 1.55, 1.77, 1.8, 1.81, 1.8, 1.38, 1.46]

Complementary Slackness per Finite Element
[-19.54, -19.54, -19.54, -19.54, -19.59, -19.62, -19.61, -19.61, -19.61, -19.53, -19.56, -19.63, -19.65, -19.65, -19.65, -19.64, -19.65, -19.65, -19.62, -19.64, -19.66, -19.67, -19.69, -19.69, -19.7, -19.7, -19.7, -19.71, -19.72, -19.74]

Feed Rates
[0.001, 0.0, 0.0, 0.0, 0.0, 0.0, 0.0, 0.0, 0.0, 0.0, 0.0, 0.0, 0.0, 0.0, 0.001, 0.001, 0.001, 0.001, 0.001, 0.002, 0.002, 0.003, 0.004, 0.006, 0.007, 0.01, 0.015, 0.021, 0.029, 0.037]

Growth Rates [h-1]
[0.189, 0.189, 0.189, 0.189, 0.189, 0.189, 0.189, 0.189, 0.189, 0.189, 0.189, 0.189, 0.189, 0.189, 0.189, 0.189, 0.189, 0.189, 0.189, 0.189, 0.189, 0.189, 0.189, 0.189, 0.189, 0.189, 0.189, 0.189, 0.189, 0.189]

Final Product Amount [mmol]
226.55470803338068

Final Biomass Amount [g]
30.98960216717808

Process End
46.0
#-------------------------