#-------------------------
Termination Status
LOCALLY_INFEASIBLE

Time Elapsed
19.86534478

Objective Value
185.566186750791

Normalized Complementary Slackness
-60.86874137084224

Finite Elements
[0.67, 0.67, 0.93, 0.94, 0.95, 0.95, 0.96, 0.97, 0.97, 0.98, 0.98, 0.98, 0.99, 0.98, 0.98, 0.97, 0.69, 0.68, 0.67, 0.67, 0.67, 0.67, 0.67, 0.68, 0.68, 0.69, 0.72, 0.77, 0.86, 1.0]

Complementary Slackness per Finite Element
[-60.86, -60.86, -60.87, -60.87, -60.87, -60.87, -60.88, -60.87, -60.87, -60.87, -60.87, -60.87, -60.87, -60.87, -60.87, -60.87, -60.87, -60.87, -60.87, -60.87, -60.87, -60.86, -60.86, -60.86, -60.86, -60.87, -60.87, -60.87, -60.88, -60.86]

Feed Rates
[0.001, 0.001, 0.001, 0.002, 0.002, 0.002, 0.003, 0.004, 0.004, 0.005, 0.006, 0.007, 0.009, 0.011, 0.013, 0.015, 0.018, 0.021, 0.024, 0.027, 0.031, 0.035, 0.04, 0.045, 0.051, 0.058, 0.067, 0.076, 0.089, 0.105]

Growth Rates [h-1]
[0.189, 0.189, 0.189, 0.189, 0.189, 0.189, 0.189, 0.189, 0.189, 0.189, 0.189, 0.189, 0.189, 0.189, 0.189, 0.189, 0.189, 0.189, 0.189, 0.189, 0.189, 0.189, 0.189, 0.189, 0.189, 0.189, 0.189, 0.189, 0.189, 0.189]

Final Product Amount [mmol]
582.3798241297349

Final Biomass Amount [g]
80.8410425848288

Process End
25.0
#-------------------------