#-------------------------
Termination Status
LOCALLY_SOLVED

Time Elapsed
62.919907038

Objective Value
721.2239357305426

Normalized Complementary Slackness
-16.26888496936419

Finite Elements
[2.08, 2.08, 2.08, 2.08, 2.08, 2.08, 2.08, 2.08, 2.08, 2.08, 2.08, 2.08, 2.08, 2.08, 2.08, 1.39, 1.39, 1.39, 1.39, 1.39, 1.39, 1.39, 1.39, 1.39, 1.39, 1.39, 1.39, 1.39, 1.39, 1.39]

Complementary Slackness per Finite Element
[-16.95, -16.95, -16.95, -16.95, -16.95, -9.67, -12.94, -16.55, -16.55, -16.55, -16.55, -16.55, -16.55, -16.55, -16.55, -16.55, -16.55, -16.55, -16.55, -16.55, -16.55, -16.55, -16.55, -16.55, -16.55, -16.55, -16.55, -16.55, -16.55, -16.55]

Feed Rates
[0.001, 0.002, 0.003, 0.004, 0.006, 0.004, 0.003, 0.003, 0.003, 0.004, 0.004, 0.004, 0.004, 0.004, 0.005, 0.005, 0.005, 0.005, 0.005, 0.006, 0.006, 0.006, 0.006, 0.006, 0.007, 0.007, 0.007, 0.007, 0.008, 0.008]

Growth Rates [h-1]
[0.189, 0.189, 0.189, 0.189, 0.189, 0.079, 0.024, 0.024, 0.024, 0.024, 0.024, 0.024, 0.024, 0.024, 0.024, 0.024, 0.024, 0.024, 0.024, 0.024, 0.024, 0.024, 0.024, 0.024, 0.024, 0.024, 0.024, 0.024, 0.024, 0.024]

Final Product Amount [mmol]
705.1747154746743

Final Biomass Amount [g]
15.322213690003311

Process End
52.0
#-------------------------