#-------------------------
Termination Status
LOCALLY_INFEASIBLE

Time Elapsed
15.550721024

Objective Value
45.94256191435612

Normalized Complementary Slackness
-22.319730554002778

Finite Elements
[1.15, 1.72, 1.72, 1.72, 1.72, 1.72, 1.72, 1.72, 1.72, 1.72, 1.72, 1.72, 1.72, 1.72, 1.72, 1.44, 1.2, 1.15, 1.37, 1.15, 1.15, 1.15, 1.15, 1.15, 1.15, 1.15, 1.15, 1.15, 1.15, 1.15]

Complementary Slackness per Finite Element
[-22.51, -22.27, -22.28, -22.29, -22.29, -22.3, -22.3, -22.29, -22.27, -22.26, -22.28, -22.32, -22.34, -22.32, -22.28, -22.26, -22.25, -22.25, -22.26, -22.28, -22.3, -22.33, -22.35, -22.37, -22.39, -22.4, -22.4, -22.39, -22.38, -22.37]

Feed Rates
[0.001, 0.0, 0.0, 0.0, 0.0, 0.0, 0.0, 0.0, 0.0, 0.0, 0.0, 0.001, 0.001, 0.001, 0.001, 0.002, 0.002, 0.003, 0.004, 0.004, 0.005, 0.007, 0.008, 0.01, 0.012, 0.014, 0.018, 0.021, 0.026, 0.032]

Growth Rates [h-1]
[0.171, 0.171, 0.171, 0.171, 0.171, 0.171, 0.171, 0.171, 0.171, 0.171, 0.171, 0.171, 0.171, 0.171, 0.171, 0.171, 0.171, 0.171, 0.171, 0.171, 0.171, 0.171, 0.171, 0.171, 0.171, 0.171, 0.171, 0.171, 0.171, 0.171]

Final Product Amount [mmol]
271.44384272663075

Final Biomass Amount [g]
26.469204867298657

Process End
43.0
#-------------------------