#-------------------------
Termination Status
LOCALLY_SOLVED

Time Elapsed
483.571969987

Objective Value
52.73001275121009

Normalized Complementary Slackness
-14.772473294339171

Finite Elements
[0.52, 0.52, 0.52, 0.52, 0.52, 0.52, 0.52, 0.52, 0.52, 0.52, 0.52, 0.52, 0.52, 0.52, 0.52, 0.35, 0.35, 0.35, 0.35, 0.35, 0.35, 0.35, 0.35, 0.35, 0.35, 0.35, 0.35, 0.35, 0.35, 0.35]

Complementary Slackness per Finite Element
[-16.95, -16.95, -16.95, -16.95, -16.95, -16.95, -16.95, -16.95, -16.95, -16.95, -16.95, -16.95, -13.32, -13.32, -13.32, -13.32, -13.32, -13.32, -13.32, -13.32, -13.32, -13.32, -13.32, -13.32, -13.32, -13.32, -13.32, -13.32, -13.32, -13.32]

Feed Rates
[0.001, 0.001, 0.001, 0.001, 0.002, 0.002, 0.002, 0.002, 0.002, 0.003, 0.003, 0.003, 0.003, 0.003, 0.003, 0.003, 0.004, 0.004, 0.004, 0.004, 0.004, 0.005, 0.005, 0.005, 0.005, 0.005, 0.006, 0.006, 0.006, 0.007]

Growth Rates [h-1]
[0.189, 0.189, 0.189, 0.189, 0.189, 0.189, 0.189, 0.189, 0.189, 0.189, 0.189, 0.189, 0.134, 0.134, 0.134, 0.134, 0.134, 0.134, 0.134, 0.134, 0.134, 0.134, 0.134, 0.134, 0.134, 0.134, 0.134, 0.134, 0.134, 0.134]

Final Product Amount [mmol]
83.85380325369556

Final Biomass Amount [g]
5.734144417742641

Process End
13.0
#-------------------------