#-------------------------
Termination Status
LOCALLY_INFEASIBLE

Time Elapsed
21.664295932

Objective Value
30.6467789731568

Normalized Complementary Slackness
-100.12758478490173

Finite Elements
[1.55, 1.55, 1.55, 1.55, 1.55, 1.55, 1.55, 1.55, 1.55, 1.55, 1.56, 1.56, 1.56, 2.16, 2.26, 2.32, 2.32, 2.29, 2.32, 1.58, 2.31, 2.31, 2.32, 2.24, 2.01, 2.29, 2.31, 2.26, 2.29, 2.2]

Complementary Slackness per Finite Element
[-101.02, -98.86, -98.79, -99.19, -99.78, -100.46, -101.01, -101.27, -101.39, -101.43, -101.45, -101.64, -102.01, -102.52, -102.21, -100.52, -102.62, -102.77, -102.65, -102.39, -102.17, -101.06, -100.01, -99.45, -100.08, -100.31, -94.65, -96.03, -98.38, -87.71]

Feed Rates
[0.001, 0.001, 0.001, 0.001, 0.001, 0.001, 0.001, 0.001, 0.001, 0.001, 0.001, 0.002, 0.002, 0.002, 0.002, 0.002, 0.003, 0.003, 0.004, 0.004, 0.005, 0.005, 0.006, 0.007, 0.008, 0.009, 0.01, 0.012, 0.014, 0.016]

Growth Rates [h-1]
[0.061, 0.061, 0.061, 0.061, 0.061, 0.061, 0.061, 0.061, 0.061, 0.061, 0.061, 0.061, 0.061, 0.061, 0.061, 0.061, 0.061, 0.061, 0.061, 0.061, 0.061, 0.061, 0.061, 0.061, 0.061, 0.061, 0.061, 0.061, 0.061, 0.061]

Final Product Amount [mmol]
708.5980222943565

Final Biomass Amount [g]
23.807428614440404

Process End
58.0
#-------------------------