#-------------------------
Termination Status
ALMOST_LOCALLY_SOLVED

Time Elapsed
300.463375205

Objective Value
37.23618715303302

Normalized Complementary Slackness
-15.040297128617345

Finite Elements
[0.4, 0.4, 0.4, 0.4, 0.4, 0.4, 0.4, 0.4, 0.4, 0.4, 0.4, 0.4, 0.4, 0.4, 0.4, 0.27, 0.27, 0.27, 0.27, 0.27, 0.27, 0.27, 0.27, 0.27, 0.27, 0.27, 0.27, 0.27, 0.27, 0.27]

Complementary Slackness per Finite Element
[-16.7, -16.7, -16.7, -16.7, -16.7, -16.7, -16.7, -14.54, -14.54, -14.54, -14.54, -14.54, -14.54, -14.54, -14.54, -14.54, -14.54, -14.54, -14.54, -14.54, -14.54, -14.54, -14.54, -14.54, -14.54, -14.54, -14.54, -14.54, -14.54, -14.54]

Feed Rates
[0.001, 0.001, 0.001, 0.001, 0.001, 0.002, 0.002, 0.002, 0.002, 0.002, 0.002, 0.002, 0.002, 0.002, 0.002, 0.003, 0.003, 0.003, 0.003, 0.003, 0.003, 0.003, 0.003, 0.004, 0.004, 0.004, 0.004, 0.004, 0.004, 0.005]

Growth Rates [h-1]
[0.189, 0.189, 0.189, 0.189, 0.189, 0.189, 0.189, 0.153, 0.153, 0.153, 0.153, 0.153, 0.153, 0.153, 0.153, 0.153, 0.153, 0.153, 0.153, 0.153, 0.153, 0.153, 0.153, 0.153, 0.153, 0.153, 0.153, 0.153, 0.153, 0.153]

Final Product Amount [mmol]
40.75290949123786

Final Biomass Amount [g]
3.619952233898696

Process End
10.0
#-------------------------