#-------------------------
Termination Status
LOCALLY_INFEASIBLE

Time Elapsed
19.407681831

Objective Value
326.0373378236118

Normalized Complementary Slackness
-28.830944452729515

Finite Elements
[1.07, 1.6, 1.6, 1.6, 1.6, 1.6, 1.6, 1.6, 1.6, 1.6, 1.6, 1.6, 1.6, 1.6, 1.6, 1.59, 1.08, 1.07, 1.07, 1.07, 1.07, 1.07, 1.07, 1.07, 1.07, 1.07, 1.07, 1.07, 1.07, 1.07]

Complementary Slackness per Finite Element
[-28.14, -28.97, -29.41, -29.41, -29.47, -29.41, -29.19, -29.6, -29.66, -29.65, -29.71, -29.66, -29.67, -29.68, -29.71, -29.72, -29.68, -28.9, -27.42, -27.87, -27.95, -28.06, -27.92, -27.99, -30.11, -27.82, -27.36, -27.27, -28.09, -27.41]

Feed Rates
[0.001, 0.0, 0.0, 0.0, 0.0, 0.0, 0.0, 0.0, 0.001, 0.001, 0.001, 0.001, 0.002, 0.002, 0.002, 0.003, 0.004, 0.005, 0.006, 0.007, 0.008, 0.009, 0.011, 0.013, 0.015, 0.017, 0.02, 0.024, 0.028, 0.033]

Growth Rates [h-1]
[0.153, 0.153, 0.153, 0.153, 0.153, 0.153, 0.153, 0.153, 0.153, 0.153, 0.153, 0.153, 0.153, 0.153, 0.153, 0.153, 0.153, 0.153, 0.153, 0.153, 0.153, 0.153, 0.153, 0.153, 0.153, 0.153, 0.153, 0.153, 0.153, 0.153]

Final Product Amount [mmol]
348.12862179832126

Final Biomass Amount [g]
29.35856590735317

Process End
40.0
#-------------------------