#-------------------------
Termination Status
LOCALLY_INFEASIBLE

Time Elapsed
18.968080103

Objective Value
170.77106862566418

Normalized Complementary Slackness
-21.626345009054717

Finite Elements
[0.67, 0.67, 0.67, 0.67, 0.67, 0.78, 0.81, 0.77, 0.98, 0.98, 0.99, 0.99, 0.99, 0.99, 0.93, 0.8, 0.98, 0.86, 0.68, 0.69, 0.98, 0.99, 0.99, 0.99, 0.84, 0.68, 0.68, 0.78, 0.79, 0.71]

Complementary Slackness per Finite Element
[-21.15, -21.19, -21.25, -21.29, -21.5, -21.54, -21.33, -21.6, -21.87, -21.9, -21.73, -21.69, -21.7, -21.7, -21.71, -21.7, -21.68, -21.63, -21.68, -21.69, -21.67, -21.71, -21.72, -21.72, -21.74, -21.75, -21.73, -21.73, -21.73, -21.75]

Feed Rates
[0.001, 0.001, 0.001, 0.001, 0.002, 0.002, 0.002, 0.002, 0.003, 0.003, 0.004, 0.005, 0.005, 0.006, 0.007, 0.009, 0.01, 0.012, 0.014, 0.015, 0.017, 0.021, 0.024, 0.029, 0.034, 0.039, 0.044, 0.05, 0.057, 0.065]

Growth Rates [h-1]
[0.171, 0.171, 0.171, 0.171, 0.171, 0.171, 0.171, 0.171, 0.171, 0.171, 0.171, 0.171, 0.171, 0.171, 0.171, 0.171, 0.171, 0.171, 0.171, 0.171, 0.171, 0.171, 0.171, 0.171, 0.171, 0.171, 0.171, 0.171, 0.171, 0.171]

Final Product Amount [mmol]
453.2511129534504

Final Biomass Amount [g]
51.026543092867776

Process End
25.0
#-------------------------