#-------------------------
Termination Status
LOCALLY_INFEASIBLE

Time Elapsed
16.814831346

Objective Value
26.801329269460197

Normalized Complementary Slackness
-112.26613925063391

Finite Elements
[0.99, 1.48, 1.48, 1.48, 1.48, 1.48, 1.48, 1.48, 1.48, 1.48, 1.48, 1.48, 1.48, 1.48, 1.4, 1.45, 1.09, 0.99, 0.99, 0.99, 0.99, 0.99, 0.99, 0.99, 0.99, 0.99, 0.99, 0.99, 0.99, 0.99]

Complementary Slackness per Finite Element
[-113.44, -113.26, -113.36, -113.35, -113.3, -113.23, -113.12, -112.97, -112.81, -112.66, -112.53, -112.46, -112.36, -112.22, -112.09, -111.86, -111.88, -111.88, -111.86, -111.79, -111.74, -111.63, -111.56, -111.51, -111.53, -111.55, -111.76, -111.66, -111.53, -111.12]

Feed Rates
[0.001, 0.0, 0.0, 0.0, 0.0, 0.001, 0.001, 0.001, 0.001, 0.001, 0.001, 0.002, 0.002, 0.003, 0.003, 0.004, 0.005, 0.005, 0.006, 0.007, 0.008, 0.009, 0.01, 0.012, 0.014, 0.016, 0.018, 0.02, 0.023, 0.026]

Growth Rates [h-1]
[0.134, 0.134, 0.134, 0.134, 0.134, 0.134, 0.134, 0.134, 0.134, 0.134, 0.134, 0.134, 0.134, 0.134, 0.134, 0.134, 0.134, 0.134, 0.134, 0.134, 0.134, 0.134, 0.134, 0.134, 0.134, 0.134, 0.134, 0.134, 0.134, 0.134]

Final Product Amount [mmol]
473.73862071607255

Final Biomass Amount [g]
24.863199876423753

Process End
37.0
#-------------------------