#-------------------------
Termination Status
LOCALLY_INFEASIBLE

Time Elapsed
19.753263208

Objective Value
336.9033911060903

Normalized Complementary Slackness
-111.33249723601419

Finite Elements
[0.66, 0.92, 0.92, 0.92, 0.92, 0.92, 0.92, 0.92, 0.93, 0.93, 0.93, 0.92, 0.92, 0.92, 0.82, 0.64, 0.64, 0.64, 0.64, 0.64, 0.64, 0.64, 0.75, 0.64, 0.64, 0.64, 0.64, 0.65, 0.67, 0.91]

Complementary Slackness per Finite Element
[-111.33, -111.33, -111.33, -111.33, -111.33, -111.33, -111.33, -111.33, -111.33, -111.33, -111.33, -111.33, -111.33, -111.33, -111.33, -111.33, -111.33, -111.33, -111.33, -111.33, -111.33, -111.33, -111.33, -111.33, -111.33, -111.33, -111.33, -111.33, -111.33, -111.33]

Feed Rates
[0.001, 0.001, 0.001, 0.002, 0.002, 0.003, 0.003, 0.004, 0.004, 0.005, 0.006, 0.007, 0.009, 0.01, 0.012, 0.014, 0.016, 0.018, 0.02, 0.023, 0.026, 0.029, 0.033, 0.038, 0.043, 0.048, 0.055, 0.062, 0.07, 0.08]

Growth Rates [h-1]
[0.189, 0.189, 0.189, 0.189, 0.189, 0.189, 0.189, 0.189, 0.189, 0.189, 0.189, 0.189, 0.189, 0.189, 0.189, 0.189, 0.189, 0.189, 0.189, 0.189, 0.189, 0.189, 0.189, 0.189, 0.189, 0.189, 0.189, 0.189, 0.189, 0.189]

Final Product Amount [mmol]
437.22593388959194

Final Biomass Amount [g]
60.848450939029796

Process End
23.5
#-------------------------