#-------------------------
Termination Status
LOCALLY_INFEASIBLE

Time Elapsed
15.614955782

Objective Value
455.505215949817

Normalized Complementary Slackness
-30.20402755903916

Finite Elements
[2.56, 2.56, 2.56, 2.55, 2.54, 2.41, 2.13, 1.87, 1.75, 1.72, 1.72, 1.72, 1.71, 1.71, 1.72, 1.72, 2.13, 1.73, 2.37, 1.79, 2.47, 2.49, 2.5, 2.5, 2.5, 2.48, 2.41, 2.21, 1.77, 1.72]

Complementary Slackness per Finite Element
[-31.55, -30.51, -31.08, -31.49, -31.31, -31.25, -31.2, -31.14, -31.63, -31.04, -30.98, -30.92, -31.08, -30.87, -29.99, -30.31, -29.21, -29.9, -29.33, -29.63, -29.56, -29.09, -29.28, -29.24, -29.21, -29.16, -29.13, -29.09, -29.06, -28.88]

Feed Rates
[0.001, 0.0, 0.0, 0.0, 0.0, 0.0, 0.0, 0.0, 0.0, 0.0, 0.0, 0.0, 0.001, 0.001, 0.001, 0.001, 0.001, 0.001, 0.002, 0.002, 0.002, 0.003, 0.004, 0.005, 0.006, 0.008, 0.01, 0.013, 0.016, 0.018]

Growth Rates [h-1]
[0.097, 0.097, 0.097, 0.097, 0.097, 0.097, 0.097, 0.097, 0.097, 0.097, 0.097, 0.097, 0.097, 0.097, 0.097, 0.097, 0.097, 0.097, 0.097, 0.097, 0.097, 0.097, 0.097, 0.097, 0.097, 0.097, 0.097, 0.097, 0.097, 0.097]

Final Product Amount [mmol]
477.32926077307764

Final Biomass Amount [g]
22.016725922206284

Process End
64.0
#-------------------------