#-------------------------
Termination Status
LOCALLY_INFEASIBLE

Time Elapsed
16.395259301

Objective Value
158.9169541982219

Normalized Complementary Slackness
-43.945103742597205

Finite Elements
[0.91, 1.36, 1.36, 1.36, 1.36, 1.36, 1.36, 1.36, 1.36, 1.36, 1.36, 1.36, 1.36, 1.36, 1.36, 1.36, 0.91, 0.91, 0.91, 0.91, 0.91, 0.91, 0.91, 0.91, 0.91, 0.91, 0.91, 0.91, 0.91, 0.91]

Complementary Slackness per Finite Element
[-43.67, -44.17, -44.17, -44.16, -44.16, -44.16, -44.15, -44.14, -44.13, -44.13, -44.15, -44.14, -44.13, -44.11, -44.08, -44.02, -43.93, -43.81, -43.68, -43.62, -43.59, -43.56, -43.53, -43.5, -43.39, -43.86, -44.08, -44.04, -44.04, -44.04]

Feed Rates
[0.001, 0.0, 0.0, 0.0, 0.0, 0.0, 0.0, 0.0, 0.0, 0.001, 0.001, 0.001, 0.001, 0.002, 0.002, 0.003, 0.004, 0.005, 0.005, 0.006, 0.008, 0.009, 0.011, 0.013, 0.015, 0.018, 0.021, 0.025, 0.03, 0.036]

Growth Rates [h-1]
[0.189, 0.189, 0.189, 0.189, 0.189, 0.189, 0.189, 0.189, 0.189, 0.189, 0.189, 0.189, 0.189, 0.189, 0.189, 0.189, 0.189, 0.189, 0.189, 0.189, 0.189, 0.189, 0.189, 0.189, 0.189, 0.189, 0.189, 0.189, 0.189, 0.189]

Final Product Amount [mmol]
198.74495520894405

Final Biomass Amount [g]
27.231707727543462

Process End
34.0
#-------------------------