#-------------------------
Termination Status
LOCALLY_INFEASIBLE

Time Elapsed
17.056559561

Objective Value
371.47206810408505

Normalized Complementary Slackness
-59.287267329930856

Finite Elements
[2.44, 2.44, 2.44, 2.44, 2.44, 2.44, 2.44, 2.44, 2.44, 2.44, 2.44, 2.09, 1.71, 1.63, 1.63, 1.63, 1.86, 2.05, 2.02, 1.63, 1.63, 1.63, 1.63, 1.63, 2.21, 2.17, 2.13, 1.64, 1.63, 1.63]

Complementary Slackness per Finite Element
[-61.65, -58.93, -58.43, -58.36, -58.42, -58.45, -58.52, -58.6, -58.66, -58.78, -58.83, -58.81, -58.78, -58.8, -58.78, -58.78, -59.69, -60.47, -60.88, -61.14, -61.14, -61.19, -61.11, -60.86, -59.98, -59.52, -57.87, -58.15, -57.53, -57.5]

Feed Rates
[0.001, 0.0, 0.0, 0.0, 0.0, 0.0, 0.0, 0.0, 0.0, 0.0, 0.0, 0.0, 0.0, 0.001, 0.001, 0.001, 0.001, 0.001, 0.002, 0.002, 0.003, 0.003, 0.004, 0.005, 0.007, 0.009, 0.012, 0.016, 0.02, 0.024]

Growth Rates [h-1]
[0.134, 0.134, 0.134, 0.134, 0.134, 0.134, 0.134, 0.134, 0.134, 0.134, 0.134, 0.134, 0.134, 0.134, 0.134, 0.134, 0.134, 0.134, 0.134, 0.134, 0.134, 0.134, 0.134, 0.134, 0.134, 0.134, 0.134, 0.134, 0.134, 0.134]

Final Product Amount [mmol]
425.03068035766535

Final Biomass Amount [g]
24.598059439036085

Process End
61.0
#-------------------------