#-------------------------
Termination Status
LOCALLY_INFEASIBLE

Time Elapsed
14.647064264

Objective Value
150.4209731396824

Normalized Complementary Slackness
-25.301957259335516

Finite Elements
[2.68, 2.48, 2.47, 2.49, 2.5, 2.5, 2.45, 2.45, 2.43, 2.39, 2.33, 2.33, 2.19, 1.96, 1.85, 1.81, 1.8, 1.8, 1.79, 1.79, 1.79, 1.8, 1.83, 2.07, 1.95, 2.4, 2.63, 2.68, 2.68, 2.68]

Complementary Slackness per Finite Element
[-24.91, -25.05, -25.08, -25.08, -25.06, -25.18, -25.25, -25.25, -25.25, -25.26, -25.26, -25.01, -25.38, -25.43, -25.41, -25.38, -25.39, -25.41, -25.34, -25.36, -25.37, -25.34, -25.34, -25.33, -25.33, -25.42, -25.5, -25.37, -25.63, -25.68]

Feed Rates
[0.001, 0.0, 0.0, 0.0, 0.0, 0.0, 0.0, 0.0, 0.0, 0.0, 0.0, 0.0, 0.0, 0.0, 0.0, 0.0, 0.0, 0.0, 0.0, 0.0, 0.001, 0.001, 0.001, 0.001, 0.002, 0.003, 0.005, 0.008, 0.014, 0.023]

Growth Rates [h-1]
[0.189, 0.189, 0.189, 0.189, 0.189, 0.189, 0.189, 0.189, 0.189, 0.189, 0.189, 0.189, 0.189, 0.189, 0.189, 0.189, 0.189, 0.189, 0.189, 0.189, 0.189, 0.189, 0.189, 0.189, 0.189, 0.189, 0.189, 0.189, 0.189, 0.189]

Final Product Amount [mmol]
168.31934924501465

Final Biomass Amount [g]
22.89428691377532

Process End
67.0
#-------------------------