#-------------------------
Termination Status
LOCALLY_INFEASIBLE

Time Elapsed
15.992449037

Objective Value
384.0230624545676

Normalized Complementary Slackness
-20.994945939040928

Finite Elements
[1.84, 1.84, 1.84, 1.84, 1.84, 1.84, 1.84, 1.84, 1.84, 1.84, 1.84, 1.84, 1.66, 1.38, 1.25, 1.69, 1.64, 1.54, 1.27, 1.23, 1.23, 1.23, 1.23, 1.23, 1.23, 1.23, 1.23, 1.23, 1.23, 1.23]

Complementary Slackness per Finite Element
[-21.54, -20.88, -20.91, -20.92, -20.91, -20.89, -20.88, -20.86, -20.86, -20.85, -20.84, -20.83, -20.8, -20.77, -20.75, -20.74, -20.75, -20.78, -20.83, -20.9, -20.98, -21.06, -21.13, -21.21, -21.27, -21.33, -21.37, -21.36, -21.33, -21.31]

Feed Rates
[0.001, 0.0, 0.0, 0.0, 0.0, 0.0, 0.0, 0.0, 0.0, 0.0, 0.001, 0.001, 0.001, 0.001, 0.002, 0.002, 0.003, 0.003, 0.004, 0.005, 0.006, 0.007, 0.009, 0.011, 0.013, 0.015, 0.019, 0.022, 0.027, 0.032]

Growth Rates [h-1]
[0.153, 0.153, 0.153, 0.153, 0.153, 0.153, 0.153, 0.153, 0.153, 0.153, 0.153, 0.153, 0.153, 0.153, 0.153, 0.153, 0.153, 0.153, 0.153, 0.153, 0.153, 0.153, 0.153, 0.153, 0.153, 0.153, 0.153, 0.153, 0.153, 0.153]

Final Product Amount [mmol]
397.0359880905505

Final Biomass Amount [g]
29.283702724032747

Process End
46.0
#-------------------------