#-------------------------
Termination Status
LOCALLY_INFEASIBLE

Time Elapsed
18.455508488

Objective Value
74.66541809171514

Normalized Complementary Slackness
-19.664590506126217

Finite Elements
[2.32, 2.32, 2.32, 2.32, 2.32, 2.32, 2.32, 2.32, 2.32, 2.32, 2.32, 2.32, 2.32, 2.32, 2.26, 1.6, 1.55, 1.55, 1.55, 1.55, 1.55, 1.55, 1.55, 1.55, 1.55, 1.55, 1.55, 1.55, 1.55, 1.55]

Complementary Slackness per Finite Element
[-23.14, -19.6, -19.44, -19.4, -19.39, -19.39, -19.38, -19.37, -19.35, -19.38, -19.4, -19.46, -19.5, -19.54, -19.58, -19.6, -19.64, -19.68, -19.69, -19.68, -19.65, -19.57, -19.77, -19.67, -19.65, -19.64, -19.68, -19.59, -19.68, -19.44]

Feed Rates
[0.001, 0.0, 0.0, 0.0, 0.0, 0.0, 0.0, 0.0, 0.0, 0.0, 0.0, 0.0, 0.001, 0.001, 0.001, 0.001, 0.002, 0.002, 0.002, 0.003, 0.004, 0.005, 0.006, 0.007, 0.009, 0.011, 0.013, 0.016, 0.02, 0.025]

Growth Rates [h-1]
[0.134, 0.134, 0.134, 0.134, 0.134, 0.134, 0.134, 0.134, 0.134, 0.134, 0.134, 0.134, 0.134, 0.134, 0.134, 0.134, 0.134, 0.134, 0.134, 0.134, 0.134, 0.134, 0.134, 0.134, 0.134, 0.134, 0.134, 0.134, 0.134, 0.134]

Final Product Amount [mmol]
496.1727373168785

Final Biomass Amount [g]
24.611224255047397

Process End
58.0
#-------------------------