#-------------------------
Termination Status
LOCALLY_INFEASIBLE

Time Elapsed
16.703162656

Objective Value
64.07275461305413

Normalized Complementary Slackness
-18.554317703271376

Finite Elements
[0.99, 1.48, 1.45, 1.21, 1.0, 0.99, 0.99, 0.99, 0.99, 0.99, 0.99, 0.99, 0.99, 0.99, 0.99, 0.99, 0.99, 1.26, 1.48, 1.48, 1.48, 1.48, 1.48, 1.48, 1.48, 1.48, 1.48, 1.48, 1.48, 1.48]

Complementary Slackness per Finite Element
[-19.08, -18.84, -18.65, -18.59, -18.57, -18.57, -18.56, -18.55, -18.55, -18.55, -18.54, -18.54, -18.55, -18.55, -18.57, -18.58, -18.5, -18.49, -18.49, -18.49, -18.49, -18.49, -18.48, -18.48, -18.48, -18.48, -18.48, -18.48, -18.48, -18.48]

Feed Rates
[0.001, 0.0, 0.0, 0.0, 0.0, 0.0, 0.0, 0.0, 0.0, 0.0, 0.0, 0.001, 0.001, 0.001, 0.001, 0.001, 0.001, 0.001, 0.002, 0.002, 0.003, 0.004, 0.005, 0.007, 0.009, 0.011, 0.014, 0.018, 0.023, 0.03]

Growth Rates [h-1]
[0.171, 0.171, 0.171, 0.171, 0.171, 0.171, 0.171, 0.171, 0.171, 0.171, 0.171, 0.171, 0.171, 0.171, 0.171, 0.171, 0.171, 0.171, 0.171, 0.171, 0.171, 0.171, 0.171, 0.171, 0.171, 0.171, 0.171, 0.171, 0.171, 0.171]

Final Product Amount [mmol]
289.39348860812805

Final Biomass Amount [g]
26.52447542100513

Process End
37.0
#-------------------------