#-------------------------
Termination Status
LOCALLY_SOLVED

Time Elapsed
42.760140553

Objective Value
677.13094676236

Normalized Complementary Slackness
-16.710131962195597

Finite Elements
[2.44, 2.44, 2.44, 2.44, 2.44, 2.44, 2.44, 2.44, 2.44, 2.44, 2.44, 2.44, 2.44, 2.44, 2.44, 1.63, 1.63, 1.63, 1.63, 1.63, 1.63, 1.63, 1.63, 1.63, 1.63, 1.63, 1.63, 1.63, 1.63, 1.63]

Complementary Slackness per Finite Element
[-16.95, -16.95, -16.95, -16.95, -16.95, -7.82, -17.03, -17.03, -17.03, -17.03, -17.03, -17.03, -17.03, -17.03, -17.03, -17.03, -17.03, -17.03, -17.03, -17.03, -17.03, -17.03, -17.03, -17.03, -17.03, -17.03, -17.03, -17.03, -17.03, -17.03]

Feed Rates
[0.001, 0.002, 0.003, 0.005, 0.007, 0.003, 0.003, 0.003, 0.003, 0.003, 0.003, 0.003, 0.003, 0.003, 0.003, 0.003, 0.003, 0.003, 0.004, 0.004, 0.004, 0.004, 0.004, 0.004, 0.004, 0.004, 0.004, 0.004, 0.004, 0.004]

Growth Rates [h-1]
[0.189, 0.189, 0.189, 0.189, 0.189, 0.012, 0.005, 0.005, 0.005, 0.005, 0.005, 0.005, 0.005, 0.005, 0.005, 0.005, 0.005, 0.005, 0.005, 0.005, 0.005, 0.005, 0.005, 0.005, 0.005, 0.005, 0.005, 0.005, 0.005, 0.005]

Final Product Amount [mmol]
659.169039774942

Final Biomass Amount [g]
9.43411623090586

Process End
61.0
#-------------------------