#-------------------------
Termination Status
LOCALLY_INFEASIBLE

Time Elapsed
19.235045626

Objective Value
114.31290834471388

Normalized Complementary Slackness
-15.290783697641993

Finite Elements
[1.39, 2.08, 2.08, 2.08, 2.08, 2.08, 2.08, 2.08, 2.08, 2.08, 2.08, 2.08, 2.08, 1.63, 2.08, 2.08, 1.83, 1.39, 1.39, 1.39, 1.39, 1.39, 1.39, 1.39, 1.39, 1.39, 1.39, 1.39, 1.39, 1.39]

Complementary Slackness per Finite Element
[-15.51, -15.01, -15.22, -15.29, -15.3, -15.3, -15.3, -15.3, -15.3, -15.3, -15.31, -15.38, -18.66, -11.69, -15.31, -15.29, -15.3, -15.31, -15.32, -15.31, -15.31, -15.31, -15.31, -15.31, -15.31, -15.3, -15.27, -15.3, -15.3, -15.3]

Feed Rates
[0.001, 0.0, 0.0, 0.0, 0.0, 0.0, 0.001, 0.001, 0.001, 0.001, 0.001, 0.001, 0.002, 0.002, 0.002, 0.003, 0.004, 0.004, 0.005, 0.006, 0.006, 0.007, 0.008, 0.01, 0.011, 0.013, 0.015, 0.017, 0.019, 0.022]

Growth Rates [h-1]
[0.097, 0.097, 0.097, 0.097, 0.097, 0.097, 0.097, 0.097, 0.097, 0.097, 0.097, 0.097, 0.097, 0.097, 0.097, 0.097, 0.097, 0.097, 0.097, 0.097, 0.097, 0.097, 0.097, 0.097, 0.097, 0.097, 0.097, 0.097, 0.097, 0.097]

Final Product Amount [mmol]
597.2890032363521

Final Biomass Amount [g]
25.306523067854403

Process End
52.0
#-------------------------