#-------------------------
Termination Status
LOCALLY_INFEASIBLE

Time Elapsed
17.068769935

Objective Value
188.5439884778704

Normalized Complementary Slackness
-26.380838629460982

Finite Elements
[1.23, 1.23, 1.23, 1.22, 1.22, 1.22, 1.22, 1.22, 1.21, 1.09, 0.85, 0.84, 0.84, 0.84, 0.84, 0.84, 0.84, 0.84, 0.84, 0.84, 0.84, 0.85, 1.06, 1.2, 1.21, 1.21, 1.17, 0.87, 1.21, 0.9]

Complementary Slackness per Finite Element
[-27.47, -25.28, -25.22, -25.08, -26.0, -25.98, -25.78, -26.33, -26.41, -26.08, -26.86, -26.59, -26.48, -26.58, -26.46, -26.52, -26.53, -26.5, -25.93, -26.65, -26.45, -26.7, -26.49, -26.55, -26.64, -26.71, -26.68, -27.18, -26.97, -26.33]

Feed Rates
[0.001, 0.001, 0.001, 0.001, 0.002, 0.002, 0.002, 0.003, 0.003, 0.004, 0.004, 0.005, 0.005, 0.006, 0.007, 0.008, 0.009, 0.01, 0.011, 0.012, 0.013, 0.015, 0.017, 0.02, 0.023, 0.027, 0.032, 0.037, 0.042, 0.049]

Growth Rates [h-1]
[0.134, 0.134, 0.134, 0.134, 0.134, 0.134, 0.134, 0.134, 0.134, 0.134, 0.134, 0.134, 0.134, 0.134, 0.134, 0.134, 0.134, 0.134, 0.134, 0.134, 0.134, 0.134, 0.134, 0.134, 0.134, 0.134, 0.134, 0.134, 0.134, 0.134]

Final Product Amount [mmol]
617.9389468451761

Final Biomass Amount [g]
45.47499190789637

Process End
31.0
#-------------------------