#-------------------------
Termination Status
LOCALLY_INFEASIBLE

Time Elapsed
17.640733497

Objective Value
136.3299910901971

Normalized Complementary Slackness
-20.091594770673964

Finite Elements
[0.59, 0.59, 0.59, 0.59, 0.59, 0.74, 0.68, 0.7, 0.68, 0.7, 0.79, 0.66, 0.74, 0.78, 0.82, 0.77, 0.65, 0.87, 0.61, 0.87, 0.87, 0.87, 0.87, 0.87, 0.61, 0.87, 0.61, 0.71, 0.87, 0.85]

Complementary Slackness per Finite Element
[-20.1, -20.1, -20.1, -20.1, -20.1, -20.1, -20.1, -20.1, -20.1, -20.09, -20.09, -20.1, -20.1, -20.1, -20.1, -20.1, -20.1, -20.1, -20.1, -20.1, -20.09, -20.09, -20.09, -20.08, -20.08, -20.08, -20.07, -20.07, -20.07, -20.07]

Feed Rates
[0.001, 0.001, 0.001, 0.002, 0.002, 0.002, 0.002, 0.003, 0.003, 0.003, 0.004, 0.004, 0.005, 0.006, 0.007, 0.008, 0.009, 0.01, 0.012, 0.013, 0.016, 0.018, 0.022, 0.026, 0.03, 0.034, 0.04, 0.045, 0.052, 0.061]

Growth Rates [h-1]
[0.189, 0.189, 0.189, 0.189, 0.189, 0.189, 0.189, 0.189, 0.189, 0.189, 0.189, 0.189, 0.189, 0.189, 0.189, 0.189, 0.189, 0.189, 0.189, 0.189, 0.189, 0.189, 0.189, 0.189, 0.189, 0.189, 0.189, 0.189, 0.189, 0.189]

Final Product Amount [mmol]
327.79049083284974

Final Biomass Amount [g]
45.80016709185367

Process End
22.0
#-------------------------