#-------------------------
Termination Status
LOCALLY_INFEASIBLE

Time Elapsed
15.976944148

Objective Value
151.5844628284835

Normalized Complementary Slackness
-44.58605847319545

Finite Elements
[0.63, 0.64, 0.89, 0.91, 0.92, 0.92, 0.92, 0.92, 0.92, 0.92, 0.92, 0.92, 0.88, 0.9, 0.65, 0.66, 0.64, 0.64, 0.64, 0.64, 0.64, 0.64, 0.64, 0.64, 0.65, 0.67, 0.91, 0.93, 0.8, 0.94]

Complementary Slackness per Finite Element
[-44.58, -44.57, -44.57, -44.58, -44.58, -44.58, -44.59, -44.59, -44.59, -44.59, -44.59, -44.6, -44.55, -44.61, -44.57, -44.58, -44.6, -44.59, -44.58, -44.58, -44.58, -44.58, -44.58, -44.58, -44.58, -44.58, -44.59, -44.6, -44.61, -44.64]

Feed Rates
[0.001, 0.001, 0.001, 0.002, 0.002, 0.002, 0.003, 0.003, 0.004, 0.005, 0.006, 0.007, 0.008, 0.009, 0.011, 0.013, 0.014, 0.016, 0.018, 0.02, 0.023, 0.026, 0.029, 0.033, 0.037, 0.042, 0.048, 0.057, 0.068, 0.08]

Growth Rates [h-1]
[0.189, 0.189, 0.189, 0.189, 0.189, 0.189, 0.189, 0.189, 0.189, 0.189, 0.189, 0.189, 0.189, 0.189, 0.189, 0.189, 0.189, 0.189, 0.189, 0.189, 0.189, 0.189, 0.189, 0.189, 0.189, 0.189, 0.189, 0.189, 0.189, 0.189]

Final Product Amount [mmol]
437.15498822867477

Final Biomass Amount [g]
60.84845081457642

Process End
23.5
#-------------------------