#-------------------------
Termination Status
LOCALLY_INFEASIBLE

Time Elapsed
14.441955555

Objective Value
20.095739743084238

Normalized Complementary Slackness
-19.18361370689958

Finite Elements
[2.44, 2.43, 2.43, 2.36, 2.1, 2.08, 2.05, 2.01, 1.95, 1.87, 1.77, 1.68, 1.64, 1.64, 1.63, 1.63, 1.63, 1.63, 1.63, 1.63, 1.63, 1.63, 2.43, 2.44, 2.44, 2.44, 2.44, 2.44, 2.44, 2.44]

Complementary Slackness per Finite Element
[-19.11, -19.17, -19.18, -19.19, -19.19, -19.19, -19.2, -19.2, -19.21, -19.21, -19.21, -19.21, -19.21, -19.21, -19.21, -19.21, -19.21, -19.21, -19.2, -19.2, -19.2, -19.19, -19.18, -19.18, -19.16, -19.14, -19.13, -19.11, -19.1, -19.19]

Feed Rates
[0.001, 0.0, 0.0, 0.0, 0.0, 0.0, 0.0, 0.0, 0.0, 0.0, 0.0, 0.0, 0.0, 0.0, 0.0, 0.0, 0.0, 0.0, 0.0, 0.0, 0.001, 0.001, 0.001, 0.002, 0.003, 0.005, 0.008, 0.013, 0.02, 0.032]

Growth Rates [h-1]
[0.189, 0.189, 0.189, 0.189, 0.189, 0.189, 0.189, 0.189, 0.189, 0.189, 0.189, 0.189, 0.189, 0.189, 0.189, 0.189, 0.189, 0.189, 0.189, 0.189, 0.189, 0.189, 0.189, 0.189, 0.189, 0.189, 0.189, 0.189, 0.189, 0.189]

Final Product Amount [mmol]
226.0619244369528

Final Biomass Amount [g]
30.912585798105315

Process End
61.0
#-------------------------