#-------------------------
Termination Status
LOCALLY_INFEASIBLE

Time Elapsed
14.40735392

Objective Value
342.1016966679015

Normalized Complementary Slackness
-149.24452055947282

Finite Elements
[2.32, 2.32, 2.32, 2.32, 2.32, 2.32, 2.32, 2.32, 2.32, 2.32, 2.32, 2.32, 2.32, 2.32, 2.3, 1.57, 1.55, 1.55, 1.55, 1.55, 1.55, 1.55, 1.55, 1.55, 1.55, 1.55, 1.55, 1.55, 1.55, 1.55]

Complementary Slackness per Finite Element
[-150.51, -150.42, -150.2, -150.02, -149.9, -149.81, -149.71, -149.8, -149.84, -149.98, -150.11, -150.16, -150.09, -149.92, -149.66, -149.34, -149.17, -149.0, -148.84, -148.69, -148.59, -148.49, -148.52, -148.03, -148.13, -148.21, -148.31, -148.37, -148.78, -146.73]

Feed Rates
[0.001, 0.0, 0.0, 0.0, 0.0, 0.0, 0.0, 0.0, 0.0, 0.0, 0.0, 0.001, 0.001, 0.001, 0.001, 0.002, 0.002, 0.003, 0.003, 0.004, 0.004, 0.005, 0.006, 0.007, 0.009, 0.011, 0.013, 0.015, 0.018, 0.022]

Growth Rates [h-1]
[0.116, 0.116, 0.116, 0.116, 0.116, 0.116, 0.116, 0.116, 0.116, 0.116, 0.116, 0.116, 0.116, 0.116, 0.116, 0.116, 0.116, 0.116, 0.116, 0.116, 0.116, 0.116, 0.116, 0.116, 0.116, 0.116, 0.116, 0.116, 0.116, 0.116]

Final Product Amount [mmol]
482.4595851059644

Final Biomass Amount [g]
23.4600130114965

Process End
58.0
#-------------------------