#-------------------------
Termination Status
LOCALLY_SOLVED

Time Elapsed
423.490613523

Objective Value
25.4307388040643

Normalized Complementary Slackness
-11.709309482297709

Finite Elements
[0.4, 0.4, 0.4, 0.4, 0.4, 0.4, 0.4, 0.4, 0.4, 0.4, 0.4, 0.4, 0.4, 0.4, 0.4, 0.27, 0.27, 0.27, 0.27, 0.27, 0.27, 0.27, 0.27, 0.27, 0.27, 0.27, 0.27, 0.27, 0.27, 0.27]

Complementary Slackness per Finite Element
[-11.71, -11.71, -11.71, -11.71, -11.71, -11.71, -11.71, -11.71, -11.71, -11.71, -11.71, -11.71, -11.71, -11.71, -11.71, -11.71, -11.71, -11.71, -11.71, -11.71, -11.71, -11.71, -11.71, -11.71, -11.71, -11.71, -11.71, -11.71, -11.71, -11.71]

Feed Rates
[0.001, 0.001, 0.001, 0.001, 0.001, 0.002, 0.002, 0.002, 0.002, 0.002, 0.002, 0.003, 0.003, 0.003, 0.003, 0.003, 0.004, 0.004, 0.004, 0.004, 0.004, 0.005, 0.005, 0.005, 0.005, 0.006, 0.006, 0.006, 0.007, 0.007]

Growth Rates [h-1]
[0.189, 0.189, 0.189, 0.189, 0.189, 0.189, 0.189, 0.189, 0.189, 0.189, 0.189, 0.189, 0.189, 0.189, 0.189, 0.189, 0.189, 0.189, 0.189, 0.189, 0.189, 0.189, 0.189, 0.189, 0.189, 0.189, 0.189, 0.189, 0.189, 0.189]

Final Product Amount [mmol]
29.20967687184243

Final Biomass Amount [g]
4.718567469211203

Process End
10.0
#-------------------------