#-------------------------
Termination Status
LOCALLY_INFEASIBLE

Time Elapsed
16.128297708

Objective Value
382.0286573232663

Normalized Complementary Slackness
-143.75346171291358

Finite Elements
[2.56, 2.56, 2.56, 2.56, 2.56, 2.56, 2.56, 2.56, 2.56, 2.56, 2.56, 2.56, 2.56, 2.56, 2.55, 1.71, 1.71, 1.71, 1.71, 1.71, 1.71, 1.71, 1.71, 1.71, 1.71, 1.71, 1.71, 1.71, 1.71, 1.71]

Complementary Slackness per Finite Element
[-144.96, -145.48, -145.06, -146.08, -145.76, -145.03, -144.06, -143.13, -143.11, -144.92, -144.1, -142.24, -143.25, -144.01, -143.99, -143.66, -143.8, -142.84, -143.82, -143.9, -144.27, -144.37, -141.85, -142.29, -143.11, -142.9, -142.94, -142.92, -143.23, -141.54]

Feed Rates
[0.001, 0.0, 0.0, 0.0, 0.0, 0.0, 0.0, 0.0, 0.001, 0.001, 0.001, 0.001, 0.001, 0.002, 0.002, 0.002, 0.003, 0.003, 0.004, 0.004, 0.005, 0.005, 0.006, 0.007, 0.008, 0.009, 0.01, 0.012, 0.014, 0.015]

Growth Rates [h-1]
[0.079, 0.079, 0.079, 0.079, 0.079, 0.079, 0.079, 0.079, 0.079, 0.079, 0.079, 0.079, 0.079, 0.079, 0.079, 0.079, 0.079, 0.079, 0.079, 0.079, 0.079, 0.079, 0.079, 0.079, 0.079, 0.079, 0.079, 0.079, 0.079, 0.079]

Final Product Amount [mmol]
513.9097642587385

Final Biomass Amount [g]
20.286195035352694

Process End
64.0
#-------------------------