#-------------------------
Termination Status
LOCALLY_INFEASIBLE

Time Elapsed
18.518285666

Objective Value
98.5308712646796

Normalized Complementary Slackness
-23.369724526080827

Finite Elements
[1.15, 1.72, 1.72, 1.72, 1.72, 1.72, 1.72, 1.72, 1.72, 1.72, 1.72, 1.72, 1.72, 1.72, 1.46, 1.31, 1.17, 1.15, 1.45, 1.19, 1.15, 1.15, 1.15, 1.15, 1.15, 1.45, 1.15, 1.15, 1.15, 1.15]

Complementary Slackness per Finite Element
[-22.49, -21.49, -21.85, -23.47, -24.26, -24.63, -25.03, -24.47, -24.92, -24.78, -24.97, -25.01, -25.06, -25.08, -25.11, -25.13, -25.1, -25.07, -24.56, -24.33, -23.82, -24.71, -24.59, -24.46, -24.36, -18.5, -18.48, -18.48, -18.47, -18.41]

Feed Rates
[0.001, 0.0, 0.0, 0.0, 0.0, 0.001, 0.001, 0.001, 0.001, 0.001, 0.001, 0.002, 0.002, 0.003, 0.003, 0.004, 0.004, 0.005, 0.006, 0.007, 0.008, 0.009, 0.01, 0.011, 0.013, 0.015, 0.017, 0.02, 0.023, 0.026]

Growth Rates [h-1]
[0.116, 0.116, 0.116, 0.116, 0.116, 0.116, 0.116, 0.116, 0.116, 0.116, 0.116, 0.116, 0.116, 0.116, 0.116, 0.116, 0.116, 0.116, 0.116, 0.116, 0.116, 0.116, 0.116, 0.116, 0.116, 0.116, 0.116, 0.116, 0.116, 0.116]

Final Product Amount [mmol]
491.043877205271

Final Biomass Amount [g]
27.015948337124254

Process End
43.0
#-------------------------