#-------------------------
Termination Status
LOCALLY_INFEASIBLE

Time Elapsed
15.166933243

Objective Value
180.07676092822697

Normalized Complementary Slackness
-21.741556317177604

Finite Elements
[1.15, 1.72, 1.72, 1.72, 1.72, 1.72, 1.72, 1.72, 1.71, 1.52, 1.21, 1.15, 1.15, 1.15, 1.15, 1.15, 1.15, 1.24, 1.5, 1.59, 1.62, 1.64, 1.64, 1.64, 1.61, 1.41, 1.15, 1.15, 1.15, 1.15]

Complementary Slackness per Finite Element
[-20.58, -21.57, -21.48, -21.45, -21.42, -21.63, -21.77, -21.75, -21.62, -21.62, -21.37, -21.65, -21.82, -21.9, -21.9, -21.9, -21.9, -21.9, -21.84, -21.74, -21.82, -21.96, -22.0, -21.98, -21.97, -21.95, -21.99, -21.95, -21.92, -21.89]

Feed Rates
[0.001, 0.0, 0.0, 0.0, 0.0, 0.0, 0.0, 0.0, 0.0, 0.0, 0.0, 0.0, 0.0, 0.001, 0.001, 0.001, 0.001, 0.001, 0.002, 0.002, 0.003, 0.004, 0.006, 0.008, 0.01, 0.014, 0.018, 0.022, 0.028, 0.034]

Growth Rates [h-1]
[0.189, 0.189, 0.189, 0.189, 0.189, 0.189, 0.189, 0.189, 0.189, 0.189, 0.189, 0.189, 0.189, 0.189, 0.189, 0.189, 0.189, 0.189, 0.189, 0.189, 0.189, 0.189, 0.189, 0.189, 0.189, 0.189, 0.189, 0.189, 0.189, 0.189]

Final Product Amount [mmol]
198.6556603484265

Final Biomass Amount [g]
27.156405381250057

Process End
43.0
#-------------------------