#-------------------------
Termination Status
LOCALLY_INFEASIBLE

Time Elapsed
15.928823893

Objective Value
305.2389884870776

Normalized Complementary Slackness
-20.194440043910273

Finite Elements
[2.68, 2.01, 1.79, 1.79, 1.79, 1.79, 1.79, 1.79, 1.79, 1.79, 1.79, 1.79, 2.17, 2.14, 1.8, 1.8, 1.86, 2.52, 2.6, 2.68, 2.68, 2.68, 2.68, 2.68, 2.68, 2.68, 2.68, 2.68, 2.68, 2.68]

Complementary Slackness per Finite Element
[-20.72, -20.62, -20.34, -20.34, -20.38, -20.26, -20.26, -20.26, -20.26, -20.27, -20.25, -20.23, -20.21, -20.18, -20.16, -20.13, -20.09, -20.06, -20.08, -20.07, -20.07, -20.07, -20.04, -20.16, -20.03, -20.04, -20.05, -20.06, -20.08, -20.08]

Feed Rates
[0.001, 0.0, 0.0, 0.0, 0.0, 0.0, 0.0, 0.0, 0.0, 0.0, 0.0, 0.0, 0.0, 0.0, 0.0, 0.0, 0.0, 0.0, 0.0, 0.0, 0.0, 0.001, 0.001, 0.002, 0.003, 0.004, 0.007, 0.011, 0.018, 0.028]

Growth Rates [h-1]
[0.171, 0.171, 0.171, 0.171, 0.171, 0.171, 0.171, 0.171, 0.171, 0.171, 0.171, 0.171, 0.171, 0.171, 0.171, 0.171, 0.171, 0.171, 0.171, 0.171, 0.171, 0.171, 0.171, 0.171, 0.171, 0.171, 0.171, 0.171, 0.171, 0.171]

Final Product Amount [mmol]
319.76052260252095

Final Biomass Amount [g]
29.138791715951477

Process End
67.0
#-------------------------