#-------------------------
Termination Status
LOCALLY_SOLVED

Time Elapsed
303.85452935

Objective Value
38.9181154325986

Normalized Complementary Slackness
-11.754568369539843

Finite Elements
[0.46, 0.46, 0.46, 0.46, 0.46, 0.46, 0.46, 0.46, 0.46, 0.46, 0.46, 0.46, 0.46, 0.46, 0.46, 0.31, 0.31, 0.31, 0.31, 0.31, 0.31, 0.31, 0.31, 0.31, 0.31, 0.31, 0.31, 0.31, 0.31, 0.31]

Complementary Slackness per Finite Element
[-11.75, -11.75, -11.75, -11.75, -11.75, -11.75, -11.75, -11.75, -11.75, -11.75, -11.75, -11.75, -11.75, -11.75, -11.75, -11.75, -11.75, -11.75, -11.75, -11.75, -11.75, -11.75, -11.75, -11.75, -11.75, -11.75, -11.75, -11.75, -11.75, -11.75]

Feed Rates
[0.001, 0.001, 0.001, 0.001, 0.002, 0.002, 0.002, 0.002, 0.002, 0.002, 0.003, 0.003, 0.003, 0.003, 0.004, 0.004, 0.004, 0.005, 0.005, 0.005, 0.005, 0.006, 0.006, 0.006, 0.007, 0.007, 0.008, 0.008, 0.009, 0.009]

Growth Rates [h-1]
[0.189, 0.189, 0.189, 0.189, 0.189, 0.189, 0.189, 0.189, 0.189, 0.189, 0.189, 0.189, 0.189, 0.189, 0.189, 0.189, 0.189, 0.189, 0.189, 0.189, 0.189, 0.189, 0.189, 0.189, 0.189, 0.189, 0.189, 0.189, 0.189, 0.189]

Final Product Amount [mmol]
40.50688373027244

Final Biomass Amount [g]
6.2689183552883785

Process End
11.5
#-------------------------