#-------------------------
Termination Status
LOCALLY_INFEASIBLE

Time Elapsed
16.029357715

Objective Value
383.02626559721364

Normalized Complementary Slackness
-105.77060026906247

Finite Elements
[2.32, 2.32, 2.32, 2.32, 2.32, 2.32, 2.32, 2.32, 2.32, 2.22, 1.7, 1.55, 1.55, 1.55, 1.55, 1.82, 2.02, 2.12, 2.15, 2.15, 2.15, 1.99, 1.77, 1.55, 1.55, 1.55, 1.55, 1.55, 1.55, 1.55]

Complementary Slackness per Finite Element
[-107.08, -106.63, -106.47, -106.35, -106.26, -106.19, -106.14, -106.14, -106.17, -106.2, -106.15, -106.13, -106.07, -105.95, -105.81, -105.81, -105.72, -105.66, -105.53, -105.44, -105.62, -105.69, -106.0, -106.24, -106.13, -105.49, -104.95, -104.39, -103.72, -102.99]

Feed Rates
[0.001, 0.0, 0.0, 0.0, 0.0, 0.0, 0.0, 0.0, 0.0, 0.0, 0.001, 0.001, 0.001, 0.001, 0.001, 0.001, 0.002, 0.002, 0.003, 0.003, 0.004, 0.006, 0.007, 0.008, 0.01, 0.012, 0.014, 0.017, 0.021, 0.025]

Growth Rates [h-1]
[0.116, 0.116, 0.116, 0.116, 0.116, 0.116, 0.116, 0.116, 0.116, 0.116, 0.116, 0.116, 0.116, 0.116, 0.116, 0.116, 0.116, 0.116, 0.116, 0.116, 0.116, 0.116, 0.116, 0.116, 0.116, 0.116, 0.116, 0.116, 0.116, 0.116]

Final Product Amount [mmol]
480.70569161175587

Final Biomass Amount [g]
26.799880149872433

Process End
58.0
#-------------------------