#-------------------------
Termination Status
LOCALLY_INFEASIBLE

Time Elapsed
21.799832308

Objective Value
394.7564662917642

Normalized Complementary Slackness
-20.994322161905057

Finite Elements
[2.34, 1.79, 1.63, 1.63, 1.63, 1.63, 1.63, 1.63, 1.63, 1.8, 2.07, 1.64, 1.64, 1.65, 1.72, 1.63, 1.84, 2.44, 2.44, 2.21, 2.44, 2.44, 2.44, 2.44, 2.44, 2.44, 2.44, 2.44, 2.44, 2.44]

Complementary Slackness per Finite Element
[-21.52, -20.79, -20.55, -21.18, -20.34, -19.82, -19.49, -19.38, -19.24, -19.13, -19.01, -19.37, -20.38, -20.65, -19.9, -21.97, -21.18, -20.44, -21.79, -21.99, -22.05, -22.07, -21.99, -21.89, -21.99, -21.75, -21.99, -22.19, -22.25, -23.55]

Feed Rates
[0.001, 0.001, 0.001, 0.001, 0.001, 0.001, 0.001, 0.001, 0.001, 0.001, 0.002, 0.002, 0.002, 0.002, 0.002, 0.003, 0.003, 0.003, 0.004, 0.004, 0.005, 0.006, 0.007, 0.008, 0.009, 0.01, 0.012, 0.014, 0.016, 0.019]

Growth Rates [h-1]
[0.061, 0.061, 0.061, 0.061, 0.061, 0.061, 0.061, 0.061, 0.061, 0.061, 0.061, 0.061, 0.061, 0.061, 0.061, 0.061, 0.061, 0.061, 0.061, 0.061, 0.061, 0.061, 0.061, 0.061, 0.061, 0.061, 0.061, 0.061, 0.061, 0.061]

Final Product Amount [mmol]
403.9974741343663

Final Biomass Amount [g]
28.55060347169989

Process End
61.0
#-------------------------