#-------------------------
Termination Status
LOCALLY_SOLVED

Time Elapsed
654.949344769

Objective Value
90.05719210949056

Normalized Complementary Slackness
-24.76992326412353

Finite Elements
[0.52, 0.52, 0.52, 0.52, 0.52, 0.43, 0.52, 0.35, 0.36, 0.35, 0.35, 0.35, 0.35, 0.35, 0.35, 0.35, 0.35, 0.35, 0.35, 0.35, 0.35, 0.41, 0.52, 0.52, 0.52, 0.52, 0.52, 0.52, 0.52, 0.52]

Complementary Slackness per Finite Element
[-30.29, -30.13, -30.07, -30.07, -30.07, -30.07, -30.05, -29.35, -29.41, -29.3, -29.31, -29.31, -29.31, -29.32, -29.31, -29.31, -29.31, -27.92, -27.93, -27.93, -27.92, -30.5, -12.11, -12.11, -12.11, -12.11, -12.11, -12.11, -12.11, -12.11]

Feed Rates
[0.001, 0.001, 0.001, 0.001, 0.002, 0.002, 0.002, 0.002, 0.002, 0.002, 0.003, 0.003, 0.003, 0.003, 0.003, 0.004, 0.004, 0.004, 0.004, 0.005, 0.005, 0.005, 0.004, 0.004, 0.005, 0.005, 0.005, 0.006, 0.006, 0.006]

Growth Rates [h-1]
[0.189, 0.189, 0.189, 0.189, 0.189, 0.189, 0.189, 0.189, 0.189, 0.189, 0.189, 0.189, 0.189, 0.189, 0.189, 0.189, 0.189, 0.189, 0.189, 0.189, 0.189, 0.18, 0.116, 0.116, 0.116, 0.116, 0.116, 0.116, 0.116, 0.116]

Final Product Amount [mmol]
89.65277455436659

Final Biomass Amount [g]
6.1074538084662695

Process End
13.0
#-------------------------