#-------------------------
Termination Status
LOCALLY_INFEASIBLE

Time Elapsed
15.780480757

Objective Value
14.805045509735812

Normalized Complementary Slackness
-17.216278339381333

Finite Elements
[2.44, 2.43, 2.43, 2.43, 2.42, 2.34, 2.18, 1.96, 1.68, 1.63, 1.63, 1.63, 1.63, 1.63, 1.63, 1.63, 1.63, 1.63, 1.63, 1.63, 1.63, 1.63, 2.44, 2.44, 2.44, 2.44, 2.44, 2.44, 2.44, 2.44]

Complementary Slackness per Finite Element
[-16.78, -15.58, -15.64, -15.66, -15.69, -15.71, -15.72, -15.72, -15.7, -15.68, -15.64, -15.6, -15.62, -15.61, -15.69, -15.65, -15.63, -15.65, -15.67, -15.77, -15.84, -15.93, -18.87, -34.62, -19.74, -19.68, -19.69, -19.57, -19.17, -18.98]

Feed Rates
[0.001, 0.0, 0.0, 0.0, 0.0, 0.0, 0.0, 0.0, 0.0, 0.0, 0.0, 0.0, 0.0, 0.0, 0.0, 0.0, 0.0, 0.001, 0.001, 0.001, 0.001, 0.001, 0.002, 0.003, 0.004, 0.005, 0.008, 0.012, 0.017, 0.024]

Growth Rates [h-1]
[0.153, 0.153, 0.153, 0.153, 0.153, 0.153, 0.153, 0.153, 0.153, 0.153, 0.153, 0.153, 0.153, 0.153, 0.153, 0.153, 0.153, 0.153, 0.153, 0.153, 0.153, 0.153, 0.153, 0.153, 0.153, 0.153, 0.153, 0.153, 0.153, 0.153]

Final Product Amount [mmol]
179.90795375468085

Final Biomass Amount [g]
25.558522515621608

Process End
61.0
#-------------------------