#-------------------------
Termination Status
LOCALLY_SOLVED

Time Elapsed
111.952364625

Objective Value
521.978640322549

Normalized Complementary Slackness
-15.076911255241926

Finite Elements
[1.0, 1.0, 1.0, 1.0, 1.0, 1.0, 1.0, 1.0, 1.0, 1.0, 1.0, 1.0, 1.0, 1.0, 1.0, 0.67, 0.67, 0.67, 0.67, 0.67, 0.67, 0.67, 0.67, 0.67, 0.67, 0.67, 0.67, 0.67, 0.67, 0.67]

Complementary Slackness per Finite Element
[-16.95, -16.95, -16.95, -16.95, -16.95, -16.95, -16.95, -16.95, -16.95, -16.95, -16.95, -16.95, -16.95, -14.84, -9.7, -9.7, -9.7, -9.7, -12.0, -15.12, -15.12, -15.12, -15.12, -15.12, -15.12, -15.12, -15.12, -15.12, -15.12, -15.12]

Feed Rates
[0.001, 0.001, 0.002, 0.002, 0.002, 0.003, 0.003, 0.004, 0.005, 0.006, 0.007, 0.009, 0.011, 0.011, 0.008, 0.009, 0.01, 0.01, 0.011, 0.011, 0.012, 0.012, 0.013, 0.014, 0.015, 0.015, 0.016, 0.017, 0.018, 0.019]

Growth Rates [h-1]
[0.189, 0.189, 0.189, 0.189, 0.189, 0.189, 0.189, 0.189, 0.189, 0.189, 0.189, 0.189, 0.189, 0.157, 0.079, 0.079, 0.079, 0.079, 0.079, 0.079, 0.079, 0.079, 0.079, 0.079, 0.079, 0.079, 0.079, 0.079, 0.079, 0.079]

Final Product Amount [mmol]
518.918876273476

Final Biomass Amount [g]
23.230948141237658

Process End
25.0
#-------------------------