#-------------------------
Termination Status
LOCALLY_INFEASIBLE

Time Elapsed
14.68291752

Objective Value
368.7290740684315

Normalized Complementary Slackness
-78.11866803688622

Finite Elements
[2.44, 2.44, 2.44, 2.44, 2.44, 2.44, 2.44, 2.44, 2.44, 2.44, 2.44, 2.44, 2.44, 2.43, 2.42, 1.66, 1.63, 1.63, 1.63, 1.63, 1.63, 1.63, 1.63, 1.63, 1.63, 1.63, 1.63, 1.63, 1.63, 1.63]

Complementary Slackness per Finite Element
[-80.48, -78.14, -78.01, -77.99, -77.99, -78.02, -78.05, -78.05, -78.02, -77.98, -77.94, -77.94, -77.92, -77.87, -77.68, -77.81, -77.97, -78.05, -78.3, -78.24, -78.23, -78.23, -78.32, -78.26, -78.48, -78.64, -78.79, -78.89, -79.03, -74.24]

Feed Rates
[0.001, 0.0, 0.0, 0.0, 0.0, 0.0, 0.0, 0.0, 0.0, 0.0, 0.001, 0.001, 0.001, 0.001, 0.002, 0.002, 0.002, 0.003, 0.003, 0.004, 0.004, 0.005, 0.006, 0.007, 0.008, 0.01, 0.012, 0.014, 0.016, 0.019]

Growth Rates [h-1]
[0.097, 0.097, 0.097, 0.097, 0.097, 0.097, 0.097, 0.097, 0.097, 0.097, 0.097, 0.097, 0.097, 0.097, 0.097, 0.097, 0.097, 0.097, 0.097, 0.097, 0.097, 0.097, 0.097, 0.097, 0.097, 0.097, 0.097, 0.097, 0.097, 0.097]

Final Product Amount [mmol]
437.7146534376931

Final Biomass Amount [g]
22.03980781695375

Process End
61.0
#-------------------------