#-------------------------
Termination Status
LOCALLY_INFEASIBLE

Time Elapsed
14.142229277

Objective Value
215.74211819148286

Normalized Complementary Slackness
-15.274239032906047

Finite Elements
[1.07, 1.6, 1.6, 1.6, 1.6, 1.6, 1.6, 1.6, 1.6, 1.6, 1.6, 1.6, 1.6, 1.6, 1.6, 1.6, 1.07, 1.07, 1.07, 1.07, 1.07, 1.07, 1.07, 1.07, 1.07, 1.07, 1.07, 1.07, 1.07, 1.07]

Complementary Slackness per Finite Element
[-15.27, -15.27, -15.27, -15.27, -15.27, -15.27, -15.27, -15.27, -15.27, -15.27, -15.27, -15.27, -15.27, -15.27, -15.27, -15.27, -15.27, -15.27, -15.27, -15.27, -15.27, -15.27, -15.27, -15.27, -15.27, -15.27, -15.27, -15.27, -15.27, -15.27]

Feed Rates
[0.001, 0.0, 0.0, 0.0, 0.0, 0.0, 0.0, 0.0, 0.0, 0.0, 0.0, 0.001, 0.001, 0.001, 0.002, 0.002, 0.003, 0.004, 0.004, 0.005, 0.006, 0.008, 0.01, 0.012, 0.014, 0.018, 0.022, 0.027, 0.032, 0.04]

Growth Rates [h-1]
[0.189, 0.189, 0.189, 0.189, 0.189, 0.189, 0.189, 0.189, 0.189, 0.189, 0.189, 0.189, 0.189, 0.189, 0.189, 0.189, 0.189, 0.189, 0.189, 0.189, 0.189, 0.189, 0.189, 0.189, 0.189, 0.189, 0.189, 0.189, 0.189, 0.189]

Final Product Amount [mmol]
226.8846560824469

Final Biomass Amount [g]
31.041577789334678

Process End
40.0
#-------------------------