#-------------------------
Termination Status
LOCALLY_SOLVED

Time Elapsed
101.877123516

Objective Value
609.3147416034158

Normalized Complementary Slackness
-15.63269809890208

Finite Elements
[1.0, 1.0, 1.0, 1.0, 1.0, 1.0, 1.0, 1.0, 1.0, 1.0, 1.0, 1.0, 1.0, 1.0, 1.0, 0.67, 0.67, 0.67, 0.67, 0.67, 0.67, 0.67, 0.67, 0.67, 0.67, 0.67, 0.67, 0.67, 0.67, 0.67]

Complementary Slackness per Finite Element
[-16.95, -16.95, -16.95, -16.95, -16.95, -16.95, -16.95, -16.95, -16.95, -16.95, -16.95, -16.95, -16.95, -16.95, -16.95, -16.95, -16.95, -16.95, -16.95, -10.65, -6.06, -6.06, -8.34, -16.55, -16.55, -16.55, -16.55, -16.55, -16.55, -16.55]

Feed Rates
[0.001, 0.001, 0.002, 0.002, 0.002, 0.003, 0.003, 0.004, 0.005, 0.006, 0.007, 0.009, 0.011, 0.013, 0.016, 0.019, 0.021, 0.024, 0.028, 0.019, 0.011, 0.011, 0.012, 0.012, 0.012, 0.012, 0.012, 0.013, 0.013, 0.013]

Growth Rates [h-1]
[0.189, 0.189, 0.189, 0.189, 0.189, 0.189, 0.189, 0.189, 0.189, 0.189, 0.189, 0.189, 0.189, 0.189, 0.189, 0.189, 0.189, 0.189, 0.189, 0.094, 0.024, 0.024, 0.024, 0.024, 0.024, 0.024, 0.024, 0.024, 0.024, 0.024]

Final Product Amount [mmol]
605.4108614387028

Final Biomass Amount [g]
25.13628564112622

Process End
25.0
#-------------------------