#-------------------------
Termination Status
LOCALLY_INFEASIBLE

Time Elapsed
45.506729752

Objective Value
40.794530858551425

Normalized Complementary Slackness
-19.883083057445727

Finite Elements
[1.96, 1.96, 1.96, 1.96, 1.96, 1.96, 1.96, 1.96, 1.96, 1.96, 1.96, 1.96, 1.96, 1.96, 1.9, 1.36, 1.31, 1.31, 1.31, 1.31, 1.31, 1.31, 1.31, 1.31, 1.31, 1.31, 1.31, 1.31, 1.31, 1.31]

Complementary Slackness per Finite Element
[-22.34, -22.97, -22.04, -21.05, -20.85, -21.37, -21.37, -13.54, -13.66, -15.46, -19.53, -19.97, -19.89, -19.8, -20.12, -19.73, -20.95, -22.32, -21.86, -19.79, -19.01, -19.82, -19.92, -19.9, -19.79, -19.9, -20.06, -20.03, -19.7, -19.73]

Feed Rates
[0.001, 0.0, 0.0, 0.0, 0.0, 0.0, 0.001, 0.001, 0.001, 0.001, 0.001, 0.002, 0.002, 0.002, 0.003, 0.003, 0.004, 0.004, 0.005, 0.005, 0.006, 0.007, 0.008, 0.009, 0.01, 0.012, 0.013, 0.015, 0.017, 0.019]

Growth Rates [h-1]
[0.097, 0.097, 0.097, 0.097, 0.097, 0.097, 0.097, 0.097, 0.097, 0.097, 0.097, 0.097, 0.097, 0.097, 0.097, 0.097, 0.097, 0.097, 0.097, 0.097, 0.097, 0.097, 0.097, 0.097, 0.097, 0.097, 0.097, 0.097, 0.097, 0.097]

Final Product Amount [mmol]
261.5376533639609

Final Biomass Amount [g]
22.209857227836537

Process End
49.0
#-------------------------