#-------------------------
Termination Status
LOCALLY_INFEASIBLE

Time Elapsed
17.685468149

Objective Value
268.947855499949

Normalized Complementary Slackness
-23.745027943984706

Finite Elements
[2.32, 2.32, 2.15, 1.89, 1.85, 1.81, 1.76, 2.31, 1.62, 1.56, 1.55, 1.55, 1.55, 1.55, 1.55, 1.55, 1.55, 1.55, 1.55, 1.55, 2.04, 2.32, 2.32, 2.32, 2.32, 2.32, 2.32, 2.32, 2.32, 2.32]

Complementary Slackness per Finite Element
[-23.49, -23.5, -23.51, -23.52, -23.66, -23.69, -23.7, -23.67, -23.75, -23.84, -23.87, -23.88, -23.93, -23.99, -23.99, -23.97, -23.92, -23.89, -23.87, -23.86, -23.84, -23.8, -23.76, -23.71, -23.64, -23.62, -23.62, -23.64, -23.62, -23.6]

Feed Rates
[0.001, 0.0, 0.0, 0.0, 0.0, 0.0, 0.0, 0.0, 0.0, 0.0, 0.0, 0.0, 0.0, 0.0, 0.0, 0.0, 0.0, 0.0, 0.0, 0.001, 0.001, 0.001, 0.002, 0.002, 0.004, 0.005, 0.008, 0.012, 0.018, 0.027]

Growth Rates [h-1]
[0.171, 0.171, 0.171, 0.171, 0.171, 0.171, 0.171, 0.171, 0.171, 0.171, 0.171, 0.171, 0.171, 0.171, 0.171, 0.171, 0.171, 0.171, 0.171, 0.171, 0.171, 0.171, 0.171, 0.171, 0.171, 0.171, 0.171, 0.171, 0.171, 0.171]

Final Product Amount [mmol]
289.53893331773133

Final Biomass Amount [g]
26.378667684842494

Process End
58.0
#-------------------------