#-------------------------
Termination Status
LOCALLY_SOLVED

Time Elapsed
123.053720876

Objective Value
117.51052011888997

Normalized Complementary Slackness
-14.8530563224714

Finite Elements
[0.7, 0.7, 0.7, 0.7, 0.7, 0.7, 0.7, 0.7, 0.7, 0.7, 0.7, 0.7, 0.7, 0.7, 0.7, 0.47, 0.47, 0.47, 0.47, 0.47, 0.47, 0.47, 0.47, 0.47, 0.47, 0.47, 0.47, 0.47, 0.47, 0.47]

Complementary Slackness per Finite Element
[-16.95, -16.95, -16.95, -16.95, -16.95, -16.95, -16.95, -16.95, -16.95, -16.95, -16.95, -16.95, -16.95, -16.95, -16.95, -16.95, -16.95, -12.11, -12.11, -12.11, -12.11, -12.11, -12.11, -12.11, -12.11, -12.11, -12.11, -12.11, -12.11, -12.11]

Feed Rates
[0.001, 0.001, 0.001, 0.002, 0.002, 0.002, 0.002, 0.003, 0.003, 0.004, 0.004, 0.005, 0.005, 0.006, 0.007, 0.008, 0.009, 0.007, 0.007, 0.007, 0.008, 0.008, 0.009, 0.009, 0.01, 0.01, 0.011, 0.012, 0.012, 0.013]

Growth Rates [h-1]
[0.189, 0.189, 0.189, 0.189, 0.189, 0.189, 0.189, 0.189, 0.189, 0.189, 0.189, 0.189, 0.189, 0.189, 0.189, 0.189, 0.189, 0.116, 0.116, 0.116, 0.116, 0.116, 0.116, 0.116, 0.116, 0.116, 0.116, 0.116, 0.116, 0.116]

Final Product Amount [mmol]
220.50137844428565

Final Biomass Amount [g]
12.495421334770972

Process End
17.5
#-------------------------