#-------------------------
Termination Status
LOCALLY_SOLVED

Time Elapsed
21.521559856

Objective Value
251.50787347782065

Normalized Complementary Slackness
-15.336690117900867

Finite Elements
[0.88, 0.88, 0.88, 0.88, 0.88, 0.88, 0.88, 0.88, 0.88, 0.88, 0.88, 0.88, 0.88, 0.88, 0.6, 0.59, 0.59, 0.59, 0.59, 0.59, 0.59, 0.59, 0.87, 0.59, 0.59, 0.59, 0.59, 0.59, 0.59, 0.59]

Complementary Slackness per Finite Element
[-16.95, -16.95, -16.95, -16.95, -16.95, -16.95, -16.95, -16.95, -16.95, -16.95, -16.95, -16.95, -16.95, -16.95, -16.95, -16.95, -16.95, -16.95, -16.95, -16.95, -16.95, -16.95, -10.9, -10.9, -10.9, -10.9, -10.9, -10.9, -10.9, -10.9]

Feed Rates
[0.001, 0.001, 0.002, 0.002, 0.002, 0.003, 0.003, 0.004, 0.004, 0.005, 0.006, 0.007, 0.008, 0.01, 0.011, 0.013, 0.014, 0.016, 0.018, 0.02, 0.022, 0.025, 0.017, 0.019, 0.02, 0.021, 0.022, 0.024, 0.025, 0.027]

Growth Rates [h-1]
[0.189, 0.189, 0.189, 0.189, 0.189, 0.189, 0.189, 0.189, 0.189, 0.189, 0.189, 0.189, 0.189, 0.189, 0.189, 0.189, 0.189, 0.189, 0.189, 0.189, 0.189, 0.189, 0.097, 0.097, 0.097, 0.097, 0.097, 0.097, 0.097, 0.097]

Final Product Amount [mmol]
559.0089003987349

Final Biomass Amount [g]
28.983496557685427

Process End
22.0
#-------------------------