#-------------------------
Termination Status
LOCALLY_SOLVED

Time Elapsed
84.107257196

Objective Value
249.47355023737214

Normalized Complementary Slackness
-15.341648681603711

Finite Elements
[0.94, 0.94, 0.94, 0.94, 0.94, 0.94, 0.94, 0.94, 0.94, 0.94, 0.94, 0.94, 0.94, 0.94, 0.94, 0.63, 0.63, 0.63, 0.63, 0.63, 0.63, 0.63, 0.63, 0.63, 0.63, 0.63, 0.63, 0.63, 0.63, 0.63]

Complementary Slackness per Finite Element
[-16.95, -16.95, -16.95, -16.95, -16.95, -16.95, -16.95, -16.95, -16.95, -16.95, -16.95, -16.95, -16.95, -16.95, -16.95, -16.95, -16.95, -16.95, -16.95, -16.95, -9.2, -8.48, -8.48, -8.48, -8.66, -15.59, -15.59, -15.59, -15.59, -15.59]

Feed Rates
[0.001, 0.001, 0.002, 0.002, 0.002, 0.003, 0.003, 0.004, 0.005, 0.006, 0.007, 0.008, 0.009, 0.011, 0.013, 0.016, 0.018, 0.02, 0.023, 0.026, 0.015, 0.015, 0.015, 0.016, 0.016, 0.017, 0.018, 0.018, 0.019, 0.02]

Growth Rates [h-1]
[0.189, 0.189, 0.189, 0.189, 0.189, 0.189, 0.189, 0.189, 0.189, 0.189, 0.189, 0.189, 0.189, 0.189, 0.189, 0.189, 0.189, 0.189, 0.189, 0.189, 0.071, 0.061, 0.061, 0.061, 0.061, 0.061, 0.061, 0.061, 0.061, 0.061]

Final Product Amount [mmol]
583.1528374321903

Final Biomass Amount [g]
27.325874626911556

Process End
23.5
#-------------------------