#-------------------------
Termination Status
ALMOST_LOCALLY_SOLVED

Time Elapsed
488.885052463

Objective Value
109.46025154668958

Normalized Complementary Slackness
-18.65455206177672

Finite Elements
[0.58, 0.58, 0.58, 0.58, 0.49, 0.4, 0.39, 0.39, 0.39, 0.39, 0.39, 0.39, 0.39, 0.39, 0.39, 0.39, 0.39, 0.39, 0.39, 0.46, 0.58, 0.58, 0.58, 0.58, 0.58, 0.58, 0.58, 0.58, 0.58, 0.57]

Complementary Slackness per Finite Element
[-20.7, -20.7, -20.7, -20.7, -20.7, -20.7, -20.7, -20.7, -20.7, -20.7, -20.7, -20.7, -20.7, -20.7, -20.69, -20.67, -20.68, -20.69, -20.69, -19.98, -15.65, -14.53, -14.53, -14.53, -14.53, -14.53, -14.53, -14.53, -14.53, -14.53]

Feed Rates
[0.001, 0.001, 0.001, 0.002, 0.002, 0.002, 0.002, 0.002, 0.002, 0.002, 0.003, 0.003, 0.003, 0.003, 0.004, 0.004, 0.004, 0.004, 0.005, 0.005, 0.005, 0.005, 0.006, 0.006, 0.007, 0.007, 0.008, 0.009, 0.01, 0.011]

Growth Rates [h-1]
[0.189, 0.189, 0.189, 0.189, 0.189, 0.189, 0.189, 0.189, 0.189, 0.189, 0.189, 0.189, 0.189, 0.189, 0.189, 0.189, 0.189, 0.189, 0.189, 0.164, 0.153, 0.153, 0.153, 0.153, 0.153, 0.153, 0.153, 0.153, 0.153, 0.153]

Final Product Amount [mmol]
102.60103456552967

Final Biomass Amount [g]
8.83455770094016

Process End
14.5
#-------------------------