#-------------------------
Termination Status
LOCALLY_INFEASIBLE

Time Elapsed
15.474193145

Objective Value
340.4375087343233

Normalized Complementary Slackness
-18.698156274902953

Finite Elements
[2.44, 2.44, 2.44, 2.44, 2.44, 2.44, 2.44, 2.44, 2.44, 2.44, 2.27, 1.83, 1.63, 1.63, 1.63, 1.63, 1.63, 1.63, 1.63, 1.63, 1.65, 1.63, 1.64, 2.29, 2.34, 2.34, 2.28, 2.04, 1.63, 1.63]

Complementary Slackness per Finite Element
[-20.49, -19.35, -18.61, -17.91, -17.53, -17.47, -17.75, -18.36, -16.99, -17.59, -18.12, -18.54, -18.84, -19.08, -19.19, -19.23, -19.3, -19.27, -19.16, -18.92, -19.1, -18.3, -18.95, -19.03, -18.99, -18.98, -18.93, -18.97, -19.09, -18.89]

Feed Rates
[0.001, 0.0, 0.0, 0.0, 0.0, 0.0, 0.0, 0.0, 0.0, 0.0, 0.0, 0.001, 0.001, 0.001, 0.001, 0.001, 0.001, 0.002, 0.002, 0.003, 0.003, 0.004, 0.005, 0.006, 0.007, 0.01, 0.012, 0.016, 0.02, 0.025]

Growth Rates [h-1]
[0.116, 0.116, 0.116, 0.116, 0.116, 0.116, 0.116, 0.116, 0.116, 0.116, 0.116, 0.116, 0.116, 0.116, 0.116, 0.116, 0.116, 0.116, 0.116, 0.116, 0.116, 0.116, 0.116, 0.116, 0.116, 0.116, 0.116, 0.116, 0.116, 0.116]

Final Product Amount [mmol]
352.971022377864

Final Biomass Amount [g]
26.78114894288178

Process End
61.0
#-------------------------