#-------------------------
Termination Status
LOCALLY_INFEASIBLE

Time Elapsed
18.4555848

Objective Value
349.9527157934607

Normalized Complementary Slackness
-23.514121729897067

Finite Elements
[0.83, 0.83, 0.83, 0.83, 0.99, 0.83, 0.83, 0.86, 0.83, 0.88, 0.83, 0.84, 0.84, 0.85, 0.91, 1.2, 1.21, 1.15, 1.22, 1.19, 1.23, 1.21, 1.23, 1.23, 1.23, 1.24, 1.24, 1.24, 1.24, 1.14]

Complementary Slackness per Finite Element
[-23.18, -22.84, -22.83, -22.83, -22.85, -22.86, -22.87, -22.87, -22.85, -23.04, -23.07, -24.07, -23.5, -23.54, -23.64, -23.79, -23.87, -23.87, -25.27, -23.78, -23.4, -23.68, -23.3, -24.0, -23.62, -23.74, -24.07, -23.93, -24.16, -24.11]

Feed Rates
[0.001, 0.001, 0.001, 0.001, 0.002, 0.002, 0.002, 0.002, 0.003, 0.003, 0.003, 0.004, 0.004, 0.005, 0.006, 0.007, 0.008, 0.01, 0.012, 0.014, 0.017, 0.02, 0.024, 0.029, 0.035, 0.042, 0.051, 0.062, 0.075, 0.09]

Growth Rates [h-1]
[0.153, 0.153, 0.153, 0.153, 0.153, 0.153, 0.153, 0.153, 0.153, 0.153, 0.153, 0.153, 0.153, 0.153, 0.153, 0.153, 0.153, 0.153, 0.153, 0.153, 0.153, 0.153, 0.153, 0.153, 0.153, 0.153, 0.153, 0.153, 0.153, 0.153]

Final Product Amount [mmol]
1092.0503807077678

Final Biomass Amount [g]
80.45794094518895

Process End
31.0
#-------------------------