#-------------------------
Termination Status
LOCALLY_INFEASIBLE

Time Elapsed
19.925571638

Objective Value
362.7138389264049

Normalized Complementary Slackness
-18.30657529363101

Finite Elements
[1.15, 1.72, 1.72, 1.72, 1.72, 1.72, 1.72, 1.72, 1.71, 1.57, 1.15, 1.17, 1.15, 1.19, 1.15, 1.16, 1.15, 1.15, 1.28, 1.33, 1.15, 1.51, 1.17, 1.17, 1.27, 1.51, 1.72, 1.72, 1.72, 1.72]

Complementary Slackness per Finite Element
[-19.22, -17.86, -17.93, -17.64, -17.8, -17.56, -17.92, -17.79, -17.94, -18.06, -17.53, -17.96, -17.99, -18.3, -18.26, -18.49, -18.55, -18.61, -18.74, -18.89, -18.68, -19.01, -18.81, -18.82, -18.73, -18.67, -18.57, -18.51, -18.18, -18.2]

Feed Rates
[0.001, 0.0, 0.0, 0.0, 0.0, 0.0, 0.0, 0.001, 0.001, 0.001, 0.001, 0.001, 0.001, 0.002, 0.002, 0.002, 0.002, 0.003, 0.003, 0.004, 0.005, 0.006, 0.007, 0.008, 0.009, 0.011, 0.014, 0.017, 0.022, 0.028]

Growth Rates [h-1]
[0.134, 0.134, 0.134, 0.134, 0.134, 0.134, 0.134, 0.134, 0.134, 0.134, 0.134, 0.134, 0.134, 0.134, 0.134, 0.134, 0.134, 0.134, 0.134, 0.134, 0.134, 0.134, 0.134, 0.134, 0.134, 0.134, 0.134, 0.134, 0.134, 0.134]

Final Product Amount [mmol]
374.35347126541404

Final Biomass Amount [g]
28.258030951261393

Process End
43.0
#-------------------------