#-------------------------
Termination Status
LOCALLY_INFEASIBLE

Time Elapsed
15.138184052

Objective Value
66.99537845552405

Normalized Complementary Slackness
-134.04531851783196

Finite Elements
[2.08, 2.08, 2.08, 2.08, 2.08, 2.08, 2.04, 1.97, 1.86, 1.71, 1.53, 1.4, 1.39, 1.39, 1.39, 1.39, 1.39, 1.39, 1.39, 1.39, 1.39, 1.63, 1.91, 1.96, 2.0, 2.02, 2.02, 1.97, 1.64, 1.39]

Complementary Slackness per Finite Element
[-133.65, -133.81, -133.93, -134.01, -134.01, -134.0, -133.97, -133.94, -133.89, -133.83, -133.73, -134.09, -134.12, -134.1, -134.07, -134.06, -134.05, -134.05, -134.09, -134.1, -134.12, -134.13, -134.15, -134.17, -134.18, -134.19, -134.12, -134.2, -134.26, -134.33]

Feed Rates
[0.001, 0.0, 0.0, 0.0, 0.0, 0.0, 0.0, 0.0, 0.0, 0.0, 0.0, 0.0, 0.0, 0.0, 0.0, 0.0, 0.001, 0.001, 0.001, 0.001, 0.001, 0.002, 0.003, 0.004, 0.005, 0.008, 0.012, 0.017, 0.024, 0.033]

Growth Rates [h-1]
[0.189, 0.189, 0.189, 0.189, 0.189, 0.189, 0.189, 0.189, 0.189, 0.189, 0.189, 0.189, 0.189, 0.189, 0.189, 0.189, 0.189, 0.189, 0.189, 0.189, 0.189, 0.189, 0.189, 0.189, 0.189, 0.189, 0.189, 0.189, 0.189, 0.189]

Final Product Amount [mmol]
198.5156671231202

Final Biomass Amount [g]
27.094351556865835

Process End
52.0
#-------------------------