#-------------------------
Termination Status
LOCALLY_SOLVED

Time Elapsed
47.980654304

Objective Value
592.3686041748076

Normalized Complementary Slackness
-15.683920864267963

Finite Elements
[0.94, 0.94, 0.94, 0.94, 0.94, 0.94, 0.94, 0.94, 0.94, 0.94, 0.94, 0.94, 0.94, 0.94, 0.94, 0.63, 0.63, 0.63, 0.63, 0.63, 0.63, 0.63, 0.63, 0.63, 0.63, 0.63, 0.63, 0.63, 0.63, 0.63]

Complementary Slackness per Finite Element
[-16.95, -16.95, -16.95, -16.95, -16.95, -16.95, -16.95, -16.95, -16.95, -16.95, -16.95, -16.95, -16.95, -16.95, -16.95, -16.95, -16.95, -16.95, -16.95, -16.95, -16.95, -16.95, -13.37, -5.31, -5.31, -7.32, -15.12, -17.03, -17.03, -17.03]

Feed Rates
[0.001, 0.001, 0.002, 0.002, 0.002, 0.003, 0.003, 0.004, 0.005, 0.006, 0.007, 0.008, 0.009, 0.011, 0.013, 0.016, 0.018, 0.02, 0.023, 0.026, 0.029, 0.032, 0.028, 0.012, 0.012, 0.011, 0.011, 0.011, 0.011, 0.011]

Growth Rates [h-1]
[0.189, 0.189, 0.189, 0.189, 0.189, 0.189, 0.189, 0.189, 0.189, 0.189, 0.189, 0.189, 0.189, 0.189, 0.189, 0.189, 0.189, 0.189, 0.189, 0.189, 0.189, 0.189, 0.135, 0.012, 0.012, 0.005, 0.005, 0.005, 0.005, 0.005]

Final Product Amount [mmol]
591.9721530775943

Final Biomass Amount [g]
26.45829133728969

Process End
23.5
#-------------------------