#-------------------------
Termination Status
LOCALLY_INFEASIBLE

Time Elapsed
15.683719563

Objective Value
506.34505666945773

Normalized Complementary Slackness
-57.2947564841382

Finite Elements
[2.08, 2.08, 2.08, 2.08, 2.08, 2.08, 2.08, 2.08, 2.08, 2.08, 2.08, 2.08, 2.08, 2.08, 2.03, 1.43, 1.4, 1.39, 1.39, 1.39, 1.39, 1.39, 1.39, 1.39, 1.39, 1.39, 1.39, 1.39, 1.39, 1.39]

Complementary Slackness per Finite Element
[-59.76, -57.62, -57.48, -57.46, -57.46, -57.52, -57.35, -57.14, -57.15, -56.99, -56.95, -56.85, -56.79, -56.76, -56.76, -56.76, -56.77, -56.81, -56.86, -56.93, -57.0, -57.18, -58.54, -59.65, -59.37, -58.99, -58.08, -57.09, -54.49, -54.29]

Feed Rates
[0.001, 0.0, 0.0, 0.0, 0.0, 0.0, 0.0, 0.0, 0.0, 0.001, 0.001, 0.001, 0.001, 0.002, 0.002, 0.003, 0.003, 0.004, 0.004, 0.005, 0.006, 0.007, 0.008, 0.01, 0.011, 0.013, 0.016, 0.018, 0.021, 0.025]

Growth Rates [h-1]
[0.116, 0.116, 0.116, 0.116, 0.116, 0.116, 0.116, 0.116, 0.116, 0.116, 0.116, 0.116, 0.116, 0.116, 0.116, 0.116, 0.116, 0.116, 0.116, 0.116, 0.116, 0.116, 0.116, 0.116, 0.116, 0.116, 0.116, 0.116, 0.116, 0.116]

Final Product Amount [mmol]
552.4257740822171

Final Biomass Amount [g]
26.85245134349751

Process End
52.0
#-------------------------