#-------------------------
Termination Status
ALMOST_LOCALLY_SOLVED

Time Elapsed
554.258772207

Objective Value
26.8192820993917

Normalized Complementary Slackness
-11.739530425658637

Finite Elements
[0.4, 0.4, 0.4, 0.4, 0.4, 0.4, 0.4, 0.4, 0.4, 0.4, 0.4, 0.4, 0.4, 0.4, 0.4, 0.27, 0.27, 0.27, 0.27, 0.27, 0.27, 0.27, 0.27, 0.27, 0.27, 0.27, 0.27, 0.27, 0.27, 0.27]

Complementary Slackness per Finite Element
[-11.74, -11.74, -11.74, -11.74, -11.74, -11.74, -11.74, -11.74, -11.76, -11.74, -11.74, -11.74, -11.74, -11.74, -11.74, -11.74, -11.74, -11.74, -11.74, -11.74, -11.74, -11.74, -11.74, -11.74, -11.74, -11.74, -11.74, -11.74, -11.74, -11.74]

Feed Rates
[0.001, 0.001, 0.001, 0.001, 0.001, 0.002, 0.002, 0.002, 0.002, 0.002, 0.002, 0.003, 0.003, 0.003, 0.003, 0.003, 0.004, 0.004, 0.004, 0.004, 0.004, 0.005, 0.005, 0.005, 0.005, 0.006, 0.006, 0.006, 0.007, 0.007]

Growth Rates [h-1]
[0.189, 0.189, 0.189, 0.189, 0.189, 0.189, 0.189, 0.189, 0.189, 0.189, 0.189, 0.189, 0.189, 0.189, 0.189, 0.189, 0.189, 0.189, 0.189, 0.189, 0.189, 0.189, 0.189, 0.189, 0.189, 0.189, 0.189, 0.189, 0.189, 0.189]

Final Product Amount [mmol]
29.206036355338103

Final Biomass Amount [g]
4.718566731605268

Process End
10.0
#-------------------------