#-------------------------
Termination Status
LOCALLY_INFEASIBLE

Time Elapsed
15.061280521

Objective Value
241.92492767686025

Normalized Complementary Slackness
-274.8014499528285

Finite Elements
[1.96, 1.96, 1.96, 1.96, 1.96, 1.96, 1.96, 1.96, 1.96, 1.96, 1.96, 1.96, 1.96, 1.93, 1.31, 1.31, 1.31, 1.31, 1.31, 1.31, 1.31, 1.31, 1.31, 1.31, 1.31, 1.31, 1.31, 1.31, 1.55, 1.75]

Complementary Slackness per Finite Element
[-275.65, -276.13, -275.96, -275.79, -275.74, -275.57, -275.51, -275.46, -275.39, -275.3, -275.2, -275.06, -274.9, -274.72, -274.95, -274.81, -274.66, -274.47, -274.26, -274.42, -273.76, -274.42, -274.42, -274.39, -274.33, -274.23, -274.1, -274.37, -273.31, -272.76]

Feed Rates
[0.001, 0.0, 0.0, 0.0, 0.0, 0.0, 0.0, 0.0, 0.001, 0.001, 0.001, 0.001, 0.001, 0.002, 0.002, 0.002, 0.003, 0.003, 0.004, 0.005, 0.005, 0.006, 0.007, 0.008, 0.01, 0.011, 0.013, 0.015, 0.018, 0.021]

Growth Rates [h-1]
[0.116, 0.116, 0.116, 0.116, 0.116, 0.116, 0.116, 0.116, 0.116, 0.116, 0.116, 0.116, 0.116, 0.116, 0.116, 0.116, 0.116, 0.116, 0.116, 0.116, 0.116, 0.116, 0.116, 0.116, 0.116, 0.116, 0.116, 0.116, 0.116, 0.116]

Final Product Amount [mmol]
507.9854763091823

Final Biomass Amount [g]
23.542297013488763

Process End
49.0
#-------------------------