#-------------------------
Termination Status
LOCALLY_INFEASIBLE

Time Elapsed
16.468924039

Objective Value
209.91643883035715

Normalized Complementary Slackness
-22.170147258842647

Finite Elements
[0.75, 1.12, 1.12, 1.12, 1.12, 1.12, 1.12, 1.12, 1.12, 1.12, 1.12, 1.12, 1.12, 1.12, 1.12, 1.11, 0.75, 0.75, 0.75, 0.75, 0.75, 0.75, 0.75, 0.75, 0.75, 0.75, 0.75, 0.75, 0.75, 0.75]

Complementary Slackness per Finite Element
[-21.83, -21.94, -21.98, -22.0, -22.01, -22.01, -21.98, -21.96, -21.98, -22.15, -22.15, -22.14, -22.14, -22.2, -22.2, -22.21, -22.18, -22.21, -22.23, -22.25, -22.27, -22.29, -22.31, -22.33, -22.31, -22.34, -22.35, -22.37, -22.38, -22.38]

Feed Rates
[0.001, 0.0, 0.0, 0.0, 0.001, 0.001, 0.001, 0.001, 0.001, 0.002, 0.002, 0.002, 0.003, 0.004, 0.004, 0.005, 0.007, 0.008, 0.009, 0.01, 0.012, 0.014, 0.016, 0.018, 0.021, 0.024, 0.028, 0.032, 0.037, 0.042]

Growth Rates [h-1]
[0.189, 0.189, 0.189, 0.189, 0.189, 0.189, 0.189, 0.189, 0.189, 0.189, 0.189, 0.189, 0.189, 0.189, 0.189, 0.189, 0.189, 0.189, 0.189, 0.189, 0.189, 0.189, 0.189, 0.189, 0.189, 0.189, 0.189, 0.189, 0.189, 0.189]

Final Product Amount [mmol]
226.66635704304556

Final Biomass Amount [g]
31.243533036416835

Process End
28.0
#-------------------------