#-------------------------
Termination Status
LOCALLY_INFEASIBLE

Time Elapsed
13.540370718

Objective Value
350.4933885174844

Normalized Complementary Slackness
-234.7246981617628

Finite Elements
[1.01, 1.0, 1.0, 1.0, 1.0, 1.0, 1.0, 1.0, 1.0, 1.0, 1.01, 1.01, 1.41, 1.02, 1.03, 1.45, 1.46, 1.46, 1.46, 1.46, 1.46, 1.46, 1.46, 1.46, 1.46, 1.39, 1.46, 1.46, 1.46, 1.15]

Complementary Slackness per Finite Element
[-235.96, -235.55, -235.29, -235.2, -235.24, -235.59, -236.02, -236.68, -237.13, -237.5, -238.26, -238.97, -241.28, -238.9, -239.19, -241.02, -238.46, -235.76, -233.4, -232.6, -231.6, -230.71, -230.39, -229.95, -229.46, -229.28, -230.67, -230.76, -230.86, -230.07]

Feed Rates
[0.001, 0.001, 0.001, 0.001, 0.001, 0.001, 0.001, 0.001, 0.002, 0.002, 0.002, 0.002, 0.002, 0.003, 0.003, 0.003, 0.004, 0.004, 0.005, 0.006, 0.006, 0.007, 0.009, 0.01, 0.011, 0.013, 0.015, 0.017, 0.02, 0.023]

Growth Rates [h-1]
[0.097, 0.097, 0.097, 0.097, 0.097, 0.097, 0.097, 0.097, 0.097, 0.097, 0.097, 0.097, 0.097, 0.097, 0.097, 0.097, 0.097, 0.097, 0.097, 0.097, 0.097, 0.097, 0.097, 0.097, 0.097, 0.097, 0.097, 0.097, 0.097, 0.097]

Final Product Amount [mmol]
574.1793602090977

Final Biomass Amount [g]
26.055941970947877

Process End
37.0
#-------------------------