#-------------------------
Termination Status
LOCALLY_INFEASIBLE

Time Elapsed
24.198901046

Objective Value
901.5615828837596

Normalized Complementary Slackness
-15.7543651230726

Finite Elements
[1.31, 1.31, 1.31, 1.32, 1.91, 1.91, 1.96, 1.96, 1.96, 1.96, 1.96, 1.96, 1.96, 1.33, 1.96, 1.36, 1.96, 1.96, 1.96, 1.96, 1.96, 1.31, 1.31, 1.31, 1.31, 1.31, 1.31, 1.31, 1.31, 1.31]

Complementary Slackness per Finite Element
[-15.95, -15.75, -15.82, -15.7, -15.85, -15.78, -15.79, -15.79, -15.79, -15.79, -15.79, -15.77, -19.48, -11.05, -16.05, -15.46, -15.81, -15.78, -15.79, -15.79, -15.8, -15.77, -15.79, -15.79, -15.79, -15.79, -15.79, -15.79, -15.79, -15.78]

Feed Rates
[0.001, 0.001, 0.001, 0.001, 0.001, 0.001, 0.001, 0.001, 0.002, 0.002, 0.002, 0.003, 0.003, 0.004, 0.004, 0.005, 0.005, 0.006, 0.007, 0.009, 0.01, 0.012, 0.013, 0.014, 0.016, 0.018, 0.02, 0.022, 0.024, 0.027]

Growth Rates [h-1]
[0.079, 0.079, 0.079, 0.079, 0.079, 0.079, 0.079, 0.079, 0.079, 0.079, 0.079, 0.079, 0.079, 0.079, 0.079, 0.079, 0.079, 0.079, 0.079, 0.079, 0.079, 0.079, 0.079, 0.079, 0.079, 0.079, 0.079, 0.079, 0.079, 0.079]

Final Product Amount [mmol]
892.1995594514854

Final Biomass Amount [g]
34.01591416504653

Process End
49.0
#-------------------------