#-------------------------
Termination Status
LOCALLY_INFEASIBLE

Time Elapsed
13.554427496

Objective Value
618.486175911942

Normalized Complementary Slackness
-15.816412816741522

Finite Elements
[2.56, 2.56, 2.56, 2.56, 2.56, 2.56, 2.56, 2.56, 2.56, 2.56, 2.56, 2.56, 2.56, 2.56, 2.52, 1.75, 1.71, 1.71, 1.71, 1.71, 1.71, 1.71, 1.71, 1.71, 1.71, 1.71, 1.71, 1.71, 1.71, 1.71]

Complementary Slackness per Finite Element
[-15.93, -15.59, -15.79, -15.95, -16.28, -20.54, -11.32, -15.82, -15.8, -15.79, -15.79, -15.79, -15.79, -15.79, -15.79, -15.78, -15.78, -15.78, -15.78, -15.79, -15.77, -15.79, -15.78, -15.78, -15.78, -15.78, -15.78, -15.78, -15.79, -15.77]

Feed Rates
[0.001, 0.0, 0.0, 0.0, 0.0, 0.0, 0.0, 0.001, 0.001, 0.001, 0.001, 0.001, 0.001, 0.002, 0.002, 0.003, 0.003, 0.004, 0.004, 0.005, 0.005, 0.006, 0.007, 0.008, 0.009, 0.01, 0.012, 0.013, 0.015, 0.018]

Growth Rates [h-1]
[0.079, 0.079, 0.079, 0.079, 0.079, 0.079, 0.079, 0.079, 0.079, 0.079, 0.079, 0.079, 0.079, 0.079, 0.079, 0.079, 0.079, 0.079, 0.079, 0.079, 0.079, 0.079, 0.079, 0.079, 0.079, 0.079, 0.079, 0.079, 0.079, 0.079]

Final Product Amount [mmol]
618.8467473202477

Final Biomass Amount [g]
23.17186115176211

Process End
64.0
#-------------------------