#-------------------------
Termination Status
LOCALLY_INFEASIBLE

Time Elapsed
18.607852654

Objective Value
330.9021937096447

Normalized Complementary Slackness
-276.33808090259816

Finite Elements
[2.56, 2.56, 2.56, 2.56, 2.56, 2.56, 2.56, 2.56, 2.56, 2.56, 2.56, 2.56, 2.56, 2.56, 2.56, 1.71, 1.71, 1.71, 1.71, 1.71, 1.71, 1.71, 1.71, 1.71, 1.71, 1.71, 1.71, 1.71, 1.71, 1.71]

Complementary Slackness per Finite Element
[-276.62, -277.48, -277.37, -277.3, -277.22, -277.08, -276.73, -276.75, -276.79, -276.84, -276.9, -276.97, -277.03, -277.09, -277.13, -277.06, -277.06, -277.04, -277.0, -276.95, -276.89, -275.78, -275.33, -275.04, -274.94, -274.98, -275.06, -275.1, -275.95, -270.67]

Feed Rates
[0.001, 0.0, 0.0, 0.0, 0.0, 0.0, 0.0, 0.0, 0.0, 0.0, 0.001, 0.001, 0.001, 0.001, 0.002, 0.002, 0.002, 0.003, 0.003, 0.004, 0.005, 0.006, 0.007, 0.008, 0.009, 0.011, 0.013, 0.015, 0.018, 0.021]

Growth Rates [h-1]
[0.097, 0.097, 0.097, 0.097, 0.097, 0.097, 0.097, 0.097, 0.097, 0.097, 0.097, 0.097, 0.097, 0.097, 0.097, 0.097, 0.097, 0.097, 0.097, 0.097, 0.097, 0.097, 0.097, 0.097, 0.097, 0.097, 0.097, 0.097, 0.097, 0.097]

Final Product Amount [mmol]
597.3326720061676

Final Biomass Amount [g]
25.150824050213753

Process End
64.0
#-------------------------