#-------------------------
Termination Status
LOCALLY_INFEASIBLE

Time Elapsed
16.715264464

Objective Value
102.99660909970532

Normalized Complementary Slackness
-106.3250076243375

Finite Elements
[2.67, 1.83, 1.87, 2.54, 2.53, 1.85, 1.86, 1.86, 2.41, 1.85, 1.85, 2.66, 1.85, 1.84, 1.88, 1.85, 1.85, 1.91, 1.86, 1.88, 2.52, 2.68, 2.68, 2.6, 2.62, 2.68, 2.68, 2.68, 2.68, 2.5]

Complementary Slackness per Finite Element
[-109.08, -106.54, -106.02, -105.92, -106.05, -105.82, -105.82, -105.91, -105.78, -105.87, -106.1, -106.23, -106.69, -106.94, -107.52, -107.8, -108.03, -107.32, -107.26, -105.49, -105.4, -106.18, -106.88, -106.74, -106.41, -106.37, -105.39, -105.26, -105.23, -103.69]

Feed Rates
[0.001, 0.001, 0.001, 0.001, 0.001, 0.001, 0.001, 0.001, 0.002, 0.002, 0.002, 0.002, 0.003, 0.003, 0.003, 0.004, 0.004, 0.004, 0.005, 0.006, 0.006, 0.007, 0.009, 0.01, 0.012, 0.014, 0.017, 0.019, 0.023, 0.027]

Growth Rates [h-1]
[0.061, 0.061, 0.061, 0.061, 0.061, 0.061, 0.061, 0.061, 0.061, 0.061, 0.061, 0.061, 0.061, 0.061, 0.061, 0.061, 0.061, 0.061, 0.061, 0.061, 0.061, 0.061, 0.061, 0.061, 0.061, 0.061, 0.061, 0.061, 0.061, 0.061]

Final Product Amount [mmol]
1248.9790737815658

Final Biomass Amount [g]
41.060184563881734

Process End
67.0
#-------------------------