#-------------------------
Termination Status
LOCALLY_SOLVED

Time Elapsed
104.632362851

Objective Value
188.24043644877872

Normalized Complementary Slackness
-14.88117978145193

Finite Elements
[0.94, 0.94, 0.94, 0.94, 0.94, 0.94, 0.94, 0.94, 0.94, 0.94, 0.94, 0.94, 0.94, 0.94, 0.94, 0.63, 0.63, 0.63, 0.63, 0.63, 0.63, 0.63, 0.63, 0.63, 0.63, 0.63, 0.63, 0.63, 0.63, 0.63]

Complementary Slackness per Finite Element
[-16.7, -16.7, -16.7, -16.7, -16.26, -14.54, -14.53, -14.53, -14.53, -14.53, -14.53, -14.53, -14.53, -14.53, -14.53, -14.53, -14.53, -14.53, -14.53, -14.53, -14.53, -14.53, -14.53, -14.53, -14.53, -14.53, -14.53, -14.53, -14.53, -14.53]

Feed Rates
[0.001, 0.001, 0.002, 0.002, 0.002, 0.002, 0.003, 0.003, 0.003, 0.004, 0.005, 0.005, 0.006, 0.007, 0.008, 0.009, 0.01, 0.011, 0.013, 0.014, 0.015, 0.017, 0.018, 0.02, 0.022, 0.025, 0.027, 0.03, 0.033, 0.036]

Growth Rates [h-1]
[0.189, 0.189, 0.189, 0.189, 0.179, 0.153, 0.153, 0.153, 0.153, 0.153, 0.153, 0.153, 0.153, 0.153, 0.153, 0.153, 0.153, 0.153, 0.153, 0.153, 0.153, 0.153, 0.153, 0.153, 0.153, 0.153, 0.153, 0.153, 0.153, 0.153]

Final Product Amount [mmol]
445.5059368938953

Final Biomass Amount [g]
30.156568237306516

Process End
23.5
#-------------------------