#-------------------------
Termination Status
LOCALLY_INFEASIBLE

Time Elapsed
16.060398275

Objective Value
69.48628300627723

Normalized Complementary Slackness
-20.245756546472162

Finite Elements
[2.44, 2.44, 2.44, 2.44, 2.44, 2.44, 2.44, 2.44, 2.44, 2.44, 2.44, 2.44, 2.43, 2.43, 2.31, 1.75, 1.64, 1.64, 1.63, 1.63, 1.63, 1.63, 1.63, 1.63, 1.63, 1.63, 1.63, 1.63, 1.63, 1.63]

Complementary Slackness per Finite Element
[-23.86, -20.17, -20.03, -20.0, -19.99, -19.99, -19.99, -19.99, -19.98, -19.96, -19.94, -20.02, -20.03, -20.08, -20.12, -20.13, -20.17, -20.22, -20.26, -20.27, -20.27, -20.26, -20.23, -20.16, -20.4, -20.14, -20.16, -20.24, -20.24, -20.06]

Feed Rates
[0.001, 0.0, 0.0, 0.0, 0.0, 0.0, 0.0, 0.0, 0.0, 0.0, 0.0, 0.0, 0.0, 0.001, 0.001, 0.001, 0.001, 0.002, 0.002, 0.003, 0.003, 0.004, 0.005, 0.007, 0.008, 0.01, 0.013, 0.016, 0.02, 0.024]

Growth Rates [h-1]
[0.134, 0.134, 0.134, 0.134, 0.134, 0.134, 0.134, 0.134, 0.134, 0.134, 0.134, 0.134, 0.134, 0.134, 0.134, 0.134, 0.134, 0.134, 0.134, 0.134, 0.134, 0.134, 0.134, 0.134, 0.134, 0.134, 0.134, 0.134, 0.134, 0.134]

Final Product Amount [mmol]
495.9232421669175

Final Biomass Amount [g]
24.59807582160633

Process End
61.0
#-------------------------