#-------------------------
Termination Status
LOCALLY_INFEASIBLE

Time Elapsed
22.744312531

Objective Value
513.4319040392621

Normalized Complementary Slackness
-20.652654525585792

Finite Elements
[2.68, 2.68, 2.68, 2.68, 2.68, 2.68, 2.68, 2.67, 2.35, 1.94, 1.8, 1.79, 1.79, 1.79, 1.79, 1.79, 2.05, 2.46, 2.48, 1.97, 2.5, 1.8, 2.54, 2.56, 2.51, 2.42, 1.86, 1.79, 1.79, 1.79]

Complementary Slackness per Finite Element
[-21.51, -20.96, -21.04, -21.15, -21.0, -20.93, -20.89, -20.84, -20.72, -20.58, -20.44, -20.17, -20.05, -20.16, -20.19, -20.88, -20.8, -20.6, -20.41, -20.39, -20.41, -20.52, -20.51, -20.5, -20.46, -20.36, -20.47, -21.04, -21.66, -19.95]

Feed Rates
[0.001, 0.0, 0.0, 0.0, 0.0, 0.0, 0.0, 0.0, 0.001, 0.001, 0.001, 0.001, 0.001, 0.001, 0.001, 0.002, 0.002, 0.002, 0.003, 0.003, 0.004, 0.004, 0.005, 0.006, 0.008, 0.01, 0.011, 0.013, 0.015, 0.018]

Growth Rates [h-1]
[0.079, 0.079, 0.079, 0.079, 0.079, 0.079, 0.079, 0.079, 0.079, 0.079, 0.079, 0.079, 0.079, 0.079, 0.079, 0.079, 0.079, 0.079, 0.079, 0.079, 0.079, 0.079, 0.079, 0.079, 0.079, 0.079, 0.079, 0.079, 0.079, 0.079]

Final Product Amount [mmol]
521.9494760647543

Final Biomass Amount [g]
23.131926281958457

Process End
67.0
#-------------------------