#-------------------------
Termination Status
LOCALLY_INFEASIBLE

Time Elapsed
13.432223862

Objective Value
45.747967819624805

Normalized Complementary Slackness
-19.422823022219845

Finite Elements
[0.99, 1.48, 1.48, 1.48, 1.48, 1.48, 1.48, 1.48, 1.13, 1.04, 1.0, 0.99, 1.31, 1.0, 1.0, 1.0, 1.0, 1.0, 1.01, 1.42, 1.44, 1.45, 1.45, 1.45, 1.43, 1.38, 1.2, 0.99, 0.99, 0.99]

Complementary Slackness per Finite Element
[-19.48, -19.5, -19.5, -19.5, -19.5, -19.49, -19.49, -19.49, -19.49, -19.49, -19.49, -19.48, -19.48, -19.48, -19.48, -19.54, -19.47, -19.42, -19.37, -19.31, -19.28, -19.27, -19.26, -19.26, -19.27, -19.26, -19.29, -19.36, -19.5, -19.52]

Feed Rates
[0.001, 0.0, 0.0, 0.0, 0.0, 0.0, 0.0, 0.0, 0.0, 0.0, 0.001, 0.001, 0.001, 0.001, 0.001, 0.002, 0.002, 0.002, 0.003, 0.003, 0.004, 0.006, 0.008, 0.01, 0.013, 0.017, 0.022, 0.028, 0.033, 0.04]

Growth Rates [h-1]
[0.189, 0.189, 0.189, 0.189, 0.189, 0.189, 0.189, 0.189, 0.189, 0.189, 0.189, 0.189, 0.189, 0.189, 0.189, 0.189, 0.189, 0.189, 0.189, 0.189, 0.189, 0.189, 0.189, 0.189, 0.189, 0.189, 0.189, 0.189, 0.189, 0.189]

Final Product Amount [mmol]
226.68074702954095

Final Biomass Amount [g]
31.06712598428959

Process End
37.0
#-------------------------