#-------------------------
Termination Status
LOCALLY_INFEASIBLE

Time Elapsed
14.260628626

Objective Value
78.95084461068917

Normalized Complementary Slackness
-17.347606839544547

Finite Elements
[1.96, 1.96, 1.63, 1.57, 1.46, 1.34, 1.31, 1.31, 1.31, 1.31, 1.31, 1.31, 1.31, 1.31, 1.31, 1.31, 1.31, 1.34, 1.8, 1.96, 1.96, 1.96, 1.96, 1.96, 1.96, 1.96, 1.96, 1.96, 1.96, 1.96]

Complementary Slackness per Finite Element
[-17.76, -17.19, -17.25, -17.29, -17.31, -17.32, -17.32, -17.3, -17.29, -17.25, -17.24, -17.25, -17.26, -17.28, -17.32, -17.4, -18.06, -17.31, -17.26, -17.26, -17.25, -17.25, -17.38, -17.46, -17.42, -17.4, -17.43, -17.32, -17.25, -17.33]

Feed Rates
[0.001, 0.0, 0.0, 0.0, 0.0, 0.0, 0.0, 0.0, 0.0, 0.0, 0.0, 0.0, 0.0, 0.0, 0.0, 0.001, 0.001, 0.001, 0.001, 0.001, 0.002, 0.003, 0.004, 0.005, 0.007, 0.009, 0.012, 0.016, 0.022, 0.029]

Growth Rates [h-1]
[0.153, 0.153, 0.153, 0.153, 0.153, 0.153, 0.153, 0.153, 0.153, 0.153, 0.153, 0.153, 0.153, 0.153, 0.153, 0.153, 0.153, 0.153, 0.153, 0.153, 0.153, 0.153, 0.153, 0.153, 0.153, 0.153, 0.153, 0.153, 0.153, 0.153]

Final Product Amount [mmol]
442.9046312909992

Final Biomass Amount [g]
29.262252566125298

Process End
49.0
#-------------------------