#-------------------------
Termination Status
LOCALLY_INFEASIBLE

Time Elapsed
14.792366021

Objective Value
-171.61819774589515

Normalized Complementary Slackness
-276.47204789736645

Finite Elements
[1.47, 2.2, 2.2, 2.2, 2.2, 2.2, 2.2, 2.2, 2.2, 2.2, 2.2, 2.2, 2.2, 2.2, 2.19, 2.1, 1.47, 1.47, 1.47, 1.47, 1.47, 1.47, 1.47, 1.47, 1.47, 1.47, 1.47, 1.47, 1.47, 1.57]

Complementary Slackness per Finite Element
[-277.38, -277.59, -277.39, -277.21, -276.98, -276.97, -277.0, -277.04, -277.07, -277.11, -277.16, -277.2, -277.23, -277.24, -277.23, -277.2, -277.16, -277.1, -276.96, -276.64, -276.13, -275.64, -275.36, -275.29, -275.34, -275.43, -275.49, -275.45, -276.14, -271.04]

Feed Rates
[0.001, 0.0, 0.0, 0.0, 0.0, 0.0, 0.0, 0.0, 0.001, 0.001, 0.001, 0.001, 0.001, 0.002, 0.002, 0.002, 0.003, 0.003, 0.004, 0.004, 0.005, 0.006, 0.007, 0.008, 0.009, 0.011, 0.012, 0.014, 0.016, 0.019]

Growth Rates [h-1]
[0.097, 0.097, 0.097, 0.097, 0.097, 0.097, 0.097, 0.097, 0.097, 0.097, 0.097, 0.097, 0.097, 0.097, 0.097, 0.097, 0.097, 0.097, 0.097, 0.097, 0.097, 0.097, 0.097, 0.097, 0.097, 0.097, 0.097, 0.097, 0.097, 0.097]

Final Product Amount [mmol]
523.1483404863806

Final Biomass Amount [g]
22.112191819073047

Process End
55.0
#-------------------------