#-------------------------
Termination Status
LOCALLY_SOLVED

Time Elapsed
48.101371873

Objective Value
720.2290021737591

Normalized Complementary Slackness
-16.497367196245722

Finite Elements
[1.6, 1.6, 1.6, 1.6, 1.6, 1.6, 1.6, 1.6, 1.6, 1.6, 1.6, 1.6, 1.6, 1.6, 1.6, 1.07, 1.07, 1.07, 1.07, 1.07, 1.07, 1.07, 1.07, 1.07, 1.07, 1.07, 1.07, 1.07, 1.07, 1.07]

Complementary Slackness per Finite Element
[-16.95, -16.95, -16.95, -16.95, -16.95, -16.95, -16.95, -16.95, -16.95, -13.58, -5.32, -17.03, -17.03, -17.03, -17.03, -17.03, -17.03, -17.03, -17.03, -17.03, -17.03, -17.03, -17.03, -17.03, -17.03, -17.03, -17.03, -17.03, -17.03, -17.03]

Feed Rates
[0.001, 0.002, 0.002, 0.003, 0.004, 0.005, 0.007, 0.009, 0.013, 0.014, 0.006, 0.006, 0.006, 0.006, 0.006, 0.006, 0.006, 0.006, 0.006, 0.006, 0.006, 0.006, 0.006, 0.006, 0.006, 0.006, 0.006, 0.006, 0.006, 0.006]

Growth Rates [h-1]
[0.189, 0.189, 0.189, 0.189, 0.189, 0.189, 0.189, 0.189, 0.189, 0.138, 0.012, 0.005, 0.005, 0.005, 0.005, 0.005, 0.005, 0.005, 0.005, 0.005, 0.005, 0.005, 0.005, 0.005, 0.005, 0.005, 0.005, 0.005, 0.005, 0.005]

Final Product Amount [mmol]
702.6903489263744

Final Biomass Amount [g]
15.566608800690158

Process End
40.0
#-------------------------