#-------------------------
Termination Status
LOCALLY_INFEASIBLE

Time Elapsed
18.547251463

Objective Value
1439.445405811779

Normalized Complementary Slackness
-60.687042423514455

Finite Elements
[1.87, 1.87, 1.87, 1.87, 1.87, 1.87, 1.87, 1.87, 1.87, 1.87, 1.87, 1.87, 1.87, 1.87, 1.88, 2.77, 2.8, 2.8, 2.8, 2.8, 2.8, 2.8, 2.8, 2.8, 2.8, 2.8, 2.8, 2.8, 2.8, 2.8]

Complementary Slackness per Finite Element
[-62.61, -61.97, -61.63, -61.42, -61.27, -61.12, -60.92, -60.6, -60.41, -60.37, -60.33, -60.34, -60.47, -60.71, -60.71, -60.05, -60.69, -61.97, -63.09, -58.36, -60.13, -60.67, -60.71, -61.0, -60.54, -60.92, -60.7, -60.34, -60.46, -56.11]

Feed Rates
[0.001, 0.001, 0.001, 0.001, 0.001, 0.001, 0.001, 0.001, 0.001, 0.001, 0.002, 0.002, 0.002, 0.002, 0.003, 0.003, 0.004, 0.004, 0.005, 0.006, 0.007, 0.008, 0.01, 0.011, 0.014, 0.016, 0.019, 0.023, 0.027, 0.032]

Growth Rates [h-1]
[0.061, 0.061, 0.061, 0.061, 0.061, 0.061, 0.061, 0.061, 0.061, 0.061, 0.061, 0.061, 0.061, 0.061, 0.061, 0.061, 0.061, 0.061, 0.061, 0.061, 0.061, 0.061, 0.061, 0.061, 0.061, 0.061, 0.061, 0.061, 0.061, 0.061]

Final Product Amount [mmol]
1476.2255761676024

Final Biomass Amount [g]
49.24064168845

Process End
70.0
#-------------------------