#-------------------------
Termination Status
LOCALLY_INFEASIBLE

Time Elapsed
14.406634423

Objective Value
57.12861881775238

Normalized Complementary Slackness
-21.938498878477407

Finite Elements
[2.44, 2.44, 2.33, 2.14, 2.08, 2.0, 1.9, 1.78, 1.65, 1.63, 1.63, 1.63, 1.63, 1.63, 1.63, 1.63, 1.63, 1.63, 1.63, 1.63, 2.38, 2.44, 2.44, 2.44, 2.44, 2.44, 2.44, 2.44, 2.44, 2.44]

Complementary Slackness per Finite Element
[-22.81, -21.81, -21.88, -21.92, -21.96, -22.0, -22.04, -22.07, -22.09, -22.11, -22.12, -22.11, -22.09, -22.06, -22.03, -22.01, -21.99, -21.99, -22.0, -21.91, -21.72, -21.72, -21.72, -21.72, -21.72, -21.72, -21.72, -21.72, -21.66, -21.71]

Feed Rates
[0.001, 0.0, 0.0, 0.0, 0.0, 0.0, 0.0, 0.0, 0.0, 0.0, 0.0, 0.0, 0.0, 0.0, 0.0, 0.0, 0.0, 0.0, 0.001, 0.001, 0.001, 0.001, 0.002, 0.003, 0.004, 0.006, 0.009, 0.013, 0.019, 0.028]

Growth Rates [h-1]
[0.153, 0.153, 0.153, 0.153, 0.153, 0.153, 0.153, 0.153, 0.153, 0.153, 0.153, 0.153, 0.153, 0.153, 0.153, 0.153, 0.153, 0.153, 0.153, 0.153, 0.153, 0.153, 0.153, 0.153, 0.153, 0.153, 0.153, 0.153, 0.153, 0.153]

Final Product Amount [mmol]
451.2902153138203

Final Biomass Amount [g]
29.20371986368032

Process End
61.0
#-------------------------