#-------------------------
Termination Status
LOCALLY_INFEASIBLE

Time Elapsed
12.960968246

Objective Value
-94.61571231316788

Normalized Complementary Slackness
-311.366483430928

Finite Elements
[1.15, 1.09, 1.09, 1.09, 1.1, 1.09, 1.09, 1.09, 1.09, 1.09, 1.09, 1.53, 1.48, 1.11, 1.45, 1.57, 1.57, 1.57, 1.57, 1.57, 1.57, 1.41, 1.56, 1.38, 1.36, 1.35, 1.34, 1.54, 1.55, 1.45]

Complementary Slackness per Finite Element
[-314.58, -314.21, -314.01, -313.83, -313.66, -313.5, -313.34, -313.19, -313.03, -312.85, -312.68, -312.82, -312.49, -312.03, -311.98, -311.74, -311.25, -310.62, -309.93, -309.43, -309.13, -309.13, -309.22, -309.22, -309.35, -309.34, -309.28, -309.26, -309.09, -306.78]

Feed Rates
[0.001, 0.001, 0.001, 0.001, 0.001, 0.001, 0.001, 0.001, 0.002, 0.002, 0.002, 0.002, 0.003, 0.003, 0.003, 0.004, 0.005, 0.005, 0.006, 0.007, 0.008, 0.01, 0.011, 0.013, 0.015, 0.017, 0.019, 0.022, 0.026, 0.03]

Growth Rates [h-1]
[0.097, 0.097, 0.097, 0.097, 0.097, 0.097, 0.097, 0.097, 0.097, 0.097, 0.097, 0.097, 0.097, 0.097, 0.097, 0.097, 0.097, 0.097, 0.097, 0.097, 0.097, 0.097, 0.097, 0.097, 0.097, 0.097, 0.097, 0.097, 0.097, 0.097]

Final Product Amount [mmol]
806.1056201974956

Final Biomass Amount [g]
34.895556657384816

Process End
40.0
#-------------------------