#-------------------------
Termination Status
LOCALLY_SOLVED

Time Elapsed
32.523422424

Objective Value
587.512360596636

Normalized Complementary Slackness
-15.478454550713005

Finite Elements
[0.94, 0.94, 0.94, 0.94, 0.94, 0.94, 0.94, 0.94, 0.94, 0.94, 0.94, 0.94, 0.94, 0.94, 0.94, 0.63, 0.63, 0.63, 0.63, 0.63, 0.63, 0.63, 0.63, 0.63, 0.63, 0.63, 0.63, 0.63, 0.63, 0.63]

Complementary Slackness per Finite Element
[-16.95, -16.95, -16.95, -16.95, -16.95, -16.95, -16.95, -16.95, -16.95, -16.95, -16.95, -16.95, -16.95, -16.95, -16.95, -16.95, -16.95, -16.95, -16.95, -16.95, -16.95, -9.12, -7.27, -7.27, -7.27, -13.22, -16.07, -16.07, -16.07, -16.07]

Feed Rates
[0.001, 0.001, 0.002, 0.002, 0.002, 0.003, 0.003, 0.004, 0.005, 0.006, 0.007, 0.008, 0.009, 0.011, 0.013, 0.016, 0.018, 0.02, 0.023, 0.026, 0.029, 0.017, 0.014, 0.014, 0.015, 0.015, 0.015, 0.016, 0.016, 0.017]

Growth Rates [h-1]
[0.189, 0.189, 0.189, 0.189, 0.189, 0.189, 0.189, 0.189, 0.189, 0.189, 0.189, 0.189, 0.189, 0.189, 0.189, 0.189, 0.189, 0.189, 0.189, 0.189, 0.189, 0.07, 0.042, 0.042, 0.042, 0.042, 0.042, 0.042, 0.042, 0.042]

Final Product Amount [mmol]
586.5315828219692

Final Biomass Amount [g]
26.993497268029962

Process End
23.5
#-------------------------