#-------------------------
Termination Status
LOCALLY_INFEASIBLE

Time Elapsed
16.623485094

Objective Value
573.3588219755802

Normalized Complementary Slackness
-22.09024911344601

Finite Elements
[0.67, 0.67, 0.67, 0.67, 0.68, 0.87, 0.71, 0.97, 0.98, 0.98, 0.99, 0.99, 0.99, 0.99, 0.99, 0.98, 0.94, 0.97, 0.74, 0.69, 0.69, 0.95, 0.69, 0.69, 0.69, 0.81, 0.7, 0.85, 0.92, 0.87]

Complementary Slackness per Finite Element
[-21.96, -21.96, -21.96, -21.96, -21.96, -22.09, -21.97, -21.97, -21.97, -21.99, -22.02, -22.06, -22.11, -22.16, -22.2, -22.23, -22.24, -22.25, -22.18, -22.17, -22.13, -22.17, -22.1, -22.1, -22.1, -22.1, -22.11, -22.11, -22.15, -22.21]

Feed Rates
[0.001, 0.001, 0.001, 0.002, 0.002, 0.002, 0.002, 0.003, 0.003, 0.004, 0.005, 0.006, 0.007, 0.009, 0.01, 0.013, 0.015, 0.018, 0.022, 0.025, 0.028, 0.033, 0.039, 0.044, 0.05, 0.057, 0.067, 0.076, 0.09, 0.107]

Growth Rates [h-1]
[0.189, 0.189, 0.189, 0.189, 0.189, 0.189, 0.189, 0.189, 0.189, 0.189, 0.189, 0.189, 0.189, 0.189, 0.189, 0.189, 0.189, 0.189, 0.189, 0.189, 0.189, 0.189, 0.189, 0.189, 0.189, 0.189, 0.189, 0.189, 0.189, 0.189]

Final Product Amount [mmol]
582.4660957802799

Final Biomass Amount [g]
80.84104679802576

Process End
25.0
#-------------------------