#-------------------------
Termination Status
LOCALLY_SOLVED

Time Elapsed
197.411027616

Objective Value
40.878330271492636

Normalized Complementary Slackness
-11.708506259255596

Finite Elements
[0.46, 0.46, 0.46, 0.46, 0.46, 0.46, 0.46, 0.46, 0.46, 0.46, 0.46, 0.46, 0.46, 0.46, 0.46, 0.31, 0.31, 0.31, 0.31, 0.31, 0.31, 0.31, 0.31, 0.31, 0.31, 0.31, 0.31, 0.31, 0.31, 0.31]

Complementary Slackness per Finite Element
[-11.71, -11.71, -11.71, -11.71, -11.71, -11.71, -11.71, -11.71, -11.71, -11.71, -11.71, -11.71, -11.71, -11.71, -11.71, -11.71, -11.71, -11.71, -11.71, -11.71, -11.71, -11.71, -11.71, -11.71, -11.71, -11.71, -11.71, -11.71, -11.71, -11.71]

Feed Rates
[0.001, 0.001, 0.001, 0.001, 0.002, 0.002, 0.002, 0.002, 0.002, 0.002, 0.003, 0.003, 0.003, 0.003, 0.004, 0.004, 0.004, 0.005, 0.005, 0.005, 0.005, 0.006, 0.006, 0.006, 0.007, 0.007, 0.008, 0.008, 0.009, 0.009]

Growth Rates [h-1]
[0.189, 0.189, 0.189, 0.189, 0.189, 0.189, 0.189, 0.189, 0.189, 0.189, 0.189, 0.189, 0.189, 0.189, 0.189, 0.189, 0.189, 0.189, 0.189, 0.189, 0.189, 0.189, 0.189, 0.189, 0.189, 0.189, 0.189, 0.189, 0.189, 0.189]

Final Product Amount [mmol]
40.50688489441238

Final Biomass Amount [g]
6.268918120116453

Process End
11.5
#-------------------------