#-------------------------
Termination Status
LOCALLY_INFEASIBLE

Time Elapsed
14.577622157

Objective Value
11.792908414966234

Normalized Complementary Slackness
-24.523042995873237

Finite Elements
[2.32, 2.32, 2.32, 2.32, 2.32, 2.32, 2.16, 1.99, 1.93, 1.85, 1.74, 1.62, 1.55, 1.78, 1.56, 1.55, 1.55, 1.55, 1.55, 1.55, 1.55, 1.55, 1.55, 2.02, 2.19, 2.24, 2.29, 2.31, 2.17, 2.32]

Complementary Slackness per Finite Element
[-23.76, -23.84, -23.81, -23.73, -23.76, -24.01, -24.74, -24.83, -24.83, -24.83, -24.65, -23.7, -24.75, -24.81, -24.81, -24.81, -24.81, -24.81, -24.57, -24.45, -24.43, -24.36, -24.63, -24.75, -24.79, -24.84, -24.88, -24.83, -24.9, -24.94]

Feed Rates
[0.001, 0.0, 0.0, 0.0, 0.0, 0.0, 0.0, 0.0, 0.0, 0.0, 0.0, 0.0, 0.0, 0.0, 0.0, 0.0, 0.0, 0.0, 0.001, 0.001, 0.001, 0.001, 0.002, 0.002, 0.003, 0.005, 0.008, 0.012, 0.019, 0.028]

Growth Rates [h-1]
[0.189, 0.189, 0.189, 0.189, 0.189, 0.189, 0.189, 0.189, 0.189, 0.189, 0.189, 0.189, 0.189, 0.189, 0.189, 0.189, 0.189, 0.189, 0.189, 0.189, 0.189, 0.189, 0.189, 0.189, 0.189, 0.189, 0.189, 0.189, 0.189, 0.189]

Final Product Amount [mmol]
198.50303260797327

Final Biomass Amount [g]
27.06571409772582

Process End
58.0
#-------------------------