#-------------------------
Termination Status
LOCALLY_INFEASIBLE

Time Elapsed
15.242407145

Objective Value
34.63147268959767

Normalized Complementary Slackness
-20.09397088873529

Finite Elements
[2.56, 2.56, 2.25, 2.24, 2.56, 2.2, 2.17, 2.12, 2.23, 2.24, 2.2, 2.11, 2.14, 1.76, 1.71, 1.71, 1.71, 1.71, 1.71, 1.71, 1.71, 1.74, 1.71, 2.36, 2.47, 2.5, 2.52, 2.53, 2.51, 2.39]

Complementary Slackness per Finite Element
[-20.11, -19.95, -19.68, -19.64, -19.72, -20.13, -20.1, -20.34, -20.33, -20.32, -20.31, -19.68, -19.57, -20.31, -20.32, -20.31, -19.65, -19.71, -19.65, -19.7, -20.29, -20.28, -20.31, -20.33, -20.34, -20.35, -20.35, -20.35, -20.35, -20.35]

Feed Rates
[0.001, 0.0, 0.0, 0.0, 0.0, 0.0, 0.0, 0.0, 0.0, 0.0, 0.0, 0.0, 0.0, 0.0, 0.0, 0.0, 0.0, 0.0, 0.001, 0.001, 0.001, 0.001, 0.002, 0.002, 0.004, 0.005, 0.008, 0.013, 0.02, 0.03]

Growth Rates [h-1]
[0.171, 0.171, 0.171, 0.171, 0.171, 0.171, 0.171, 0.171, 0.171, 0.171, 0.171, 0.171, 0.171, 0.171, 0.171, 0.171, 0.171, 0.171, 0.171, 0.171, 0.171, 0.171, 0.171, 0.171, 0.171, 0.171, 0.171, 0.171, 0.171, 0.171]

Final Product Amount [mmol]
328.3169736761879

Final Biomass Amount [g]
30.11603314386173

Process End
64.0
#-------------------------