#-------------------------
Termination Status
LOCALLY_INFEASIBLE

Time Elapsed
14.003145373

Objective Value
38.56220044472339

Normalized Complementary Slackness
-22.311619214797588

Finite Elements
[1.96, 1.96, 1.96, 1.96, 1.96, 1.96, 1.96, 1.96, 1.96, 1.96, 1.96, 1.96, 1.96, 1.96, 1.95, 1.32, 1.31, 1.31, 1.31, 1.31, 1.31, 1.31, 1.31, 1.31, 1.31, 1.31, 1.31, 1.31, 1.31, 1.31]

Complementary Slackness per Finite Element
[-22.51, -22.27, -22.28, -22.29, -22.3, -22.31, -22.32, -22.32, -22.32, -22.31, -22.29, -22.27, -22.28, -22.31, -22.3, -22.28, -22.27, -22.27, -22.27, -22.27, -22.27, -22.28, -22.31, -22.34, -22.36, -22.37, -22.36, -22.35, -22.34, -22.33]

Feed Rates
[0.001, 0.0, 0.0, 0.0, 0.0, 0.0, 0.0, 0.0, 0.0, 0.0, 0.0, 0.0, 0.001, 0.001, 0.001, 0.001, 0.002, 0.002, 0.003, 0.003, 0.004, 0.005, 0.006, 0.008, 0.01, 0.013, 0.016, 0.02, 0.025, 0.031]

Growth Rates [h-1]
[0.171, 0.171, 0.171, 0.171, 0.171, 0.171, 0.171, 0.171, 0.171, 0.171, 0.171, 0.171, 0.171, 0.171, 0.171, 0.171, 0.171, 0.171, 0.171, 0.171, 0.171, 0.171, 0.171, 0.171, 0.171, 0.171, 0.171, 0.171, 0.171, 0.171]

Final Product Amount [mmol]
275.2433782861712

Final Biomass Amount [g]
26.420381872193374

Process End
49.0
#-------------------------