#-------------------------
Termination Status
ALMOST_LOCALLY_SOLVED

Time Elapsed
310.192546691

Objective Value
46.21381411466113

Normalized Complementary Slackness
-16.18854932238234

Finite Elements
[0.46, 0.46, 0.46, 0.46, 0.41, 0.32, 0.31, 0.31, 0.31, 0.31, 0.31, 0.31, 0.31, 0.31, 0.31, 0.31, 0.34, 0.31, 0.31, 0.31, 0.46, 0.46, 0.46, 0.46, 0.46, 0.46, 0.46, 0.46, 0.46, 0.46]

Complementary Slackness per Finite Element
[-16.34, -16.26, -16.34, -16.34, -16.34, -16.34, -16.34, -16.34, -16.34, -16.34, -16.34, -16.34, -16.34, -16.34, -16.34, -16.34, -18.4, -16.34, -16.34, -16.34, -15.68, -15.68, -15.68, -15.68, -15.68, -15.68, -15.68, -15.68, -15.68, -15.68]

Feed Rates
[0.001, 0.001, 0.001, 0.001, 0.002, 0.002, 0.002, 0.002, 0.002, 0.002, 0.002, 0.002, 0.003, 0.003, 0.003, 0.003, 0.003, 0.003, 0.004, 0.004, 0.004, 0.004, 0.004, 0.005, 0.005, 0.006, 0.006, 0.006, 0.007, 0.008]

Growth Rates [h-1]
[0.189, 0.189, 0.189, 0.189, 0.189, 0.189, 0.189, 0.189, 0.189, 0.189, 0.189, 0.189, 0.189, 0.189, 0.189, 0.189, 0.177, 0.189, 0.189, 0.189, 0.171, 0.171, 0.171, 0.171, 0.171, 0.171, 0.171, 0.171, 0.171, 0.171]

Final Product Amount [mmol]
48.21491146259929

Final Biomass Amount [g]
5.735116721322187

Process End
11.5
#-------------------------