#-------------------------
Termination Status
LOCALLY_INFEASIBLE

Time Elapsed
13.760686164

Objective Value
13.488936800418962

Normalized Complementary Slackness
-30.19198024694408

Finite Elements
[2.2, 2.2, 1.99, 1.97, 1.94, 1.91, 1.86, 1.8, 1.72, 1.62, 2.16, 1.47, 1.47, 1.47, 1.47, 1.47, 1.47, 1.47, 1.47, 1.47, 1.56, 1.95, 2.08, 2.11, 2.12, 2.14, 2.16, 2.16, 2.14, 1.97]

Complementary Slackness per Finite Element
[-28.16, -30.17, -30.2, -30.21, -30.18, -30.18, -30.18, -30.19, -30.38, -30.56, -30.61, -30.14, -30.41, -30.57, -30.55, -30.46, -30.38, -30.33, -30.29, -30.27, -30.25, -30.22, -30.19, -30.16, -30.13, -30.09, -30.24, -30.14, -30.03, -29.88]

Feed Rates
[0.001, 0.0, 0.0, 0.0, 0.0, 0.0, 0.0, 0.0, 0.0, 0.0, 0.0, 0.0, 0.0, 0.0, 0.0, 0.0, 0.0, 0.0, 0.001, 0.001, 0.001, 0.001, 0.002, 0.003, 0.005, 0.007, 0.01, 0.015, 0.023, 0.034]

Growth Rates [h-1]
[0.189, 0.189, 0.189, 0.189, 0.189, 0.189, 0.189, 0.189, 0.189, 0.189, 0.189, 0.189, 0.189, 0.189, 0.189, 0.189, 0.189, 0.189, 0.189, 0.189, 0.189, 0.189, 0.189, 0.189, 0.189, 0.189, 0.189, 0.189, 0.189, 0.189]

Final Product Amount [mmol]
226.60056004227044

Final Biomass Amount [g]
30.944260746144455

Process End
55.0
#-------------------------