#-------------------------
Termination Status
LOCALLY_SOLVED

Time Elapsed
106.258603231

Objective Value
187.73183910021575

Normalized Complementary Slackness
-15.779868623414108

Finite Elements
[1.24, 1.24, 1.24, 1.24, 1.24, 1.24, 1.24, 1.24, 1.24, 1.24, 1.24, 1.24, 1.15, 1.24, 1.24, 0.92, 0.83, 0.83, 0.83, 0.83, 0.83, 0.83, 0.83, 0.83, 0.83, 0.83, 0.83, 0.83, 0.83, 0.83]

Complementary Slackness per Finite Element
[-16.95, -16.95, -16.95, -16.95, -16.95, -16.95, -16.95, -16.95, -16.95, -16.95, -16.19, -7.27, -7.27, -16.07, -16.07, -16.07, -16.07, -16.07, -16.07, -16.07, -16.07, -16.07, -16.07, -16.07, -16.07, -16.07, -16.07, -16.07, -16.07, -16.07]

Feed Rates
[0.001, 0.001, 0.002, 0.002, 0.003, 0.004, 0.005, 0.006, 0.007, 0.009, 0.011, 0.006, 0.006, 0.007, 0.007, 0.007, 0.008, 0.008, 0.008, 0.008, 0.009, 0.009, 0.009, 0.01, 0.01, 0.01, 0.011, 0.011, 0.011, 0.012]

Growth Rates [h-1]
[0.189, 0.189, 0.189, 0.189, 0.189, 0.189, 0.189, 0.189, 0.189, 0.189, 0.178, 0.042, 0.042, 0.042, 0.042, 0.042, 0.042, 0.042, 0.042, 0.042, 0.042, 0.042, 0.042, 0.042, 0.042, 0.042, 0.042, 0.042, 0.042, 0.042]

Final Product Amount [mmol]
559.2256479172179

Final Biomass Amount [g]
19.265849817669608

Process End
31.0
#-------------------------