#-------------------------
Termination Status
LOCALLY_INFEASIBLE

Time Elapsed
15.660362748

Objective Value
26.39731966320364

Normalized Complementary Slackness
-31.14966869879075

Finite Elements
[2.44, 2.18, 2.16, 2.14, 2.12, 2.08, 2.04, 2.0, 1.92, 1.86, 1.74, 1.7, 1.63, 1.63, 1.63, 1.63, 1.63, 1.63, 1.63, 1.63, 1.65, 2.43, 2.44, 2.44, 2.44, 2.44, 2.44, 2.44, 2.44, 2.44]

Complementary Slackness per Finite Element
[-31.65, -31.01, -31.05, -31.1, -31.14, -31.17, -31.2, -31.22, -31.23, -31.28, -31.28, -31.32, -31.32, -31.31, -31.3, -31.3, -31.26, -31.25, -31.24, -31.23, -31.2, -30.94, -30.89, -30.95, -30.9, -30.95, -30.93, -30.95, -30.98, -30.94]

Feed Rates
[0.001, 0.0, 0.0, 0.0, 0.0, 0.0, 0.0, 0.0, 0.0, 0.0, 0.0, 0.0, 0.0, 0.0, 0.0, 0.0, 0.0, 0.0, 0.0, 0.001, 0.001, 0.001, 0.002, 0.002, 0.004, 0.006, 0.009, 0.013, 0.02, 0.03]

Growth Rates [h-1]
[0.171, 0.171, 0.171, 0.171, 0.171, 0.171, 0.171, 0.171, 0.171, 0.171, 0.171, 0.171, 0.171, 0.171, 0.171, 0.171, 0.171, 0.171, 0.171, 0.171, 0.171, 0.171, 0.171, 0.171, 0.171, 0.171, 0.171, 0.171, 0.171, 0.171]

Final Product Amount [mmol]
330.0949434415171

Final Biomass Amount [g]
30.128950697051685

Process End
61.0
#-------------------------