#-------------------------
Termination Status
LOCALLY_SOLVED

Time Elapsed
69.783278348

Objective Value
324.6641388466152

Normalized Complementary Slackness
-15.697741122365528

Finite Elements
[0.88, 0.88, 0.88, 0.88, 0.88, 0.88, 0.88, 0.88, 0.88, 0.88, 0.88, 0.88, 0.88, 0.88, 0.88, 0.59, 0.59, 0.59, 0.59, 0.59, 0.59, 0.59, 0.59, 0.59, 0.59, 0.59, 0.59, 0.59, 0.59, 0.59]

Complementary Slackness per Finite Element
[-16.26, -15.69, -15.68, -15.68, -15.68, -15.68, -15.68, -15.68, -15.68, -15.68, -15.68, -15.68, -15.68, -15.68, -15.68, -15.68, -15.68, -15.68, -15.68, -15.68, -15.68, -15.68, -15.68, -15.68, -15.68, -15.68, -15.68, -15.68, -15.68, -15.68]

Feed Rates
[0.001, 0.001, 0.001, 0.002, 0.002, 0.002, 0.003, 0.003, 0.003, 0.004, 0.005, 0.005, 0.006, 0.007, 0.009, 0.01, 0.011, 0.012, 0.013, 0.015, 0.016, 0.018, 0.02, 0.022, 0.024, 0.027, 0.03, 0.033, 0.036, 0.04]

Growth Rates [h-1]
[0.189, 0.171, 0.171, 0.171, 0.171, 0.171, 0.171, 0.171, 0.171, 0.171, 0.171, 0.171, 0.171, 0.171, 0.171, 0.171, 0.171, 0.171, 0.171, 0.171, 0.171, 0.171, 0.171, 0.171, 0.171, 0.171, 0.171, 0.171, 0.171, 0.171]

Final Product Amount [mmol]
330.3784970586588

Final Biomass Amount [g]
31.06093286867349

Process End
22.0
#-------------------------