#-------------------------
Termination Status
LOCALLY_SOLVED

Time Elapsed
616.8818956

Objective Value
125.41960145173769

Normalized Complementary Slackness
-16.060140558965962

Finite Elements
[0.64, 0.64, 0.64, 0.64, 0.64, 0.64, 0.59, 0.43, 0.43, 0.43, 0.43, 0.43, 0.43, 0.43, 0.43, 0.43, 0.43, 0.43, 0.64, 0.64, 0.64, 0.64, 0.64, 0.64, 0.64, 0.64, 0.48, 0.43, 0.43, 0.43]

Complementary Slackness per Finite Element
[-16.32, -16.26, -16.32, -16.32, -16.32, -16.32, -16.32, -16.32, -16.32, -16.32, -16.32, -16.32, -16.32, -16.32, -16.32, -16.32, -16.31, -16.31, -15.68, -15.68, -15.68, -15.68, -15.68, -15.68, -15.68, -15.68, -15.68, -15.68, -15.68, -15.68]

Feed Rates
[0.001, 0.001, 0.001, 0.002, 0.002, 0.002, 0.002, 0.003, 0.003, 0.003, 0.003, 0.003, 0.004, 0.004, 0.004, 0.005, 0.005, 0.006, 0.006, 0.006, 0.007, 0.008, 0.009, 0.01, 0.011, 0.012, 0.014, 0.015, 0.016, 0.017]

Growth Rates [h-1]
[0.189, 0.189, 0.189, 0.189, 0.189, 0.189, 0.189, 0.189, 0.189, 0.189, 0.189, 0.189, 0.189, 0.189, 0.189, 0.189, 0.189, 0.189, 0.171, 0.171, 0.171, 0.171, 0.171, 0.171, 0.171, 0.171, 0.171, 0.171, 0.171, 0.171]

Final Product Amount [mmol]
121.58353528710137

Final Biomass Amount [g]
12.952428966882772

Process End
16.0
#-------------------------