#-------------------------
Termination Status
LOCALLY_SOLVED

Time Elapsed
148.887419734

Objective Value
543.5008518433622

Normalized Complementary Slackness
-15.37463079179053

Finite Elements
[1.12, 1.12, 1.12, 1.12, 1.12, 1.12, 1.12, 1.12, 1.12, 1.12, 1.12, 1.12, 1.12, 0.89, 0.75, 1.12, 0.97, 0.75, 0.75, 0.75, 0.75, 0.75, 0.75, 0.75, 0.75, 0.75, 0.75, 0.75, 0.75, 0.75]

Complementary Slackness per Finite Element
[-16.95, -16.95, -16.95, -16.95, -16.95, -16.95, -16.95, -16.95, -16.95, -16.95, -16.95, -15.49, -8.48, -8.48, -8.48, -15.59, -15.59, -15.59, -15.59, -15.59, -15.59, -15.59, -15.59, -15.59, -15.59, -15.59, -15.59, -15.59, -15.59, -15.59]

Feed Rates
[0.001, 0.001, 0.002, 0.002, 0.003, 0.003, 0.004, 0.005, 0.006, 0.008, 0.009, 0.01, 0.007, 0.007, 0.007, 0.008, 0.008, 0.009, 0.009, 0.01, 0.01, 0.011, 0.011, 0.012, 0.012, 0.013, 0.013, 0.014, 0.015, 0.015]

Growth Rates [h-1]
[0.189, 0.189, 0.189, 0.189, 0.189, 0.189, 0.189, 0.189, 0.189, 0.189, 0.189, 0.167, 0.061, 0.061, 0.061, 0.061, 0.061, 0.061, 0.061, 0.061, 0.061, 0.061, 0.061, 0.061, 0.061, 0.061, 0.061, 0.061, 0.061, 0.061]

Final Product Amount [mmol]
538.2823569009837

Final Biomass Amount [g]
21.326104614948488

Process End
28.0
#-------------------------