#-------------------------
Termination Status
LOCALLY_INFEASIBLE

Time Elapsed
16.221958086

Objective Value
802.0443413112712

Normalized Complementary Slackness
-93.772621335861

Finite Elements
[1.63, 1.63, 1.63, 1.63, 1.63, 1.63, 1.63, 1.63, 1.63, 1.64, 1.64, 1.64, 2.37, 1.65, 1.75, 2.42, 2.42, 2.43, 2.43, 1.67, 2.44, 2.43, 2.44, 2.44, 2.41, 2.41, 2.44, 2.38, 2.44, 2.44]

Complementary Slackness per Finite Element
[-94.29, -94.36, -94.22, -94.17, -94.06, -93.75, -93.61, -93.57, -93.49, -93.32, -93.15, -93.25, -93.5, -94.14, -94.12, -92.54, -93.55, -93.67, -94.07, -94.83, -93.98, -93.96, -94.0, -93.97, -93.81, -93.59, -93.6, -93.55, -96.62, -90.43]

Feed Rates
[0.001, 0.001, 0.001, 0.001, 0.001, 0.001, 0.001, 0.001, 0.001, 0.001, 0.001, 0.002, 0.002, 0.002, 0.002, 0.003, 0.003, 0.003, 0.004, 0.004, 0.005, 0.006, 0.007, 0.008, 0.009, 0.01, 0.012, 0.014, 0.016, 0.019]

Growth Rates [h-1]
[0.061, 0.061, 0.061, 0.061, 0.061, 0.061, 0.061, 0.061, 0.061, 0.061, 0.061, 0.061, 0.061, 0.061, 0.061, 0.061, 0.061, 0.061, 0.061, 0.061, 0.061, 0.061, 0.061, 0.061, 0.061, 0.061, 0.061, 0.061, 0.061, 0.061]

Final Product Amount [mmol]
883.1245842116542

Final Biomass Amount [g]
28.550603494476746

Process End
61.0
#-------------------------