#-------------------------
Termination Status
LOCALLY_INFEASIBLE

Time Elapsed
19.905280703

Objective Value
465.2140247845151

Normalized Complementary Slackness
-17.62470072334086

Finite Elements
[2.68, 2.68, 2.68, 2.68, 2.68, 2.67, 1.8, 1.79, 1.94, 1.79, 1.79, 1.79, 1.79, 1.79, 1.79, 1.79, 1.79, 1.79, 1.79, 1.79, 1.79, 2.52, 2.68, 2.68, 2.68, 2.68, 2.68, 2.68, 2.68, 2.68]

Complementary Slackness per Finite Element
[-19.3, -17.91, -17.54, -17.49, -17.6, -18.01, -17.63, -17.66, -18.45, -17.65, -17.48, -17.28, -17.12, -17.03, -17.0, -17.09, -17.16, -17.33, -17.5, -17.47, -17.95, -17.85, -17.89, -17.89, -17.86, -17.86, -17.83, -17.65, -17.44, -16.81]

Feed Rates
[0.001, 0.0, 0.0, 0.0, 0.0, 0.0, 0.0, 0.0, 0.0, 0.0, 0.0, 0.0, 0.0, 0.0, 0.0, 0.0, 0.001, 0.001, 0.001, 0.001, 0.001, 0.002, 0.002, 0.003, 0.004, 0.006, 0.008, 0.01, 0.014, 0.019]

Growth Rates [h-1]
[0.116, 0.116, 0.116, 0.116, 0.116, 0.116, 0.116, 0.116, 0.116, 0.116, 0.116, 0.116, 0.116, 0.116, 0.116, 0.116, 0.116, 0.116, 0.116, 0.116, 0.116, 0.116, 0.116, 0.116, 0.116, 0.116, 0.116, 0.116, 0.116, 0.116]

Final Product Amount [mmol]
476.7818248717284

Final Biomass Amount [g]
23.415343733420432

Process End
67.0
#-------------------------