#-------------------------
Termination Status
LOCALLY_INFEASIBLE

Time Elapsed
19.989057551

Objective Value
78.27669321603805

Normalized Complementary Slackness
-19.090032662144196

Finite Elements
[0.91, 1.36, 1.36, 1.36, 1.36, 1.36, 1.36, 1.36, 1.36, 1.36, 1.31, 1.36, 1.36, 1.35, 1.31, 1.24, 1.13, 0.92, 0.91, 0.91, 0.91, 0.91, 0.91, 0.91, 0.91, 0.91, 0.91, 0.91, 0.91, 0.91]

Complementary Slackness per Finite Element
[-19.09, -18.72, -18.76, -18.61, -18.64, -18.59, -18.59, -18.62, -18.66, -18.84, -18.83, -19.05, -18.98, -18.96, -18.88, -18.93, -18.99, -19.04, -19.14, -19.18, -19.48, -19.31, -19.32, -19.44, -19.69, -19.75, -19.92, -19.61, -19.64, -19.42]

Feed Rates
[0.001, 0.0, 0.0, 0.0, 0.0, 0.001, 0.001, 0.001, 0.001, 0.001, 0.001, 0.002, 0.002, 0.003, 0.003, 0.004, 0.005, 0.006, 0.007, 0.007, 0.009, 0.01, 0.011, 0.013, 0.015, 0.017, 0.02, 0.023, 0.026, 0.03]

Growth Rates [h-1]
[0.153, 0.153, 0.153, 0.153, 0.153, 0.153, 0.153, 0.153, 0.153, 0.153, 0.153, 0.153, 0.153, 0.153, 0.153, 0.153, 0.153, 0.153, 0.153, 0.153, 0.153, 0.153, 0.153, 0.153, 0.153, 0.153, 0.153, 0.153, 0.153, 0.153]

Final Product Amount [mmol]
304.59446164461525

Final Biomass Amount [g]
25.81861889276396

Process End
34.0
#-------------------------