#-------------------------
Termination Status
LOCALLY_INFEASIBLE

Time Elapsed
14.708506011

Objective Value
1121.8931686394208

Normalized Complementary Slackness
-32.7556282341022

Finite Elements
[0.91, 0.91, 0.91, 0.91, 0.91, 0.91, 0.91, 0.91, 0.91, 0.92, 0.92, 0.92, 1.25, 0.94, 0.95, 1.33, 1.34, 1.34, 1.34, 1.34, 1.34, 1.34, 1.22, 1.33, 1.34, 1.35, 1.35, 1.34, 1.34, 1.25]

Complementary Slackness per Finite Element
[-29.37, -30.1, -34.43, -35.04, -34.3, -35.01, -34.84, -35.28, -36.79, -35.18, -34.81, -34.56, -34.28, -34.17, -34.01, -34.09, -34.13, -34.11, -34.03, -33.92, -33.82, -33.75, -33.7, -28.39, -28.49, -28.13, -28.42, -28.48, -28.5, -28.52]

Feed Rates
[0.001, 0.001, 0.001, 0.001, 0.001, 0.002, 0.002, 0.002, 0.002, 0.003, 0.003, 0.003, 0.004, 0.004, 0.005, 0.006, 0.007, 0.008, 0.01, 0.012, 0.014, 0.017, 0.02, 0.024, 0.028, 0.034, 0.041, 0.049, 0.059, 0.07]

Growth Rates [h-1]
[0.134, 0.134, 0.134, 0.134, 0.134, 0.134, 0.134, 0.134, 0.134, 0.134, 0.134, 0.134, 0.134, 0.134, 0.134, 0.134, 0.134, 0.134, 0.134, 0.134, 0.134, 0.134, 0.134, 0.134, 0.134, 0.134, 0.134, 0.134, 0.134, 0.134]

Final Product Amount [mmol]
1138.260853674943

Final Biomass Amount [g]
68.01372655789615

Process End
34.0
#-------------------------