#-------------------------
Termination Status
LOCALLY_INFEASIBLE

Time Elapsed
16.832684691

Objective Value
310.1488989899113

Normalized Complementary Slackness
-23.927566179792258

Finite Elements
[2.32, 2.32, 2.21, 1.95, 1.91, 1.86, 1.8, 1.73, 1.64, 1.57, 1.55, 1.55, 1.55, 1.55, 1.55, 1.55, 1.55, 1.55, 1.55, 1.55, 2.32, 2.32, 2.32, 2.32, 2.32, 2.32, 2.32, 2.32, 2.32, 2.32]

Complementary Slackness per Finite Element
[-23.84, -23.87, -23.89, -23.9, -23.89, -23.94, -23.92, -23.93, -23.95, -24.03, -24.05, -24.06, -24.09, -24.1, -24.1, -24.07, -24.05, -24.02, -24.01, -24.0, -23.97, -23.92, -23.92, -23.78, -23.73, -23.69, -23.73, -23.79, -23.83, -23.74]

Feed Rates
[0.001, 0.0, 0.0, 0.0, 0.0, 0.0, 0.0, 0.0, 0.0, 0.0, 0.0, 0.0, 0.0, 0.0, 0.0, 0.0, 0.0, 0.0, 0.0, 0.001, 0.001, 0.001, 0.002, 0.003, 0.004, 0.006, 0.009, 0.014, 0.02, 0.03]

Growth Rates [h-1]
[0.171, 0.171, 0.171, 0.171, 0.171, 0.171, 0.171, 0.171, 0.171, 0.171, 0.171, 0.171, 0.171, 0.171, 0.171, 0.171, 0.171, 0.171, 0.171, 0.171, 0.171, 0.171, 0.171, 0.171, 0.171, 0.171, 0.171, 0.171, 0.171, 0.171]

Final Product Amount [mmol]
330.508662521109

Final Biomass Amount [g]
30.141993735573468

Process End
58.0
#-------------------------