#-------------------------
Termination Status
LOCALLY_INFEASIBLE

Time Elapsed
15.800984961

Objective Value
321.3145956150146

Normalized Complementary Slackness
-21.835040210951018

Finite Elements
[1.84, 1.84, 1.84, 1.84, 1.84, 1.84, 1.84, 1.84, 1.84, 1.84, 1.84, 1.84, 1.84, 1.84, 1.83, 1.24, 1.23, 1.23, 1.23, 1.23, 1.23, 1.23, 1.23, 1.23, 1.23, 1.23, 1.23, 1.23, 1.23, 1.23]

Complementary Slackness per Finite Element
[-22.27, -21.46, -21.5, -21.52, -21.53, -21.53, -21.56, -21.61, -21.69, -21.79, -21.94, -22.05, -22.07, -22.0, -21.92, -21.84, -21.84, -21.84, -21.84, -21.85, -21.9, -21.93, -21.92, -21.96, -21.98, -21.96, -21.95, -21.93, -21.94, -21.94]

Feed Rates
[0.001, 0.0, 0.0, 0.0, 0.0, 0.0, 0.0, 0.0, 0.0, 0.0, 0.001, 0.001, 0.001, 0.001, 0.002, 0.002, 0.002, 0.003, 0.004, 0.004, 0.005, 0.006, 0.008, 0.009, 0.011, 0.013, 0.016, 0.02, 0.024, 0.028]

Growth Rates [h-1]
[0.153, 0.153, 0.153, 0.153, 0.153, 0.153, 0.153, 0.153, 0.153, 0.153, 0.153, 0.153, 0.153, 0.153, 0.153, 0.153, 0.153, 0.153, 0.153, 0.153, 0.153, 0.153, 0.153, 0.153, 0.153, 0.153, 0.153, 0.153, 0.153, 0.153]

Final Product Amount [mmol]
336.560959290654

Final Biomass Amount [g]
25.63502218862431

Process End
46.0
#-------------------------