#-------------------------
Termination Status
LOCALLY_INFEASIBLE

Time Elapsed
17.117049941

Objective Value
101.60697314511168

Normalized Complementary Slackness
-21.00733326202627

Finite Elements
[1.47, 2.2, 2.2, 2.2, 2.2, 2.2, 2.2, 2.2, 2.2, 2.2, 2.2, 2.2, 2.2, 2.2, 2.03, 2.2, 1.64, 1.47, 1.47, 1.47, 1.47, 1.47, 1.47, 1.47, 1.47, 1.47, 1.47, 1.47, 1.47, 1.47]

Complementary Slackness per Finite Element
[-23.53, -20.62, -20.66, -20.81, -20.92, -20.98, -21.01, -21.02, -21.02, -21.01, -21.0, -20.99, -20.97, -21.11, -20.36, -21.38, -20.88, -20.96, -20.94, -20.94, -20.93, -20.93, -20.93, -20.92, -20.92, -20.92, -20.92, -20.91, -20.95, -20.77]

Feed Rates
[0.001, 0.0, 0.0, 0.0, 0.0, 0.0, 0.0, 0.0, 0.001, 0.001, 0.001, 0.001, 0.001, 0.002, 0.002, 0.003, 0.003, 0.004, 0.004, 0.005, 0.006, 0.007, 0.008, 0.009, 0.011, 0.012, 0.014, 0.016, 0.019, 0.022]

Growth Rates [h-1]
[0.097, 0.097, 0.097, 0.097, 0.097, 0.097, 0.097, 0.097, 0.097, 0.097, 0.097, 0.097, 0.097, 0.097, 0.097, 0.097, 0.097, 0.097, 0.097, 0.097, 0.097, 0.097, 0.097, 0.097, 0.097, 0.097, 0.097, 0.097, 0.097, 0.097]

Final Product Amount [mmol]
597.1105342983165

Final Biomass Amount [g]
25.255895987508605

Process End
55.0
#-------------------------