#-------------------------
Termination Status
LOCALLY_INFEASIBLE

Time Elapsed
18.081750938

Objective Value
301.56690529904836

Normalized Complementary Slackness
-17.957102050719314

Finite Elements
[2.44, 2.44, 2.44, 2.44, 2.44, 2.44, 2.44, 2.28, 2.44, 2.44, 2.35, 2.11, 1.72, 1.63, 1.63, 1.63, 1.63, 1.63, 1.63, 1.63, 1.63, 1.63, 1.63, 1.63, 1.63, 1.97, 2.26, 2.37, 2.19, 2.27]

Complementary Slackness per Finite Element
[-18.39, -17.87, -17.88, -17.88, -17.89, -17.9, -17.92, -17.9, -17.91, -17.95, -17.96, -17.99, -17.97, -17.96, -17.96, -17.96, -17.95, -17.94, -17.91, -17.9, -17.89, -17.9, -17.91, -17.92, -17.89, -17.87, -17.99, -17.97, -18.14, -18.23]

Feed Rates
[0.001, 0.0, 0.0, 0.0, 0.0, 0.0, 0.0, 0.0, 0.0, 0.0, 0.0, 0.0, 0.0, 0.0, 0.0, 0.0, 0.001, 0.001, 0.001, 0.001, 0.002, 0.002, 0.003, 0.004, 0.005, 0.007, 0.01, 0.014, 0.021, 0.031]

Growth Rates [h-1]
[0.171, 0.171, 0.171, 0.171, 0.171, 0.171, 0.171, 0.171, 0.171, 0.171, 0.171, 0.171, 0.171, 0.171, 0.171, 0.171, 0.171, 0.171, 0.171, 0.171, 0.171, 0.171, 0.171, 0.171, 0.171, 0.171, 0.171, 0.171, 0.171, 0.171]

Final Product Amount [mmol]
315.81020971792003

Final Biomass Amount [g]
30.12895106009754

Process End
61.0
#-------------------------