#-------------------------
Termination Status
LOCALLY_INFEASIBLE

Time Elapsed
14.905458233

Objective Value
81.32792370623889

Normalized Complementary Slackness
-62.72084850737752

Finite Elements
[1.03, 0.92, 0.92, 0.92, 0.92, 0.92, 0.92, 0.92, 0.92, 0.93, 0.93, 1.14, 1.33, 1.34, 1.34, 1.34, 1.34, 1.34, 1.34, 1.34, 1.3, 1.3, 1.33, 1.25, 1.24, 1.22, 1.26, 1.1, 0.94, 0.94]

Complementary Slackness per Finite Element
[-66.35, -64.17, -63.04, -62.41, -62.03, -61.79, -61.64, -61.61, -61.64, -61.71, -61.8, -61.98, -61.99, -62.41, -62.8, -62.57, -62.75, -62.75, -62.77, -62.89, -63.17, -63.67, -64.02, -63.87, -63.7, -63.68, -63.5, -62.97, -61.94, -60.0]

Feed Rates
[0.001, 0.001, 0.001, 0.001, 0.001, 0.001, 0.001, 0.002, 0.002, 0.002, 0.002, 0.003, 0.003, 0.003, 0.004, 0.005, 0.005, 0.006, 0.007, 0.009, 0.01, 0.012, 0.014, 0.016, 0.018, 0.021, 0.025, 0.028, 0.032, 0.036]

Growth Rates [h-1]
[0.116, 0.116, 0.116, 0.116, 0.116, 0.116, 0.116, 0.116, 0.116, 0.116, 0.116, 0.116, 0.116, 0.116, 0.116, 0.116, 0.116, 0.116, 0.116, 0.116, 0.116, 0.116, 0.116, 0.116, 0.116, 0.116, 0.116, 0.116, 0.116, 0.116]

Final Product Amount [mmol]
452.99729459073393

Final Biomass Amount [g]
36.3764225504751

Process End
34.0
#-------------------------