#-------------------------
Termination Status
LOCALLY_INFEASIBLE

Time Elapsed
16.516182228

Objective Value
129.43728143381793

Normalized Complementary Slackness
-36.79930158777172

Finite Elements
[0.85, 0.66, 0.78, 0.82, 0.9, 0.92, 0.86, 0.91, 0.67, 0.87, 0.72, 0.91, 0.65, 0.67, 0.69, 0.91, 0.7, 0.68, 0.88, 0.87, 0.87, 0.86, 0.86, 0.7, 0.71, 0.84, 0.69, 0.69, 0.68, 0.65]

Complementary Slackness per Finite Element
[-35.4, -35.31, -35.31, -35.32, -35.53, -36.06, -36.17, -36.48, -36.95, -37.6, -37.53, -37.55, -37.57, -37.55, -37.64, -36.97, -37.04, -37.09, -37.08, -36.98, -37.09, -37.07, -37.05, -37.05, -37.06, -37.08, -37.11, -37.12, -37.11, -37.12]

Feed Rates
[0.001, 0.001, 0.001, 0.002, 0.002, 0.002, 0.002, 0.003, 0.003, 0.004, 0.004, 0.005, 0.006, 0.006, 0.007, 0.008, 0.009, 0.01, 0.012, 0.013, 0.016, 0.018, 0.021, 0.024, 0.027, 0.031, 0.036, 0.04, 0.045, 0.051]

Growth Rates [h-1]
[0.171, 0.171, 0.171, 0.171, 0.171, 0.171, 0.171, 0.171, 0.171, 0.171, 0.171, 0.171, 0.171, 0.171, 0.171, 0.171, 0.171, 0.171, 0.171, 0.171, 0.171, 0.171, 0.171, 0.171, 0.171, 0.171, 0.171, 0.171, 0.171, 0.171]

Final Product Amount [mmol]
368.02002962973575

Final Biomass Amount [g]
39.48243643463075

Process End
23.5
#-------------------------