#-------------------------
Termination Status
ALMOST_LOCALLY_SOLVED

Time Elapsed
587.116496008

Objective Value
131.11834435384856

Normalized Complementary Slackness
-15.981432554226746

Finite Elements
[0.64, 0.64, 0.64, 0.64, 0.64, 0.64, 0.64, 0.64, 0.64, 0.64, 0.43, 0.43, 0.43, 0.43, 0.43, 0.64, 0.64, 0.64, 0.64, 0.64, 0.43, 0.43, 0.43, 0.43, 0.43, 0.43, 0.43, 0.43, 0.43, 0.43]

Complementary Slackness per Finite Element
[-16.29, -16.29, -16.29, -16.28, -16.28, -16.28, -16.28, -16.28, -16.28, -16.28, -16.28, -16.28, -16.28, -16.28, -16.28, -15.68, -15.68, -15.68, -15.68, -15.68, -15.68, -15.68, -15.68, -15.68, -15.68, -15.68, -15.68, -15.68, -15.68, -15.68]

Feed Rates
[0.001, 0.001, 0.001, 0.002, 0.002, 0.002, 0.002, 0.003, 0.003, 0.003, 0.004, 0.004, 0.004, 0.005, 0.005, 0.005, 0.006, 0.006, 0.007, 0.008, 0.009, 0.009, 0.01, 0.011, 0.012, 0.013, 0.014, 0.015, 0.016, 0.017]

Growth Rates [h-1]
[0.189, 0.189, 0.189, 0.189, 0.189, 0.189, 0.189, 0.189, 0.189, 0.189, 0.189, 0.189, 0.189, 0.189, 0.189, 0.171, 0.171, 0.171, 0.171, 0.171, 0.171, 0.171, 0.171, 0.171, 0.171, 0.171, 0.171, 0.171, 0.171, 0.171]

Final Product Amount [mmol]
121.58530210387114

Final Biomass Amount [g]
12.813188858848806

Process End
16.0
#-------------------------