#-------------------------
Termination Status
LOCALLY_INFEASIBLE

Time Elapsed
18.057517007

Objective Value
48.76633145530167

Normalized Complementary Slackness
-18.33585982661783

Finite Elements
[0.83, 0.83, 0.83, 0.83, 0.83, 0.83, 0.83, 0.83, 0.83, 0.83, 0.83, 0.83, 0.83, 0.83, 0.84, 1.22, 1.24, 1.24, 1.24, 1.24, 1.24, 1.24, 1.24, 1.24, 1.24, 1.24, 1.24, 1.24, 1.24, 1.24]

Complementary Slackness per Finite Element
[-18.2, -18.25, -18.26, -18.26, -18.26, -18.26, -18.26, -18.26, -18.26, -18.31, -18.31, -18.32, -18.33, -18.34, -18.35, -18.35, -18.36, -18.37, -18.38, -18.38, -18.39, -18.39, -18.4, -18.4, -18.4, -18.4, -18.41, -18.41, -18.41, -18.41]

Feed Rates
[0.001, 0.0, 0.0, 0.0, 0.0, 0.0, 0.0, 0.0, 0.0, 0.0, 0.001, 0.001, 0.001, 0.001, 0.001, 0.001, 0.002, 0.002, 0.003, 0.003, 0.004, 0.005, 0.007, 0.008, 0.011, 0.013, 0.017, 0.021, 0.027, 0.034]

Growth Rates [h-1]
[0.189, 0.189, 0.189, 0.189, 0.189, 0.189, 0.189, 0.189, 0.189, 0.189, 0.189, 0.189, 0.189, 0.189, 0.189, 0.189, 0.189, 0.189, 0.189, 0.189, 0.189, 0.189, 0.189, 0.189, 0.189, 0.189, 0.189, 0.189, 0.189, 0.189]

Final Product Amount [mmol]
198.10843776455076

Final Biomass Amount [g]
27.280526761016844

Process End
31.0
#-------------------------