#-------------------------
Termination Status
LOCALLY_SOLVED

Time Elapsed
610.622396129

Objective Value
60.67721449365789

Normalized Complementary Slackness
-27.302371736449636

Finite Elements
[0.46, 0.46, 0.46, 0.46, 0.46, 0.46, 0.46, 0.31, 0.31, 0.31, 0.31, 0.31, 0.31, 0.31, 0.31, 0.31, 0.31, 0.31, 0.31, 0.31, 0.31, 0.31, 0.46, 0.46, 0.46, 0.46, 0.46, 0.46, 0.46, 0.46]

Complementary Slackness per Finite Element
[-33.46, -33.46, -33.46, -33.45, -33.45, -33.45, -33.44, -33.44, -33.43, -33.43, -33.43, -33.42, -33.38, -33.38, -33.37, -33.36, -33.36, -33.35, -33.34, -33.32, -33.31, -30.36, -10.9, -10.9, -10.9, -10.9, -10.9, -10.9, -10.9, -10.9]

Feed Rates
[0.001, 0.001, 0.001, 0.001, 0.002, 0.002, 0.002, 0.002, 0.002, 0.002, 0.002, 0.003, 0.003, 0.003, 0.003, 0.003, 0.003, 0.004, 0.004, 0.004, 0.004, 0.004, 0.003, 0.003, 0.003, 0.003, 0.004, 0.004, 0.004, 0.004]

Growth Rates [h-1]
[0.189, 0.189, 0.189, 0.189, 0.189, 0.189, 0.189, 0.189, 0.189, 0.189, 0.189, 0.189, 0.189, 0.189, 0.189, 0.189, 0.189, 0.189, 0.189, 0.189, 0.189, 0.184, 0.097, 0.097, 0.097, 0.097, 0.097, 0.097, 0.097, 0.097]

Final Product Amount [mmol]
70.1251462082279

Final Biomass Amount [g]
4.4611203772327475

Process End
11.5
#-------------------------