#-------------------------
Termination Status
LOCALLY_SOLVED

Time Elapsed
41.29962074

Objective Value
521.5489980019811

Normalized Complementary Slackness
-14.664127929667536

Finite Elements
[1.12, 1.12, 1.12, 1.12, 1.12, 1.12, 1.12, 1.12, 1.12, 1.12, 1.12, 1.12, 1.12, 1.12, 0.75, 1.12, 0.75, 0.75, 0.75, 0.75, 0.75, 0.75, 0.75, 0.75, 0.75, 0.75, 0.75, 0.75, 0.75, 0.75]

Complementary Slackness per Finite Element
[-16.95, -16.95, -16.95, -16.95, -16.95, -16.95, -16.95, -13.48, -10.9, -10.9, -10.9, -13.7, -14.63, -17.36, -10.9, -17.36, -10.9, -14.63, -14.63, -14.63, -14.63, -14.63, -14.63, -14.63, -14.63, -14.63, -14.63, -14.63, -14.63, -14.63]

Feed Rates
[0.001, 0.001, 0.002, 0.002, 0.003, 0.003, 0.004, 0.004, 0.004, 0.004, 0.004, 0.005, 0.006, 0.006, 0.007, 0.007, 0.008, 0.009, 0.01, 0.01, 0.011, 0.012, 0.013, 0.014, 0.015, 0.016, 0.017, 0.018, 0.02, 0.021]

Growth Rates [h-1]
[0.189, 0.189, 0.189, 0.189, 0.189, 0.189, 0.189, 0.137, 0.097, 0.097, 0.097, 0.097, 0.097, 0.097, 0.097, 0.097, 0.097, 0.097, 0.097, 0.097, 0.097, 0.097, 0.097, 0.097, 0.097, 0.097, 0.097, 0.097, 0.097, 0.097]

Final Product Amount [mmol]
518.0056815475514

Final Biomass Amount [g]
23.320782329722658

Process End
28.0
#-------------------------