#-------------------------
Termination Status
LOCALLY_SOLVED

Time Elapsed
95.668295963

Objective Value
117.5104669675073

Normalized Complementary Slackness
-14.853109473956332

Finite Elements
[0.7, 0.7, 0.7, 0.7, 0.7, 0.7, 0.7, 0.7, 0.7, 0.7, 0.7, 0.7, 0.7, 0.7, 0.7, 0.47, 0.47, 0.47, 0.47, 0.47, 0.47, 0.47, 0.47, 0.47, 0.47, 0.47, 0.47, 0.47, 0.47, 0.47]

Complementary Slackness per Finite Element
[-16.95, -16.95, -16.95, -16.95, -16.95, -16.95, -16.95, -16.95, -16.95, -16.95, -16.95, -16.95, -16.95, -16.95, -16.95, -16.95, -16.95, -12.11, -12.11, -12.11, -12.11, -12.11, -12.11, -12.11, -12.11, -12.11, -12.11, -12.11, -12.11, -12.11]

Feed Rates
[0.001, 0.001, 0.001, 0.002, 0.002, 0.002, 0.002, 0.003, 0.003, 0.004, 0.004, 0.005, 0.005, 0.006, 0.007, 0.008, 0.009, 0.007, 0.007, 0.007, 0.008, 0.008, 0.009, 0.009, 0.01, 0.01, 0.011, 0.012, 0.012, 0.013]

Growth Rates [h-1]
[0.189, 0.189, 0.189, 0.189, 0.189, 0.189, 0.189, 0.189, 0.189, 0.189, 0.189, 0.189, 0.189, 0.189, 0.189, 0.189, 0.189, 0.116, 0.116, 0.116, 0.116, 0.116, 0.116, 0.116, 0.116, 0.116, 0.116, 0.116, 0.116, 0.116]

Final Product Amount [mmol]
220.5013784442786

Final Biomass Amount [g]
12.495421334765872

Process End
17.5
#-------------------------