#-------------------------
Termination Status
LOCALLY_INFEASIBLE

Time Elapsed
15.607579414

Objective Value
101.6024492312131

Normalized Complementary Slackness
-24.488458213495147

Finite Elements
[0.55, 0.55, 0.55, 0.56, 0.56, 0.8, 0.81, 0.81, 0.81, 0.81, 0.81, 0.8, 0.58, 0.8, 0.58, 0.8, 0.58, 0.8, 0.8, 0.58, 0.8, 0.8, 0.57, 0.57, 0.59, 0.62, 0.61, 0.64, 0.66, 0.73]

Complementary Slackness per Finite Element
[-24.49, -24.48, -24.48, -24.48, -24.49, -24.49, -24.49, -24.49, -24.48, -24.48, -24.48, -24.48, -24.49, -24.49, -24.49, -24.48, -24.49, -24.49, -24.49, -24.49, -24.48, -24.48, -24.48, -24.48, -24.48, -24.49, -24.49, -24.5, -24.52, -24.54]

Feed Rates
[0.001, 0.001, 0.001, 0.002, 0.002, 0.002, 0.002, 0.003, 0.003, 0.003, 0.004, 0.005, 0.005, 0.006, 0.007, 0.008, 0.009, 0.01, 0.012, 0.014, 0.015, 0.018, 0.021, 0.023, 0.026, 0.029, 0.032, 0.036, 0.041, 0.047]

Growth Rates [h-1]
[0.189, 0.189, 0.189, 0.189, 0.189, 0.189, 0.189, 0.189, 0.189, 0.189, 0.189, 0.189, 0.189, 0.189, 0.189, 0.189, 0.189, 0.189, 0.189, 0.189, 0.189, 0.189, 0.189, 0.189, 0.189, 0.189, 0.189, 0.189, 0.189, 0.189]

Final Product Amount [mmol]
245.43238887131997

Final Biomass Amount [g]
34.47344860877847

Process End
20.5
#-------------------------