#-------------------------
Termination Status
LOCALLY_INFEASIBLE

Time Elapsed
15.896360264

Objective Value
93.46398924568805

Normalized Complementary Slackness
-19.673462926715512

Finite Elements
[2.2, 2.2, 2.2, 2.2, 2.2, 2.2, 2.2, 2.2, 2.2, 2.2, 2.2, 2.18, 1.83, 1.57, 1.48, 1.47, 1.47, 1.47, 1.47, 1.98, 2.0, 1.93, 1.67, 1.47, 1.47, 1.47, 1.47, 1.47, 1.47, 1.47]

Complementary Slackness per Finite Element
[-23.26, -19.64, -19.46, -19.4, -19.36, -19.37, -19.37, -19.37, -19.41, -19.47, -19.52, -19.55, -19.54, -19.53, -19.53, -19.55, -19.57, -19.57, -19.54, -19.8, -19.71, -19.68, -19.66, -19.65, -19.64, -19.64, -19.63, -19.62, -19.66, -19.49]

Feed Rates
[0.001, 0.0, 0.0, 0.0, 0.0, 0.0, 0.0, 0.0, 0.0, 0.0, 0.0, 0.001, 0.001, 0.001, 0.001, 0.001, 0.002, 0.002, 0.003, 0.003, 0.004, 0.005, 0.007, 0.009, 0.011, 0.013, 0.016, 0.019, 0.023, 0.028]

Growth Rates [h-1]
[0.134, 0.134, 0.134, 0.134, 0.134, 0.134, 0.134, 0.134, 0.134, 0.134, 0.134, 0.134, 0.134, 0.134, 0.134, 0.134, 0.134, 0.134, 0.134, 0.134, 0.134, 0.134, 0.134, 0.134, 0.134, 0.134, 0.134, 0.134, 0.134, 0.134]

Final Product Amount [mmol]
566.1604931989486

Final Biomass Amount [g]
28.133274413294835

Process End
55.0
#-------------------------