#-------------------------
Termination Status
LOCALLY_INFEASIBLE

Time Elapsed
27.018037822

Objective Value
-373.7051968942787

Normalized Complementary Slackness
-482.46800778067364

Finite Elements
[2.44, 2.44, 2.44, 2.44, 2.44, 2.44, 2.43, 2.32, 1.68, 1.64, 1.63, 1.63, 1.63, 1.63, 1.65, 1.64, 1.77, 1.95, 2.07, 2.16, 2.21, 2.25, 2.27, 2.28, 2.26, 2.18, 1.98, 1.67, 1.8, 1.63]

Complementary Slackness per Finite Element
[-238.16, -234.63, -232.91, -231.64, -230.53, -229.89, -228.77, -228.78, -228.39, -228.11, -227.75, -227.36, -226.06, -226.8, -236.17, -247.83, -232.6, -233.55, -233.04, -231.69, -229.97, -227.44, -220.93, -217.2, -214.66, -218.67, -224.42, -229.88, -1355.2, -6701.0]

Feed Rates
[0.001, 0.0, 0.0, 0.0, 0.0, 0.0, 0.0, 0.0, 0.0, 0.001, 0.001, 0.001, 0.001, 0.001, 0.001, 0.001, 0.002, 0.002, 0.002, 0.003, 0.003, 0.004, 0.005, 0.007, 0.008, 0.01, 0.013, 0.015, 0.018, 0.021]

Growth Rates [h-1]
[0.097, 0.097, 0.097, 0.097, 0.097, 0.097, 0.097, 0.097, 0.097, 0.097, 0.097, 0.097, 0.097, 0.097, 0.097, 0.097, 0.097, 0.097, 0.097, 0.097, 0.097, 0.097, 0.097, 0.097, 0.097, 0.097, 0.097, 0.097, 0.097, 0.097]

Final Product Amount [mmol]
593.381172417739

Final Biomass Amount [g]
25.176301416939715

Process End
61.0
#-------------------------