#-------------------------
Termination Status
LOCALLY_INFEASIBLE

Time Elapsed
23.521649109

Objective Value
98.27283558279586

Normalized Complementary Slackness
-15.312588024769463

Finite Elements
[1.39, 2.08, 2.08, 2.08, 2.08, 2.08, 2.08, 2.08, 2.08, 2.08, 2.08, 2.08, 2.08, 2.08, 1.74, 2.08, 1.73, 1.39, 1.39, 1.39, 1.39, 1.39, 1.39, 1.39, 1.39, 1.39, 1.39, 1.39, 1.39, 1.39]

Complementary Slackness per Finite Element
[-15.52, -15.04, -15.23, -15.3, -15.32, -15.33, -15.33, -15.33, -15.33, -15.33, -15.32, -15.34, -15.27, -16.35, -14.26, -15.36, -15.31, -15.32, -15.32, -15.32, -15.32, -15.32, -15.33, -15.3, -15.32, -15.31, -15.32, -15.31, -15.32, -15.3]

Feed Rates
[0.001, 0.0, 0.0, 0.0, 0.0, 0.0, 0.0, 0.001, 0.001, 0.001, 0.001, 0.001, 0.001, 0.002, 0.002, 0.003, 0.003, 0.004, 0.004, 0.005, 0.006, 0.006, 0.007, 0.008, 0.01, 0.011, 0.013, 0.015, 0.017, 0.019]

Growth Rates [h-1]
[0.097, 0.097, 0.097, 0.097, 0.097, 0.097, 0.097, 0.097, 0.097, 0.097, 0.097, 0.097, 0.097, 0.097, 0.097, 0.097, 0.097, 0.097, 0.097, 0.097, 0.097, 0.097, 0.097, 0.097, 0.097, 0.097, 0.097, 0.097, 0.097, 0.097]

Final Product Amount [mmol]
523.2748064303546

Final Biomass Amount [g]
22.157196124983294

Process End
52.0
#-------------------------