#-------------------------
Termination Status
LOCALLY_INFEASIBLE

Time Elapsed
16.165956051

Objective Value
441.78387194549026

Normalized Complementary Slackness
-54.71395612299921

Finite Elements
[2.8, 2.8, 2.8, 2.8, 2.8, 2.8, 2.8, 2.8, 2.8, 2.8, 2.8, 2.8, 2.8, 2.79, 2.13, 1.88, 1.87, 1.87, 1.87, 1.87, 1.87, 1.87, 1.87, 1.87, 2.41, 1.97, 1.87, 1.87, 1.87, 1.87]

Complementary Slackness per Finite Element
[-57.58, -57.1, -55.01, -54.48, -54.38, -54.35, -54.35, -54.38, -54.43, -54.51, -54.59, -54.65, -54.51, -54.83, -54.73, -54.65, -54.68, -54.85, -55.11, -55.31, -55.35, -55.14, -54.54, -54.35, -54.1, -53.95, -53.96, -53.91, -53.95, -53.69]

Feed Rates
[0.001, 0.0, 0.0, 0.0, 0.0, 0.0, 0.0, 0.0, 0.0, 0.0, 0.0, 0.0, 0.0, 0.0, 0.0, 0.001, 0.001, 0.001, 0.001, 0.002, 0.002, 0.003, 0.004, 0.005, 0.006, 0.009, 0.011, 0.014, 0.018, 0.024]

Growth Rates [h-1]
[0.134, 0.134, 0.134, 0.134, 0.134, 0.134, 0.134, 0.134, 0.134, 0.134, 0.134, 0.134, 0.134, 0.134, 0.134, 0.134, 0.134, 0.134, 0.134, 0.134, 0.134, 0.134, 0.134, 0.134, 0.134, 0.134, 0.134, 0.134, 0.134, 0.134]

Final Product Amount [mmol]
489.60108992045156

Final Biomass Amount [g]
24.56432960588969

Process End
70.0
#-------------------------