#-------------------------
Termination Status
ALMOST_LOCALLY_SOLVED

Time Elapsed
477.086994583

Objective Value
58.64529558237332

Normalized Complementary Slackness
-15.620131012879055

Finite Elements
[0.58, 0.58, 0.58, 0.58, 0.58, 0.58, 0.58, 0.58, 0.58, 0.58, 0.58, 0.58, 0.58, 0.39, 0.46, 0.56, 0.51, 0.39, 0.39, 0.39, 0.39, 0.39, 0.39, 0.39, 0.39, 0.39, 0.39, 0.39, 0.39, 0.39]

Complementary Slackness per Finite Element
[-16.77, -16.77, -16.77, -16.77, -16.77, -16.77, -16.77, -16.77, -16.77, -16.77, -16.77, -16.77, -16.76, -16.76, -15.4, -15.03, -14.53, -14.53, -14.53, -14.53, -14.53, -14.53, -14.53, -14.53, -14.53, -14.53, -14.53, -14.53, -14.53, -14.53]

Feed Rates
[0.001, 0.001, 0.001, 0.002, 0.002, 0.002, 0.002, 0.002, 0.003, 0.003, 0.003, 0.004, 0.004, 0.005, 0.004, 0.005, 0.005, 0.005, 0.006, 0.006, 0.006, 0.007, 0.007, 0.008, 0.008, 0.008, 0.009, 0.01, 0.01, 0.011]

Growth Rates [h-1]
[0.189, 0.189, 0.189, 0.189, 0.189, 0.189, 0.189, 0.189, 0.189, 0.189, 0.189, 0.189, 0.189, 0.189, 0.153, 0.153, 0.153, 0.153, 0.153, 0.153, 0.153, 0.153, 0.153, 0.153, 0.153, 0.153, 0.153, 0.153, 0.153, 0.153]

Final Product Amount [mmol]
102.68578133366134

Final Biomass Amount [g]
8.689597043474379

Process End
14.5
#-------------------------