#-------------------------
Termination Status
LOCALLY_INFEASIBLE

Time Elapsed
18.963439226

Objective Value
359.63048098865465

Normalized Complementary Slackness
-20.034429623425186

Finite Elements
[0.91, 1.36, 1.36, 1.02, 0.91, 0.91, 0.91, 0.91, 0.91, 0.91, 0.91, 0.91, 0.91, 0.91, 1.03, 1.18, 1.24, 1.28, 0.92, 1.31, 1.22, 1.29, 1.3, 1.35, 1.36, 1.36, 1.36, 1.36, 1.36, 1.36]

Complementary Slackness per Finite Element
[-20.98, -21.59, -21.44, -19.82, -19.41, -19.33, -19.37, -19.43, -19.47, -19.87, -19.39, -19.48, -20.0, -19.5, -19.81, -20.13, -19.94, -20.03, -19.77, -19.88, -19.8, -19.83, -19.93, -20.37, -20.0, -21.22, -20.3, -20.74, -20.02, -20.16]

Feed Rates
[0.001, 0.0, 0.0, 0.0, 0.0, 0.001, 0.001, 0.001, 0.001, 0.001, 0.001, 0.001, 0.001, 0.002, 0.002, 0.002, 0.003, 0.003, 0.004, 0.004, 0.005, 0.006, 0.008, 0.009, 0.011, 0.014, 0.017, 0.021, 0.026, 0.032]

Growth Rates [h-1]
[0.153, 0.153, 0.153, 0.153, 0.153, 0.153, 0.153, 0.153, 0.153, 0.153, 0.153, 0.153, 0.153, 0.153, 0.153, 0.153, 0.153, 0.153, 0.153, 0.153, 0.153, 0.153, 0.153, 0.153, 0.153, 0.153, 0.153, 0.153, 0.153, 0.153]

Final Product Amount [mmol]
372.7819297563891

Final Biomass Amount [g]
29.48655701467823

Process End
34.0
#-------------------------