#-------------------------
Termination Status
LOCALLY_INFEASIBLE

Time Elapsed
25.41243933

Objective Value
214.7016081219031

Normalized Complementary Slackness
-18.59775904514429

Finite Elements
[2.2, 2.2, 2.19, 1.74, 1.47, 1.47, 1.47, 1.47, 1.47, 1.47, 1.47, 1.47, 1.47, 1.47, 1.47, 1.47, 1.47, 1.92, 1.47, 2.2, 2.2, 2.2, 2.2, 2.2, 2.2, 2.2, 2.2, 2.2, 2.2, 2.2]

Complementary Slackness per Finite Element
[-18.16, -21.4, -21.62, -21.33, -21.15, -18.88, -17.83, -16.75, -15.71, -14.55, -14.35, -13.59, -13.62, -13.44, -16.39, -15.99, -15.99, -16.37, -21.29, -21.39, -21.75, -21.71, -19.76, -19.72, -21.55, -20.69, -20.61, -20.52, -20.35, -21.48]

Feed Rates
[0.001, 0.0, 0.0, 0.0, 0.0, 0.0, 0.0, 0.0, 0.0, 0.001, 0.001, 0.001, 0.001, 0.001, 0.001, 0.001, 0.001, 0.002, 0.002, 0.002, 0.003, 0.004, 0.005, 0.006, 0.007, 0.009, 0.011, 0.013, 0.016, 0.02]

Growth Rates [h-1]
[0.097, 0.097, 0.097, 0.097, 0.097, 0.097, 0.097, 0.097, 0.097, 0.097, 0.097, 0.097, 0.097, 0.097, 0.097, 0.097, 0.097, 0.097, 0.097, 0.097, 0.097, 0.097, 0.097, 0.097, 0.097, 0.097, 0.097, 0.097, 0.097, 0.097]

Final Product Amount [mmol]
228.00414908848816

Final Biomass Amount [g]
25.248345990327557

Process End
55.0
#-------------------------