#-------------------------
Termination Status
LOCALLY_INFEASIBLE

Time Elapsed
16.669400293

Objective Value
476.319107750395

Normalized Complementary Slackness
-270.0015402568131

Finite Elements
[1.56, 1.56, 1.56, 1.56, 1.56, 1.56, 1.56, 1.57, 1.57, 1.58, 1.75, 2.26, 2.29, 2.29, 2.24, 2.3, 2.29, 2.13, 1.6, 1.6, 1.61, 1.6, 2.27, 2.32, 2.3, 2.31, 2.32, 2.3, 2.29, 2.29]

Complementary Slackness per Finite Element
[-271.57, -271.39, -271.27, -271.18, -271.1, -271.03, -270.96, -270.9, -270.83, -270.76, -270.68, -270.7, -270.59, -270.49, -270.38, -270.2, -269.99, -269.77, -269.92, -269.87, -269.81, -269.72, -269.04, -268.91, -268.79, -268.64, -268.64, -268.57, -268.23, -266.1]

Feed Rates
[0.001, 0.001, 0.001, 0.001, 0.001, 0.001, 0.001, 0.001, 0.001, 0.001, 0.001, 0.002, 0.002, 0.002, 0.002, 0.003, 0.003, 0.004, 0.004, 0.004, 0.005, 0.005, 0.006, 0.007, 0.008, 0.009, 0.01, 0.012, 0.014, 0.016]

Growth Rates [h-1]
[0.061, 0.061, 0.061, 0.061, 0.061, 0.061, 0.061, 0.061, 0.061, 0.061, 0.061, 0.061, 0.061, 0.061, 0.061, 0.061, 0.061, 0.061, 0.061, 0.061, 0.061, 0.061, 0.061, 0.061, 0.061, 0.061, 0.061, 0.061, 0.061, 0.061]

Final Product Amount [mmol]
733.7765054084923

Final Biomass Amount [g]
23.807434191022327

Process End
58.0
#-------------------------