#-------------------------
Termination Status
LOCALLY_INFEASIBLE

Time Elapsed
15.323221253

Objective Value
392.6491906520892

Normalized Complementary Slackness
-113.6500502646756

Finite Elements
[0.99, 1.48, 1.48, 1.48, 1.48, 1.48, 1.48, 1.48, 1.48, 1.48, 1.48, 1.48, 1.48, 1.47, 1.18, 1.46, 1.28, 1.02, 0.99, 0.99, 0.99, 0.99, 0.99, 0.99, 0.99, 0.99, 0.99, 0.99, 0.99, 0.99]

Complementary Slackness per Finite Element
[-114.56, -114.61, -114.59, -114.5, -114.43, -114.37, -114.31, -114.23, -114.13, -114.01, -113.83, -113.72, -113.52, -113.24, -113.31, -113.16, -113.14, -113.13, -113.17, -113.14, -113.21, -113.18, -113.15, -113.05, -112.95, -112.87, -113.0, -113.08, -113.43, -114.5]

Feed Rates
[0.001, 0.0, 0.0, 0.0, 0.0, 0.001, 0.001, 0.001, 0.001, 0.001, 0.001, 0.002, 0.002, 0.003, 0.003, 0.004, 0.005, 0.005, 0.006, 0.007, 0.008, 0.009, 0.01, 0.012, 0.014, 0.016, 0.018, 0.02, 0.023, 0.026]

Growth Rates [h-1]
[0.134, 0.134, 0.134, 0.134, 0.134, 0.134, 0.134, 0.134, 0.134, 0.134, 0.134, 0.134, 0.134, 0.134, 0.134, 0.134, 0.134, 0.134, 0.134, 0.134, 0.134, 0.134, 0.134, 0.134, 0.134, 0.134, 0.134, 0.134, 0.134, 0.134]

Final Product Amount [mmol]
494.7034712892723

Final Biomass Amount [g]
24.863264256516857

Process End
37.0
#-------------------------