#-------------------------
Termination Status
LOCALLY_SOLVED

Time Elapsed
23.688106809

Objective Value
110.02799508218487

Normalized Complementary Slackness
-11.701996787911714

Finite Elements
[0.64, 0.64, 0.64, 0.64, 0.64, 0.64, 0.64, 0.64, 0.64, 0.64, 0.64, 0.64, 0.64, 0.64, 0.64, 0.43, 0.43, 0.43, 0.43, 0.43, 0.43, 0.43, 0.43, 0.43, 0.43, 0.43, 0.43, 0.43, 0.43, 0.43]

Complementary Slackness per Finite Element
[-11.7, -11.7, -11.7, -11.7, -11.7, -11.7, -11.7, -11.7, -11.7, -11.7, -11.7, -11.7, -11.7, -11.7, -11.7, -11.7, -11.7, -11.7, -11.7, -11.7, -11.7, -11.7, -11.7, -11.7, -11.7, -11.7, -11.7, -11.7, -11.7, -11.7]

Feed Rates
[0.001, 0.001, 0.001, 0.002, 0.002, 0.002, 0.002, 0.003, 0.003, 0.003, 0.004, 0.004, 0.005, 0.005, 0.006, 0.007, 0.007, 0.008, 0.009, 0.009, 0.01, 0.011, 0.012, 0.013, 0.014, 0.015, 0.016, 0.018, 0.019, 0.021]

Growth Rates [h-1]
[0.189, 0.189, 0.189, 0.189, 0.189, 0.189, 0.189, 0.189, 0.189, 0.189, 0.189, 0.189, 0.189, 0.189, 0.189, 0.189, 0.189, 0.189, 0.189, 0.189, 0.189, 0.189, 0.189, 0.189, 0.189, 0.189, 0.189, 0.189, 0.189, 0.189]

Final Product Amount [mmol]
101.94861277410095

Final Biomass Amount [g]
14.700800139279412

Process End
16.0
#-------------------------