#-------------------------
Termination Status
LOCALLY_SOLVED

Time Elapsed
74.756373205

Objective Value
211.24535720418035

Normalized Complementary Slackness
-14.270816528231078

Finite Elements
[1.12, 1.12, 1.12, 1.12, 1.12, 1.12, 1.12, 1.12, 1.12, 1.12, 1.12, 1.12, 1.12, 1.12, 1.12, 0.75, 0.75, 0.75, 0.75, 0.75, 0.75, 0.75, 0.75, 0.75, 0.75, 0.75, 0.75, 0.75, 0.75, 0.75]

Complementary Slackness per Finite Element
[-16.95, -16.95, -16.95, -16.95, -16.95, -12.9, -12.11, -12.11, -12.11, -12.11, -13.61, -14.16, -14.16, -14.16, -15.67, -12.11, -14.16, -14.16, -14.16, -14.16, -14.16, -14.16, -14.16, -14.16, -14.16, -14.16, -14.16, -14.16, -14.16, -14.16]

Feed Rates
[0.001, 0.001, 0.002, 0.002, 0.003, 0.002, 0.003, 0.003, 0.003, 0.004, 0.004, 0.005, 0.006, 0.006, 0.007, 0.008, 0.009, 0.01, 0.011, 0.012, 0.013, 0.014, 0.015, 0.017, 0.018, 0.02, 0.021, 0.023, 0.026, 0.028]

Growth Rates [h-1]
[0.189, 0.189, 0.189, 0.189, 0.189, 0.128, 0.116, 0.116, 0.116, 0.116, 0.116, 0.116, 0.116, 0.116, 0.116, 0.116, 0.116, 0.116, 0.116, 0.116, 0.116, 0.116, 0.116, 0.116, 0.116, 0.116, 0.116, 0.116, 0.116, 0.116]

Final Product Amount [mmol]
578.3366271341529

Final Biomass Amount [g]
27.799659767661105

Process End
28.0
#-------------------------