#-------------------------
Termination Status
LOCALLY_INFEASIBLE

Time Elapsed
16.47716216

Objective Value
182.73218395813325

Normalized Complementary Slackness
-19.862805378149794

Finite Elements
[0.99, 1.48, 1.48, 1.48, 1.48, 1.48, 1.48, 1.48, 1.48, 1.48, 1.48, 1.48, 1.48, 1.48, 1.29, 1.46, 1.2, 0.99, 0.99, 0.99, 0.99, 0.99, 0.99, 0.99, 0.99, 0.99, 0.99, 0.99, 0.99, 0.99]

Complementary Slackness per Finite Element
[-20.93, -19.81, -19.82, -19.82, -19.82, -19.81, -19.81, -19.8, -19.8, -19.8, -19.77, -19.77, -19.76, -19.72, -19.71, -19.71, -19.74, -19.77, -19.81, -19.93, -19.78, -19.75, -19.87, -20.27, -20.64, -19.75, -19.73, -19.68, -19.68, -19.82]

Feed Rates
[0.001, 0.0, 0.0, 0.0, 0.0, 0.0, 0.0, 0.0, 0.0, 0.0, 0.001, 0.001, 0.001, 0.001, 0.002, 0.002, 0.003, 0.004, 0.005, 0.005, 0.007, 0.008, 0.01, 0.011, 0.014, 0.017, 0.02, 0.024, 0.029, 0.035]

Growth Rates [h-1]
[0.189, 0.189, 0.189, 0.189, 0.189, 0.189, 0.189, 0.189, 0.189, 0.189, 0.189, 0.189, 0.189, 0.189, 0.189, 0.189, 0.189, 0.189, 0.189, 0.189, 0.189, 0.189, 0.189, 0.189, 0.189, 0.189, 0.189, 0.189, 0.189, 0.189]

Final Product Amount [mmol]
198.7414547339044

Final Biomass Amount [g]
27.198854582513867

Process End
37.0
#-------------------------