#-------------------------
Termination Status
LOCALLY_INFEASIBLE

Time Elapsed
16.82049583

Objective Value
228.48285890205372

Normalized Complementary Slackness
-15.74961530155721

Finite Elements
[2.07, 2.02, 2.05, 1.98, 2.02, 1.98, 2.06, 1.39, 1.4, 1.4, 1.4, 1.4, 1.4, 1.41, 1.41, 1.4, 1.96, 1.4, 1.42, 1.43, 2.08, 1.45, 1.47, 1.53, 2.08, 2.08, 2.08, 2.08, 2.08, 2.08]

Complementary Slackness per Finite Element
[-15.89, -15.76, -15.79, -15.79, -15.79, -15.76, -20.12, -10.38, -15.76, -15.79, -15.79, -15.79, -15.79, -15.78, -15.79, -15.76, -15.87, -15.68, -15.79, -15.77, -15.81, -15.76, -15.79, -15.78, -15.79, -15.78, -15.78, -15.78, -15.79, -15.78]

Feed Rates
[0.001, 0.001, 0.001, 0.001, 0.001, 0.001, 0.002, 0.002, 0.002, 0.002, 0.003, 0.003, 0.003, 0.004, 0.004, 0.005, 0.005, 0.006, 0.007, 0.007, 0.008, 0.01, 0.011, 0.012, 0.014, 0.017, 0.02, 0.023, 0.027, 0.032]

Growth Rates [h-1]
[0.079, 0.079, 0.079, 0.079, 0.079, 0.079, 0.079, 0.079, 0.079, 0.079, 0.079, 0.079, 0.079, 0.079, 0.079, 0.079, 0.079, 0.079, 0.079, 0.079, 0.079, 0.079, 0.079, 0.079, 0.079, 0.079, 0.079, 0.079, 0.079, 0.079]

Final Product Amount [mmol]
1135.7793511780974

Final Biomass Amount [g]
43.108731094295415

Process End
52.0
#-------------------------