#-------------------------
Termination Status
LOCALLY_INFEASIBLE

Time Elapsed
19.384246788

Objective Value
48.32747096222915

Normalized Complementary Slackness
-16.7604251582835

Finite Elements
[2.68, 2.68, 2.68, 2.68, 1.97, 1.79, 1.79, 1.79, 1.79, 1.79, 1.79, 1.79, 1.79, 1.79, 1.79, 1.79, 1.79, 1.79, 1.79, 2.48, 2.68, 2.68, 2.68, 2.68, 2.68, 2.68, 2.68, 2.68, 2.68, 2.68]

Complementary Slackness per Finite Element
[-18.71, -18.34, -17.17, -17.88, -17.1, -17.02, -16.87, -16.77, -15.74, -15.03, -15.25, -15.33, -14.89, -14.86, -14.82, -16.72, -16.25, -14.95, -15.93, -16.4, -17.0, -16.97, -16.83, -17.59, -17.34, -17.75, -17.82, -18.2, -18.35, -18.98]

Feed Rates
[0.001, 0.0, 0.0, 0.0, 0.0, 0.0, 0.0, 0.0, 0.0, 0.0, 0.0, 0.0, 0.0, 0.001, 0.001, 0.001, 0.001, 0.001, 0.001, 0.001, 0.002, 0.002, 0.003, 0.004, 0.005, 0.007, 0.009, 0.012, 0.015, 0.019]

Growth Rates [h-1]
[0.097, 0.097, 0.097, 0.097, 0.097, 0.097, 0.097, 0.097, 0.097, 0.097, 0.097, 0.097, 0.097, 0.097, 0.097, 0.097, 0.097, 0.097, 0.097, 0.097, 0.097, 0.097, 0.097, 0.097, 0.097, 0.097, 0.097, 0.097, 0.097, 0.097]

Final Product Amount [mmol]
389.6874252529703

Final Biomass Amount [g]
25.13008411669935

Process End
67.0
#-------------------------