#-------------------------
Termination Status
LOCALLY_INFEASIBLE

Time Elapsed
15.516027357

Objective Value
535.4362726301134

Normalized Complementary Slackness
-82.42273388834974

Finite Elements
[1.49, 1.48, 1.49, 1.49, 1.49, 1.49, 1.49, 1.49, 1.49, 1.49, 1.49, 1.49, 1.5, 1.5, 1.5, 2.09, 2.14, 2.16, 2.09, 2.19, 2.19, 2.19, 2.2, 2.2, 2.2, 2.2, 2.2, 2.2, 2.2, 2.2]

Complementary Slackness per Finite Element
[-78.13, -79.3, -79.44, -79.01, -79.61, -80.23, -79.64, -83.38, -93.42, -98.84, -114.66, -93.33, -92.14, -93.35, -93.77, -87.05, -79.64, -81.09, -81.25, -81.18, -79.56, -78.76, -74.79, -76.63, -75.29, -74.81, -74.87, -74.99, -71.08, -63.43]

Feed Rates
[0.001, 0.001, 0.001, 0.001, 0.001, 0.001, 0.001, 0.001, 0.001, 0.001, 0.001, 0.001, 0.002, 0.002, 0.002, 0.002, 0.002, 0.003, 0.003, 0.003, 0.004, 0.005, 0.005, 0.006, 0.007, 0.008, 0.009, 0.01, 0.012, 0.013]

Growth Rates [h-1]
[0.061, 0.061, 0.061, 0.061, 0.061, 0.061, 0.061, 0.061, 0.061, 0.061, 0.061, 0.061, 0.061, 0.061, 0.061, 0.061, 0.061, 0.061, 0.061, 0.061, 0.061, 0.061, 0.061, 0.061, 0.061, 0.061, 0.061, 0.061, 0.061, 0.061]

Final Product Amount [mmol]
608.0891376832786

Final Biomass Amount [g]
19.85224791008804

Process End
55.0
#-------------------------