#-------------------------
Termination Status
LOCALLY_INFEASIBLE

Time Elapsed
17.754374048

Objective Value
9.777403597987565

Normalized Complementary Slackness
-21.632930218791945

Finite Elements
[2.68, 2.67, 2.67, 2.67, 2.67, 2.6, 2.01, 2.0, 1.98, 1.95, 1.92, 1.87, 1.82, 1.8, 1.79, 1.79, 1.79, 1.79, 1.79, 1.79, 1.79, 1.79, 2.61, 2.68, 2.68, 2.68, 2.68, 2.68, 2.68, 2.68]

Complementary Slackness per Finite Element
[-21.15, -21.66, -21.65, -21.6, -21.61, -21.6, -21.59, -21.58, -21.58, -21.57, -21.54, -21.58, -21.67, -21.67, -21.68, -21.69, -21.69, -21.7, -21.7, -21.7, -21.7, -21.69, -21.68, -21.67, -21.68, -21.7, -21.69, -21.66, -21.64, -21.67]

Feed Rates
[0.001, 0.0, 0.0, 0.0, 0.0, 0.0, 0.0, 0.0, 0.0, 0.0, 0.0, 0.0, 0.0, 0.0, 0.0, 0.0, 0.0, 0.0, 0.0, 0.0, 0.0, 0.001, 0.001, 0.001, 0.002, 0.004, 0.006, 0.01, 0.016, 0.027]

Growth Rates [h-1]
[0.189, 0.189, 0.189, 0.189, 0.189, 0.189, 0.189, 0.189, 0.189, 0.189, 0.189, 0.189, 0.189, 0.189, 0.189, 0.189, 0.189, 0.189, 0.189, 0.189, 0.189, 0.189, 0.189, 0.189, 0.189, 0.189, 0.189, 0.189, 0.189, 0.189]

Final Product Amount [mmol]
198.02647145748142

Final Biomass Amount [g]
27.022466636333142

Process End
67.0
#-------------------------