#-------------------------
Termination Status
LOCALLY_INFEASIBLE

Time Elapsed
16.927153938

Objective Value
148.36861726300424

Normalized Complementary Slackness
-48.669352068706885

Finite Elements
[0.79, 0.92, 0.92, 0.92, 0.92, 0.92, 0.93, 0.93, 0.93, 0.93, 0.93, 0.93, 0.93, 0.92, 0.75, 0.64, 0.63, 0.63, 0.63, 0.63, 0.63, 0.63, 0.63, 0.63, 0.63, 0.64, 0.65, 0.67, 0.72, 0.94]

Complementary Slackness per Finite Element
[-48.66, -48.66, -48.68, -48.7, -48.7, -48.7, -48.71, -48.71, -48.71, -48.71, -48.7, -48.7, -48.7, -48.7, -48.66, -48.65, -48.67, -48.63, -48.59, -48.57, -48.62, -48.62, -48.63, -48.63, -48.64, -48.65, -48.66, -48.69, -48.72, -48.74]

Feed Rates
[0.001, 0.001, 0.002, 0.002, 0.002, 0.003, 0.003, 0.004, 0.004, 0.005, 0.006, 0.007, 0.009, 0.011, 0.012, 0.014, 0.016, 0.018, 0.021, 0.023, 0.026, 0.029, 0.033, 0.037, 0.042, 0.048, 0.054, 0.061, 0.069, 0.08]

Growth Rates [h-1]
[0.189, 0.189, 0.189, 0.189, 0.189, 0.189, 0.189, 0.189, 0.189, 0.189, 0.189, 0.189, 0.189, 0.189, 0.189, 0.189, 0.189, 0.189, 0.189, 0.189, 0.189, 0.189, 0.189, 0.189, 0.189, 0.189, 0.189, 0.189, 0.189, 0.189]

Final Product Amount [mmol]
437.2036770672037

Final Biomass Amount [g]
60.848444966033775

Process End
23.5
#-------------------------