#-------------------------
Termination Status
LOCALLY_SOLVED

Time Elapsed
57.325432996

Objective Value
150.69593705323715

Normalized Complementary Slackness
-16.669489285444552

Finite Elements
[2.32, 2.32, 2.32, 2.32, 2.32, 2.32, 2.32, 2.32, 2.32, 2.32, 2.32, 2.32, 2.32, 2.32, 2.32, 1.55, 1.55, 1.55, 1.55, 1.55, 1.55, 1.55, 1.55, 1.55, 1.55, 1.55, 1.55, 1.55, 1.55, 1.55]

Complementary Slackness per Finite Element
[-16.95, -16.95, -16.95, -16.95, -16.95, -13.98, -9.77, -17.03, -17.03, -17.03, -17.03, -17.03, -17.03, -17.03, -17.03, -17.03, -17.03, -17.03, -17.03, -17.03, -17.03, -17.03, -17.03, -17.03, -17.03, -17.03, -17.03, -17.03, -17.03, -17.03]

Feed Rates
[0.001, 0.002, 0.003, 0.004, 0.007, 0.008, 0.004, 0.004, 0.004, 0.004, 0.004, 0.004, 0.004, 0.004, 0.004, 0.004, 0.004, 0.004, 0.004, 0.004, 0.004, 0.004, 0.004, 0.004, 0.004, 0.004, 0.005, 0.005, 0.005, 0.005]

Growth Rates [h-1]
[0.189, 0.189, 0.189, 0.189, 0.189, 0.144, 0.005, 0.005, 0.005, 0.005, 0.005, 0.005, 0.005, 0.005, 0.005, 0.005, 0.005, 0.005, 0.005, 0.005, 0.005, 0.005, 0.005, 0.005, 0.005, 0.005, 0.005, 0.005, 0.005, 0.005]

Final Product Amount [mmol]
746.0755413143587

Final Biomass Amount [g]
11.298676383509207

Process End
58.0
#-------------------------