#-------------------------
Termination Status
LOCALLY_SOLVED

Time Elapsed
148.540648697

Objective Value
509.797301327204

Normalized Complementary Slackness
-14.17488608371964

Finite Elements
[1.12, 1.12, 1.12, 1.12, 1.12, 1.12, 1.12, 1.12, 1.12, 1.12, 1.12, 1.12, 1.12, 1.12, 1.12, 0.75, 0.75, 0.75, 0.75, 0.75, 0.75, 0.75, 0.75, 0.75, 0.75, 0.75, 0.75, 0.75, 0.75, 0.75]

Complementary Slackness per Finite Element
[-16.95, -16.95, -16.95, -14.88, -12.11, -12.11, -12.11, -12.3, -14.16, -14.16, -14.16, -14.16, -14.16, -14.16, -15.67, -12.11, -14.16, -14.16, -14.16, -14.16, -14.16, -14.16, -14.16, -14.16, -14.16, -14.16, -14.16, -14.16, -14.16, -14.16]

Feed Rates
[0.001, 0.001, 0.002, 0.002, 0.002, 0.002, 0.002, 0.003, 0.003, 0.003, 0.004, 0.004, 0.005, 0.006, 0.006, 0.007, 0.008, 0.009, 0.009, 0.01, 0.011, 0.012, 0.013, 0.015, 0.016, 0.017, 0.019, 0.021, 0.022, 0.024]

Growth Rates [h-1]
[0.189, 0.189, 0.189, 0.158, 0.116, 0.116, 0.116, 0.116, 0.116, 0.116, 0.116, 0.116, 0.116, 0.116, 0.116, 0.116, 0.116, 0.116, 0.116, 0.116, 0.116, 0.116, 0.116, 0.116, 0.116, 0.116, 0.116, 0.116, 0.116, 0.116]

Final Product Amount [mmol]
507.22353178305923

Final Biomass Amount [g]
24.38145496873797

Process End
28.0
#-------------------------