#-------------------------
Termination Status
LOCALLY_INFEASIBLE

Time Elapsed
12.372585059

Objective Value
57.06407678106784

Normalized Complementary Slackness
-62.79660081185195

Finite Elements
[0.84, 0.84, 0.84, 0.84, 0.84, 0.84, 0.84, 0.84, 0.84, 0.84, 0.85, 0.85, 0.86, 1.14, 1.21, 1.21, 1.22, 1.22, 1.18, 1.22, 1.22, 1.22, 1.22, 1.22, 1.22, 1.03, 1.22, 1.22, 1.21, 0.89]

Complementary Slackness per Finite Element
[-66.1, -64.43, -63.62, -63.17, -62.88, -62.69, -62.55, -62.47, -62.42, -62.36, -63.26, -62.41, -62.31, -64.09, -62.0, -62.28, -62.47, -62.38, -64.01, -61.98, -62.56, -62.62, -62.62, -62.6, -62.57, -62.5, -62.55, -62.46, -62.25, -61.28]

Feed Rates
[0.001, 0.001, 0.001, 0.001, 0.001, 0.001, 0.001, 0.002, 0.002, 0.002, 0.002, 0.002, 0.002, 0.003, 0.003, 0.004, 0.004, 0.005, 0.006, 0.006, 0.007, 0.008, 0.01, 0.011, 0.013, 0.015, 0.017, 0.019, 0.022, 0.025]

Growth Rates [h-1]
[0.116, 0.116, 0.116, 0.116, 0.116, 0.116, 0.116, 0.116, 0.116, 0.116, 0.116, 0.116, 0.116, 0.116, 0.116, 0.116, 0.116, 0.116, 0.116, 0.116, 0.116, 0.116, 0.116, 0.116, 0.116, 0.116, 0.116, 0.116, 0.116, 0.116]

Final Product Amount [mmol]
345.86564727497694

Final Biomass Amount [g]
25.702558077323612

Process End
31.0
#-------------------------