#-------------------------
Termination Status
LOCALLY_INFEASIBLE

Time Elapsed
17.332706274

Objective Value
281.4456637961553

Normalized Complementary Slackness
-29.076856153866107

Finite Elements
[0.91, 0.91, 0.91, 0.91, 0.91, 0.91, 0.91, 0.91, 0.91, 0.91, 0.91, 0.91, 0.91, 0.93, 1.16, 1.26, 1.31, 1.34, 1.35, 1.35, 1.35, 1.28, 1.35, 1.36, 1.36, 1.36, 1.36, 1.36, 1.36, 1.36]

Complementary Slackness per Finite Element
[-28.95, -28.99, -29.1, -29.18, -29.16, -29.09, -29.01, -28.96, -28.91, -28.79, -28.97, -29.61, -28.77, -29.08, -29.7, -29.62, -29.29, -29.35, -29.07, -29.36, -29.3, -29.04, -29.11, -29.11, -29.27, -29.27, -28.27, -29.07, -28.3, -28.59]

Feed Rates
[0.001, 0.001, 0.001, 0.001, 0.001, 0.002, 0.002, 0.002, 0.002, 0.003, 0.003, 0.003, 0.004, 0.004, 0.005, 0.006, 0.007, 0.008, 0.009, 0.011, 0.014, 0.016, 0.019, 0.023, 0.028, 0.033, 0.04, 0.048, 0.058, 0.069]

Growth Rates [h-1]
[0.134, 0.134, 0.134, 0.134, 0.134, 0.134, 0.134, 0.134, 0.134, 0.134, 0.134, 0.134, 0.134, 0.134, 0.134, 0.134, 0.134, 0.134, 0.134, 0.134, 0.134, 0.134, 0.134, 0.134, 0.134, 0.134, 0.134, 0.134, 0.134, 0.134]

Final Product Amount [mmol]
992.1332696922606

Final Biomass Amount [g]
68.01372672367624

Process End
34.0
#-------------------------