#-------------------------
Termination Status
LOCALLY_INFEASIBLE

Time Elapsed
16.321700549

Objective Value
107.25501740429561

Normalized Complementary Slackness
-19.73938716969992

Finite Elements
[1.96, 1.96, 1.96, 1.96, 1.96, 1.96, 1.96, 1.96, 1.96, 1.96, 1.96, 1.96, 1.96, 1.96, 1.95, 1.32, 1.31, 1.31, 1.31, 1.31, 1.31, 1.31, 1.31, 1.31, 1.31, 1.31, 1.31, 1.31, 1.31, 1.31]

Complementary Slackness per Finite Element
[-22.65, -19.75, -19.61, -19.57, -19.59, -19.65, -19.81, -19.53, -19.54, -19.56, -19.6, -19.64, -19.67, -19.69, -19.7, -19.7, -19.69, -19.68, -19.67, -19.66, -19.63, -19.55, -19.72, -19.64, -19.63, -19.63, -19.63, -19.62, -19.66, -19.49]

Feed Rates
[0.001, 0.0, 0.0, 0.0, 0.0, 0.0, 0.0, 0.0, 0.0, 0.001, 0.001, 0.001, 0.001, 0.001, 0.002, 0.002, 0.003, 0.004, 0.004, 0.005, 0.006, 0.007, 0.008, 0.01, 0.012, 0.014, 0.017, 0.02, 0.024, 0.029]

Growth Rates [h-1]
[0.134, 0.134, 0.134, 0.134, 0.134, 0.134, 0.134, 0.134, 0.134, 0.134, 0.134, 0.134, 0.134, 0.134, 0.134, 0.134, 0.134, 0.134, 0.134, 0.134, 0.134, 0.134, 0.134, 0.134, 0.134, 0.134, 0.134, 0.134, 0.134, 0.134]

Final Product Amount [mmol]
566.1620726198265

Final Biomass Amount [g]
28.17632292973845

Process End
49.0
#-------------------------