#-------------------------
Termination Status
LOCALLY_INFEASIBLE

Time Elapsed
13.53799944

Objective Value
229.9191024729285

Normalized Complementary Slackness
-26.93647430097117

Finite Elements
[1.96, 1.96, 1.96, 1.96, 1.96, 1.96, 1.96, 1.96, 1.95, 1.72, 1.39, 1.55, 1.31, 1.31, 1.31, 1.31, 1.31, 1.31, 1.31, 1.67, 1.82, 1.86, 1.87, 1.86, 1.79, 1.45, 1.31, 1.31, 1.31, 1.31]

Complementary Slackness per Finite Element
[-26.72, -26.89, -26.84, -26.84, -26.87, -26.89, -26.9, -26.93, -27.01, -27.02, -27.02, -27.04, -27.04, -27.05, -27.05, -27.06, -27.03, -27.04, -27.06, -26.98, -26.76, -27.01, -27.01, -27.02, -26.78, -26.84, -26.83, -26.86, -26.9, -26.82]

Feed Rates
[0.001, 0.0, 0.0, 0.0, 0.0, 0.0, 0.0, 0.0, 0.0, 0.0, 0.0, 0.0, 0.0, 0.001, 0.001, 0.001, 0.001, 0.001, 0.002, 0.002, 0.003, 0.004, 0.005, 0.007, 0.009, 0.012, 0.016, 0.02, 0.025, 0.031]

Growth Rates [h-1]
[0.171, 0.171, 0.171, 0.171, 0.171, 0.171, 0.171, 0.171, 0.171, 0.171, 0.171, 0.171, 0.171, 0.171, 0.171, 0.171, 0.171, 0.171, 0.171, 0.171, 0.171, 0.171, 0.171, 0.171, 0.171, 0.171, 0.171, 0.171, 0.171, 0.171]

Final Product Amount [mmol]
252.85384362816256

Final Biomass Amount [g]
26.420381840789755

Process End
49.0
#-------------------------