#-------------------------
Termination Status
LOCALLY_INFEASIBLE

Time Elapsed
15.394867547

Objective Value
609.5511843845295

Normalized Complementary Slackness
-171.9370462954274

Finite Elements
[0.75, 0.75, 0.75, 0.75, 0.75, 0.95, 1.02, 1.05, 1.07, 1.08, 1.09, 1.09, 1.09, 1.09, 1.09, 1.09, 0.78, 1.08, 0.86, 0.77, 0.77, 0.82, 0.78, 0.82, 0.8, 0.87, 0.9, 1.06, 1.12, 1.12]

Complementary Slackness per Finite Element
[-172.75, -171.97, -172.0, -171.98, -171.95, -171.94, -171.94, -171.93, -171.93, -171.93, -171.93, -171.93, -171.94, -171.94, -171.93, -171.91, -171.92, -171.91, -171.93, -171.91, -171.9, -171.88, -171.87, -171.86, -171.86, -171.85, -171.84, -171.82, -171.83, -171.82]

Feed Rates
[0.001, 0.001, 0.001, 0.001, 0.001, 0.002, 0.002, 0.002, 0.003, 0.003, 0.004, 0.004, 0.005, 0.006, 0.007, 0.008, 0.01, 0.011, 0.013, 0.015, 0.017, 0.019, 0.022, 0.024, 0.028, 0.031, 0.036, 0.041, 0.048, 0.057]

Growth Rates [h-1]
[0.153, 0.153, 0.153, 0.153, 0.153, 0.153, 0.153, 0.153, 0.153, 0.153, 0.153, 0.153, 0.153, 0.153, 0.153, 0.153, 0.153, 0.153, 0.153, 0.153, 0.153, 0.153, 0.153, 0.153, 0.153, 0.153, 0.153, 0.153, 0.153, 0.153]

Final Product Amount [mmol]
763.7949764396286

Final Biomass Amount [g]
50.90549912567979

Process End
28.0
#-------------------------