#-------------------------
Termination Status
LOCALLY_INFEASIBLE

Time Elapsed
16.325303056

Objective Value
439.9768493794953

Normalized Complementary Slackness
-17.137705526400776

Finite Elements
[2.08, 2.07, 2.04, 2.08, 2.08, 2.07, 1.81, 1.41, 1.39, 1.39, 1.39, 1.39, 1.39, 1.39, 1.39, 1.39, 1.39, 1.39, 1.39, 1.39, 1.39, 1.69, 2.08, 2.08, 2.08, 2.08, 2.08, 2.08, 2.08, 2.08]

Complementary Slackness per Finite Element
[-18.57, -17.06, -17.07, -17.07, -17.08, -17.09, -17.1, -17.08, -17.08, -17.22, -17.09, -17.09, -17.09, -17.12, -17.17, -17.21, -17.22, -17.19, -17.14, -17.07, -17.06, -17.06, -17.06, -17.05, -17.04, -17.03, -17.01, -17.0, -17.0, -17.02]

Feed Rates
[0.001, 0.0, 0.0, 0.0, 0.0, 0.0, 0.0, 0.0, 0.0, 0.0, 0.0, 0.0, 0.0, 0.0, 0.001, 0.001, 0.001, 0.001, 0.001, 0.002, 0.002, 0.002, 0.003, 0.004, 0.006, 0.008, 0.011, 0.015, 0.021, 0.029]

Growth Rates [h-1]
[0.153, 0.153, 0.153, 0.153, 0.153, 0.153, 0.153, 0.153, 0.153, 0.153, 0.153, 0.153, 0.153, 0.153, 0.153, 0.153, 0.153, 0.153, 0.153, 0.153, 0.153, 0.153, 0.153, 0.153, 0.153, 0.153, 0.153, 0.153, 0.153, 0.153]

Final Product Amount [mmol]
451.2979588322239

Final Biomass Amount [g]
29.244755278230365

Process End
52.0
#-------------------------