#-------------------------
Termination Status
LOCALLY_INFEASIBLE

Time Elapsed
17.680763115

Objective Value
327.49409823292746

Normalized Complementary Slackness
-21.66458037549335

Finite Elements
[2.68, 2.68, 2.68, 2.68, 2.68, 2.68, 2.68, 2.68, 2.68, 2.68, 2.68, 2.68, 2.67, 2.59, 2.14, 1.89, 1.83, 1.81, 2.05, 1.99, 1.79, 1.79, 1.79, 1.79, 1.79, 1.79, 1.79, 1.79, 1.79, 1.79]

Complementary Slackness per Finite Element
[-22.57, -21.27, -21.13, -21.23, -21.18, -21.21, -21.4, -20.89, -21.21, -20.8, -21.6, -21.25, -21.14, -21.42, -21.6, -22.08, -21.95, -21.1, -21.8, -22.07, -21.2, -21.97, -22.18, -22.16, -22.68, -22.48, -22.43, -22.35, -22.27, -21.31]

Feed Rates
[0.001, 0.0, 0.0, 0.0, 0.0, 0.0, 0.0, 0.0, 0.0, 0.0, 0.0, 0.001, 0.001, 0.001, 0.001, 0.002, 0.002, 0.002, 0.003, 0.003, 0.004, 0.005, 0.005, 0.006, 0.008, 0.009, 0.011, 0.013, 0.015, 0.018]

Growth Rates [h-1]
[0.097, 0.097, 0.097, 0.097, 0.097, 0.097, 0.097, 0.097, 0.097, 0.097, 0.097, 0.097, 0.097, 0.097, 0.097, 0.097, 0.097, 0.097, 0.097, 0.097, 0.097, 0.097, 0.097, 0.097, 0.097, 0.097, 0.097, 0.097, 0.097, 0.097]

Final Product Amount [mmol]
341.8701679681653

Final Biomass Amount [g]
21.997783431633408

Process End
67.0
#-------------------------