#-------------------------
Termination Status
LOCALLY_INFEASIBLE

Time Elapsed
15.610907602

Objective Value
51.33636107937518

Normalized Complementary Slackness
-18.558955807707004

Finite Elements
[0.99, 1.48, 1.48, 1.48, 1.48, 1.48, 1.48, 1.48, 1.42, 0.99, 0.99, 0.99, 0.99, 0.99, 0.99, 0.99, 0.99, 0.99, 1.05, 1.31, 1.38, 1.37, 0.99, 0.99, 1.05, 1.28, 1.48, 1.48, 1.48, 1.48]

Complementary Slackness per Finite Element
[-18.58, -18.1, -18.1, -18.1, -18.1, -18.1, -18.1, -18.11, -18.1, -18.11, -18.1, -18.1, -18.1, -18.1, -18.1, -18.11, -18.16, -18.17, -18.12, -18.9, -18.2, -18.34, -19.67, -19.56, -19.72, -19.72, -19.72, -19.72, -19.69, -18.96]

Feed Rates
[0.001, 0.0, 0.0, 0.0, 0.0, 0.0, 0.0, 0.0, 0.001, 0.001, 0.001, 0.001, 0.001, 0.001, 0.002, 0.002, 0.002, 0.003, 0.003, 0.004, 0.005, 0.006, 0.008, 0.009, 0.011, 0.013, 0.016, 0.021, 0.027, 0.034]

Growth Rates [h-1]
[0.171, 0.171, 0.171, 0.171, 0.171, 0.171, 0.171, 0.171, 0.171, 0.171, 0.171, 0.171, 0.171, 0.171, 0.171, 0.171, 0.171, 0.171, 0.171, 0.171, 0.171, 0.171, 0.171, 0.171, 0.171, 0.171, 0.171, 0.171, 0.171, 0.171]

Final Product Amount [mmol]
242.43427355010587

Final Biomass Amount [g]
30.29539055290679

Process End
37.0
#-------------------------