#-------------------------
Termination Status
LOCALLY_SOLVED

Time Elapsed
694.069063365

Objective Value
112.21503597523308

Normalized Complementary Slackness
-14.781802429249156

Finite Elements
[0.52, 0.52, 0.52, 0.52, 0.52, 0.52, 0.52, 0.52, 0.52, 0.52, 0.52, 0.52, 0.52, 0.52, 0.52, 0.35, 0.35, 0.35, 0.35, 0.35, 0.35, 0.35, 0.35, 0.35, 0.35, 0.35, 0.35, 0.35, 0.35, 0.35]

Complementary Slackness per Finite Element
[-16.95, -16.95, -16.95, -16.95, -16.95, -16.95, -16.95, -16.95, -16.95, -16.95, -16.95, -16.95, -16.95, -16.95, -16.95, -16.95, -16.95, -16.95, -16.95, -16.95, -16.95, -16.95, -16.95, -9.84, -7.28, -7.28, -7.28, -7.28, -7.28, -7.28]

Feed Rates
[0.001, 0.001, 0.001, 0.001, 0.002, 0.002, 0.002, 0.002, 0.002, 0.003, 0.003, 0.003, 0.004, 0.004, 0.004, 0.005, 0.005, 0.005, 0.006, 0.006, 0.007, 0.007, 0.008, 0.005, 0.003, 0.003, 0.004, 0.004, 0.004, 0.004]

Growth Rates [h-1]
[0.189, 0.189, 0.189, 0.189, 0.189, 0.189, 0.189, 0.189, 0.189, 0.189, 0.189, 0.189, 0.189, 0.189, 0.189, 0.189, 0.189, 0.189, 0.189, 0.189, 0.189, 0.189, 0.189, 0.081, 0.042, 0.042, 0.042, 0.042, 0.042, 0.042]

Final Product Amount [mmol]
102.72572676621377

Final Biomass Amount [g]
5.905650640741289

Process End
13.0
#-------------------------