#-------------------------
Termination Status
LOCALLY_INFEASIBLE

Time Elapsed
15.856290599

Objective Value
-33.98596012877851

Normalized Complementary Slackness
-80.17990059897517

Finite Elements
[1.84, 1.84, 1.84, 1.84, 1.84, 1.84, 1.84, 1.83, 1.66, 1.42, 1.23, 1.23, 1.23, 1.23, 1.23, 1.23, 1.23, 1.34, 1.52, 1.69, 1.73, 1.75, 1.7, 1.76, 1.75, 1.24, 1.47, 1.23, 1.23, 1.23]

Complementary Slackness per Finite Element
[-80.18, -80.18, -80.18, -80.18, -80.18, -80.18, -80.18, -80.19, -80.17, -80.2, -80.18, -80.18, -80.18, -80.18, -80.18, -80.18, -80.18, -80.18, -80.18, -80.18, -80.18, -80.18, -80.18, -80.17, -80.18, -80.18, -80.18, -80.18, -80.17, -80.17]

Feed Rates
[0.001, 0.0, 0.0, 0.0, 0.0, 0.0, 0.0, 0.0, 0.0, 0.0, 0.0, 0.0, 0.0, 0.0, 0.001, 0.001, 0.001, 0.001, 0.001, 0.002, 0.002, 0.003, 0.005, 0.007, 0.009, 0.013, 0.016, 0.021, 0.027, 0.034]

Growth Rates [h-1]
[0.189, 0.189, 0.189, 0.189, 0.189, 0.189, 0.189, 0.189, 0.189, 0.189, 0.189, 0.189, 0.189, 0.189, 0.189, 0.189, 0.189, 0.189, 0.189, 0.189, 0.189, 0.189, 0.189, 0.189, 0.189, 0.189, 0.189, 0.189, 0.189, 0.189]

Final Product Amount [mmol]
198.6180968090579

Final Biomass Amount [g]
27.1246678542407

Process End
46.0
#-------------------------