#-------------------------
Termination Status
LOCALLY_SOLVED

Time Elapsed
31.977845844

Objective Value
81.5552048418826

Normalized Complementary Slackness
-11.735975017772706

Finite Elements
[0.58, 0.58, 0.58, 0.58, 0.58, 0.58, 0.58, 0.58, 0.58, 0.58, 0.58, 0.58, 0.58, 0.58, 0.58, 0.39, 0.39, 0.39, 0.39, 0.39, 0.39, 0.39, 0.39, 0.39, 0.39, 0.39, 0.39, 0.39, 0.39, 0.39]

Complementary Slackness per Finite Element
[-11.74, -11.74, -11.74, -11.74, -11.74, -11.74, -11.74, -11.74, -11.74, -11.74, -11.74, -11.74, -11.74, -11.74, -11.74, -11.74, -11.74, -11.74, -11.74, -11.74, -11.74, -11.74, -11.74, -11.74, -11.74, -11.74, -11.74, -11.74, -11.74, -11.74]

Feed Rates
[0.001, 0.001, 0.001, 0.002, 0.002, 0.002, 0.002, 0.002, 0.003, 0.003, 0.003, 0.004, 0.004, 0.005, 0.005, 0.006, 0.006, 0.007, 0.007, 0.008, 0.008, 0.009, 0.009, 0.01, 0.011, 0.012, 0.013, 0.014, 0.015, 0.016]

Growth Rates [h-1]
[0.189, 0.189, 0.189, 0.189, 0.189, 0.189, 0.189, 0.189, 0.189, 0.189, 0.189, 0.189, 0.189, 0.189, 0.189, 0.189, 0.189, 0.189, 0.189, 0.189, 0.189, 0.189, 0.189, 0.189, 0.189, 0.189, 0.189, 0.189, 0.189, 0.189]

Final Product Amount [mmol]
75.45643750090304

Final Biomass Amount [g]
11.065169566551443

Process End
14.5
#-------------------------