#-------------------------
Termination Status
LOCALLY_INFEASIBLE

Time Elapsed
21.129043499

Objective Value
524.7332009857087

Normalized Complementary Slackness
-25.10050309480061

Finite Elements
[1.42, 1.48, 1.54, 1.55, 1.55, 1.61, 1.55, 1.55, 1.51, 1.48, 1.47, 1.8, 2.08, 1.46, 1.47, 2.08, 2.08, 2.08, 2.08, 2.06, 2.08, 2.08, 1.8, 2.08, 1.92, 1.84, 2.08, 1.45, 1.39, 1.39]

Complementary Slackness per Finite Element
[-20.86, -21.69, -20.99, -24.15, -21.04, -22.45, -25.98, -30.56, -28.8, -28.44, -28.19, -28.04, -27.16, -27.23, -27.15, -31.92, -24.17, -26.25, -23.6, -24.5, -23.85, -23.95, -24.33, -24.18, -24.48, -24.49, -24.4, -24.06, -23.69, -22.4]

Feed Rates
[0.001, 0.001, 0.001, 0.001, 0.001, 0.001, 0.001, 0.001, 0.002, 0.002, 0.002, 0.002, 0.003, 0.003, 0.004, 0.004, 0.005, 0.006, 0.007, 0.008, 0.009, 0.011, 0.013, 0.014, 0.017, 0.02, 0.023, 0.027, 0.03, 0.034]

Growth Rates [h-1]
[0.079, 0.079, 0.079, 0.079, 0.079, 0.079, 0.079, 0.079, 0.079, 0.079, 0.079, 0.079, 0.079, 0.079, 0.079, 0.079, 0.079, 0.079, 0.079, 0.079, 0.079, 0.079, 0.079, 0.079, 0.079, 0.079, 0.079, 0.079, 0.079, 0.079]

Final Product Amount [mmol]
538.170379226718

Final Biomass Amount [g]
43.10873096222589

Process End
52.0
#-------------------------