#-------------------------
Termination Status
LOCALLY_INFEASIBLE

Time Elapsed
50.89432926

Objective Value
-125.12414718626155

Normalized Complementary Slackness
-259.12882170892004

Finite Elements
[1.5, 1.16, 1.21, 1.19, 1.22, 1.21, 1.23, 1.23, 1.25, 1.27, 1.33, 1.34, 1.41, 1.36, 1.52, 1.42, 1.57, 1.58, 1.59, 1.59, 1.59, 1.51, 1.57, 1.49, 1.58, 1.59, 1.6, 1.62, 1.63, 1.65]

Complementary Slackness per Finite Element
[-263.0, -262.57, -262.17, -261.8, -261.44, -261.09, -260.79, -260.49, -260.18, -259.87, -259.77, -259.37, -259.39, -258.96, -259.12, -258.62, -258.63, -258.38, -258.06, -258.1, -258.29, -258.59, -258.94, -258.81, -258.65, -258.08, -257.17, -255.84, -254.24, -253.44]

Feed Rates
[0.001, 0.001, 0.001, 0.001, 0.001, 0.001, 0.001, 0.001, 0.001, 0.001, 0.002, 0.002, 0.002, 0.002, 0.003, 0.003, 0.003, 0.004, 0.004, 0.005, 0.005, 0.006, 0.007, 0.008, 0.009, 0.01, 0.011, 0.013, 0.014, 0.016]

Growth Rates [h-1]
[0.079, 0.079, 0.079, 0.079, 0.079, 0.079, 0.079, 0.079, 0.079, 0.079, 0.079, 0.079, 0.079, 0.079, 0.079, 0.079, 0.079, 0.079, 0.079, 0.079, 0.079, 0.079, 0.079, 0.079, 0.079, 0.079, 0.079, 0.079, 0.079, 0.079]

Final Product Amount [mmol]
535.5370847829184

Final Biomass Amount [g]
21.17951240081474

Process End
43.0
#-------------------------