#-------------------------
Termination Status
LOCALLY_INFEASIBLE

Time Elapsed
15.275026779

Objective Value
1007.4976466466611

Normalized Complementary Slackness
-96.95014656018803

Finite Elements
[1.61, 1.68, 1.68, 1.67, 1.66, 1.64, 1.17, 1.17, 1.16, 1.16, 1.19, 1.16, 1.16, 1.18, 1.17, 1.17, 1.17, 1.17, 1.18, 1.19, 1.23, 1.71, 1.71, 1.71, 1.71, 1.72, 1.72, 1.72, 1.72, 1.72]

Complementary Slackness per Finite Element
[-97.39, -97.0, -96.75, -96.75, -96.72, -96.77, -96.74, -96.81, -96.84, -96.86, -96.87, -96.87, -96.87, -96.86, -96.85, -96.85, -96.85, -96.86, -96.86, -96.88, -96.88, -96.14, -96.21, -96.15, -96.01, -95.72, -95.33, -99.1, -100.12, -99.6]

Feed Rates
[0.001, 0.001, 0.001, 0.001, 0.001, 0.002, 0.002, 0.002, 0.002, 0.003, 0.003, 0.003, 0.004, 0.004, 0.005, 0.005, 0.006, 0.006, 0.007, 0.008, 0.009, 0.01, 0.012, 0.014, 0.017, 0.02, 0.024, 0.028, 0.033, 0.039]

Growth Rates [h-1]
[0.097, 0.097, 0.097, 0.097, 0.097, 0.097, 0.097, 0.097, 0.097, 0.097, 0.097, 0.097, 0.097, 0.097, 0.097, 0.097, 0.097, 0.097, 0.097, 0.097, 0.097, 0.097, 0.097, 0.097, 0.097, 0.097, 0.097, 0.097, 0.097, 0.097]

Final Product Amount [mmol]
1088.810036247603

Final Biomass Amount [g]
46.734058036179356

Process End
43.0
#-------------------------