#-------------------------
Termination Status
ALMOST_LOCALLY_SOLVED

Time Elapsed
97.646639845

Objective Value
202.0360295619102

Normalized Complementary Slackness
-14.755579842741513

Finite Elements
[0.64, 0.64, 0.64, 0.64, 0.64, 0.64, 0.64, 0.64, 0.64, 0.64, 0.64, 0.64, 0.64, 0.64, 0.64, 0.43, 0.43, 0.43, 0.43, 0.43, 0.43, 0.43, 0.43, 0.43, 0.43, 0.43, 0.43, 0.43, 0.43, 0.43]

Complementary Slackness per Finite Element
[-16.95, -16.95, -16.95, -16.95, -16.95, -16.95, -16.95, -16.95, -16.95, -16.95, -16.95, -16.95, -16.95, -16.95, -16.95, -16.95, -16.95, -16.95, -16.95, -11.47, -10.91, -10.91, -10.91, -10.91, -10.91, -10.91, -10.91, -10.91, -10.91, -10.91]

Feed Rates
[0.001, 0.001, 0.001, 0.002, 0.002, 0.002, 0.002, 0.003, 0.003, 0.003, 0.004, 0.004, 0.005, 0.005, 0.006, 0.007, 0.007, 0.008, 0.009, 0.006, 0.006, 0.006, 0.007, 0.007, 0.007, 0.008, 0.008, 0.008, 0.009, 0.009]

Growth Rates [h-1]
[0.189, 0.189, 0.189, 0.189, 0.189, 0.189, 0.189, 0.189, 0.189, 0.189, 0.189, 0.189, 0.189, 0.189, 0.189, 0.189, 0.189, 0.189, 0.189, 0.106, 0.097, 0.097, 0.097, 0.097, 0.097, 0.097, 0.097, 0.097, 0.097, 0.097]

Final Product Amount [mmol]
175.3705316075982

Final Biomass Amount [g]
9.579872940123296

Process End
16.0
#-------------------------