#-------------------------
Termination Status
LOCALLY_INFEASIBLE

Time Elapsed
16.296480897

Objective Value
43.904720172734216

Normalized Complementary Slackness
-17.311173988475804

Finite Elements
[0.91, 1.26, 1.01, 0.91, 0.91, 0.91, 0.91, 0.91, 0.91, 0.91, 0.91, 0.91, 0.91, 0.91, 0.91, 0.91, 1.35, 1.36, 1.36, 1.36, 1.36, 1.36, 1.36, 1.36, 1.36, 1.36, 1.36, 1.36, 1.36, 1.36]

Complementary Slackness per Finite Element
[-16.48, -16.65, -17.02, -17.1, -17.11, -17.1, -17.11, -17.09, -17.07, -17.12, -17.39, -17.32, -17.47, -17.47, -17.47, -17.47, -17.48, -17.45, -17.48, -17.5, -17.5, -17.5, -17.5, -17.49, -17.49, -17.49, -17.49, -17.5, -17.51, -17.51]

Feed Rates
[0.001, 0.0, 0.0, 0.0, 0.0, 0.0, 0.0, 0.0, 0.0, 0.0, 0.0, 0.0, 0.001, 0.001, 0.001, 0.001, 0.001, 0.002, 0.002, 0.003, 0.003, 0.004, 0.005, 0.007, 0.009, 0.012, 0.015, 0.02, 0.026, 0.033]

Growth Rates [h-1]
[0.189, 0.189, 0.189, 0.189, 0.189, 0.189, 0.189, 0.189, 0.189, 0.189, 0.189, 0.189, 0.189, 0.189, 0.189, 0.189, 0.189, 0.189, 0.189, 0.189, 0.189, 0.189, 0.189, 0.189, 0.189, 0.189, 0.189, 0.189, 0.189, 0.189]

Final Product Amount [mmol]
198.0131412926787

Final Biomass Amount [g]
27.231707980048753

Process End
34.0
#-------------------------