#-------------------------
Termination Status
LOCALLY_SOLVED

Time Elapsed
21.427138932

Objective Value
191.10701649728034

Normalized Complementary Slackness
-14.087631592587533

Finite Elements
[1.24, 1.24, 1.24, 1.24, 1.24, 1.24, 1.24, 1.24, 1.24, 1.24, 1.24, 1.24, 1.24, 1.24, 0.83, 1.24, 0.83, 0.83, 0.83, 0.83, 0.83, 0.83, 0.83, 0.83, 0.83, 0.83, 0.83, 0.83, 0.83, 0.83]

Complementary Slackness per Finite Element
[-13.58, -13.58, -13.8, -14.16, -14.16, -14.16, -14.16, -14.16, -14.16, -14.16, -14.16, -14.16, -14.16, -15.69, -12.11, -14.16, -14.15, -14.16, -14.16, -14.16, -14.16, -14.16, -14.16, -14.16, -14.16, -14.16, -14.16, -14.16, -14.16, -14.16]

Feed Rates
[0.001, 0.001, 0.001, 0.001, 0.001, 0.002, 0.002, 0.002, 0.003, 0.003, 0.004, 0.004, 0.005, 0.005, 0.006, 0.007, 0.008, 0.009, 0.01, 0.011, 0.012, 0.013, 0.014, 0.015, 0.017, 0.019, 0.021, 0.023, 0.025, 0.027]

Growth Rates [h-1]
[0.138, 0.138, 0.129, 0.116, 0.116, 0.116, 0.116, 0.116, 0.116, 0.116, 0.116, 0.116, 0.116, 0.116, 0.116, 0.116, 0.116, 0.116, 0.116, 0.116, 0.116, 0.116, 0.116, 0.116, 0.116, 0.116, 0.116, 0.116, 0.116, 0.116]

Final Product Amount [mmol]
580.0754208609488

Final Biomass Amount [g]
27.62860937301797

Process End
31.0
#-------------------------