#-------------------------
Termination Status
NUMERICAL_ERROR

Time Elapsed
262.414726416

Objective Value
62.824777947475454

Normalized Complementary Slackness
-73.98987696703473

Finite Elements
[1.01, 1.0, 1.0, 1.0, 1.0, 1.0, 1.0, 1.0, 1.0, 1.0, 1.0, 1.01, 1.02, 1.07, 1.43, 1.45, 1.46, 1.46, 1.47, 1.47, 1.47, 1.46, 1.46, 1.44, 1.42, 1.37, 1.48, 1.42, 1.47, 1.17]

Complementary Slackness per Finite Element
[-77.48, -75.57, -74.6, -74.03, -73.72, -73.58, -73.59, -73.73, -74.06, -74.54, -75.03, -75.48, -75.82, -75.99, -76.15, -74.93, -74.81, -74.46, -74.25, -74.38, -74.63, -74.67, -74.72, -74.73, -74.62, -74.26, -73.5, -71.57, -65.97, -64.84]

Feed Rates
[0.001, 0.001, 0.001, 0.001, 0.001, 0.001, 0.001, 0.001, 0.002, 0.002, 0.002, 0.002, 0.002, 0.002, 0.003, 0.003, 0.004, 0.004, 0.005, 0.006, 0.006, 0.007, 0.009, 0.01, 0.011, 0.013, 0.015, 0.017, 0.02, 0.023]

Growth Rates [h-1]
[0.097, 0.097, 0.097, 0.097, 0.097, 0.097, 0.097, 0.097, 0.097, 0.097, 0.097, 0.097, 0.097, 0.097, 0.097, 0.097, 0.097, 0.097, 0.097, 0.097, 0.097, 0.097, 0.097, 0.097, 0.097, 0.097, 0.097, 0.097, 0.097, 0.097]

Final Product Amount [mmol]
471.8911082932752

Final Biomass Amount [g]
26.055936044033476

Process End
37.0
#-------------------------