#-------------------------
Termination Status
LOCALLY_SOLVED

Time Elapsed
27.773792952

Objective Value
171.42824259468398

Normalized Complementary Slackness
-14.568280433381627

Finite Elements
[1.24, 1.24, 1.24, 1.24, 1.24, 1.24, 1.24, 1.24, 1.24, 1.24, 1.24, 1.24, 1.24, 1.24, 1.24, 0.83, 0.83, 0.83, 0.83, 0.83, 0.83, 0.83, 0.83, 0.83, 0.83, 0.83, 0.83, 0.83, 0.83, 0.83]

Complementary Slackness per Finite Element
[-16.95, -16.95, -16.95, -16.95, -11.09, -10.9, -11.67, -14.63, -14.63, -14.63, -14.63, -14.63, -14.63, -14.63, -17.38, -10.9, -14.63, -14.63, -14.63, -14.63, -14.63, -14.63, -14.63, -14.63, -14.63, -14.63, -14.63, -14.63, -14.63, -14.63]

Feed Rates
[0.001, 0.001, 0.002, 0.002, 0.002, 0.002, 0.002, 0.003, 0.003, 0.003, 0.004, 0.004, 0.005, 0.005, 0.006, 0.007, 0.007, 0.008, 0.009, 0.009, 0.01, 0.011, 0.012, 0.013, 0.014, 0.015, 0.016, 0.018, 0.019, 0.021]

Growth Rates [h-1]
[0.189, 0.189, 0.189, 0.189, 0.1, 0.097, 0.097, 0.097, 0.097, 0.097, 0.097, 0.097, 0.097, 0.097, 0.097, 0.097, 0.097, 0.097, 0.097, 0.097, 0.097, 0.097, 0.097, 0.097, 0.097, 0.097, 0.097, 0.097, 0.097, 0.097]

Final Product Amount [mmol]
521.1276373636908

Final Biomass Amount [g]
23.01366612098121

Process End
31.0
#-------------------------