#-------------------------
Termination Status
LOCALLY_SOLVED

Time Elapsed
88.942644905

Objective Value
358.5380351729932

Normalized Complementary Slackness
-15.79003443099305

Finite Elements
[0.76, 0.76, 0.76, 0.76, 0.76, 0.76, 0.76, 0.76, 0.76, 0.76, 0.76, 0.76, 0.74, 0.51, 0.51, 0.51, 0.51, 0.51, 0.51, 0.51, 0.51, 0.51, 0.51, 0.51, 0.51, 0.51, 0.51, 0.76, 0.76, 0.52]

Complementary Slackness per Finite Element
[-16.95, -16.95, -16.95, -16.95, -16.95, -16.95, -16.95, -16.95, -16.95, -16.95, -16.95, -16.95, -16.95, -16.95, -16.95, -16.95, -16.95, -16.95, -16.95, -16.95, -16.95, -16.95, -16.95, -16.95, -16.95, -16.95, -16.95, -5.31, -5.31, -5.31]

Feed Rates
[0.001, 0.001, 0.001, 0.002, 0.002, 0.002, 0.003, 0.003, 0.003, 0.004, 0.005, 0.005, 0.006, 0.007, 0.008, 0.009, 0.009, 0.01, 0.011, 0.013, 0.014, 0.015, 0.017, 0.019, 0.02, 0.022, 0.025, 0.008, 0.008, 0.008]

Growth Rates [h-1]
[0.189, 0.189, 0.189, 0.189, 0.189, 0.189, 0.189, 0.189, 0.189, 0.189, 0.189, 0.189, 0.189, 0.189, 0.189, 0.189, 0.189, 0.189, 0.189, 0.189, 0.189, 0.189, 0.189, 0.189, 0.189, 0.189, 0.189, 0.012, 0.012, 0.012]

Final Product Amount [mmol]
343.2801089029203

Final Biomass Amount [g]
18.072385942962136

Process End
19.0
#-------------------------