#-------------------------
Termination Status
LOCALLY_INFEASIBLE

Time Elapsed
16.851547855

Objective Value
314.992783434977

Normalized Complementary Slackness
-18.8983535646671

Finite Elements
[2.56, 2.56, 2.56, 2.56, 2.56, 2.56, 2.56, 2.41, 2.31, 2.18, 1.99, 1.77, 2.15, 1.72, 1.71, 1.71, 1.71, 1.71, 1.71, 1.71, 1.71, 1.71, 1.71, 2.23, 2.43, 1.8, 2.06, 2.56, 2.56, 2.56]

Complementary Slackness per Finite Element
[-19.05, -18.86, -18.88, -18.87, -18.88, -18.89, -18.9, -18.93, -18.93, -18.93, -18.93, -18.93, -18.95, -18.86, -18.91, -18.93, -18.93, -18.93, -18.92, -18.88, -18.85, -18.83, -18.82, -18.87, -18.9, -18.88, -18.92, -18.87, -18.86, -18.87]

Feed Rates
[0.001, 0.0, 0.0, 0.0, 0.0, 0.0, 0.0, 0.0, 0.0, 0.0, 0.0, 0.0, 0.0, 0.0, 0.0, 0.0, 0.0, 0.0, 0.001, 0.001, 0.001, 0.002, 0.002, 0.003, 0.004, 0.006, 0.008, 0.012, 0.019, 0.029]

Growth Rates [h-1]
[0.171, 0.171, 0.171, 0.171, 0.171, 0.171, 0.171, 0.171, 0.171, 0.171, 0.171, 0.171, 0.171, 0.171, 0.171, 0.171, 0.171, 0.171, 0.171, 0.171, 0.171, 0.171, 0.171, 0.171, 0.171, 0.171, 0.171, 0.171, 0.171, 0.171]

Final Product Amount [mmol]
330.38537473242917

Final Biomass Amount [g]
30.11603310833172

Process End
64.0
#-------------------------