#-------------------------
Termination Status
LOCALLY_SOLVED

Time Elapsed
84.507860521

Objective Value
343.83187120909554

Normalized Complementary Slackness
-15.49830226517264

Finite Elements
[0.76, 0.76, 0.76, 0.76, 0.76, 0.76, 0.76, 0.76, 0.76, 0.76, 0.76, 0.76, 0.58, 0.51, 0.51, 0.51, 0.51, 0.51, 0.51, 0.51, 0.51, 0.51, 0.51, 0.51, 0.76, 0.76, 0.69, 0.51, 0.51, 0.51]

Complementary Slackness per Finite Element
[-16.95, -16.95, -16.95, -16.95, -16.95, -16.95, -16.95, -16.95, -16.95, -16.95, -16.95, -16.95, -16.95, -16.95, -16.95, -16.95, -16.95, -16.95, -16.95, -16.95, -16.95, -16.95, -16.95, -16.95, -9.69, -9.69, -9.69, -9.69, -9.69, -9.69]

Feed Rates
[0.001, 0.001, 0.001, 0.002, 0.002, 0.002, 0.003, 0.003, 0.003, 0.004, 0.005, 0.005, 0.006, 0.007, 0.008, 0.008, 0.009, 0.01, 0.011, 0.012, 0.013, 0.015, 0.016, 0.018, 0.011, 0.012, 0.012, 0.013, 0.014, 0.014]

Growth Rates [h-1]
[0.189, 0.189, 0.189, 0.189, 0.189, 0.189, 0.189, 0.189, 0.189, 0.189, 0.189, 0.189, 0.189, 0.189, 0.189, 0.189, 0.189, 0.189, 0.189, 0.189, 0.189, 0.189, 0.189, 0.189, 0.079, 0.079, 0.079, 0.079, 0.079, 0.079]

Final Product Amount [mmol]
325.9340750307572

Final Biomass Amount [g]
17.19506113790952

Process End
19.0
#-------------------------