#-------------------------
Termination Status
LOCALLY_INFEASIBLE

Time Elapsed
15.53995883

Objective Value
160.31198757390587

Normalized Complementary Slackness
-68.24743773665699

Finite Elements
[2.44, 2.43, 2.16, 2.44, 2.14, 2.12, 2.1, 2.06, 2.02, 1.96, 1.88, 1.77, 1.66, 1.63, 1.63, 1.63, 1.63, 1.63, 1.63, 1.63, 1.63, 1.67, 2.14, 2.36, 2.43, 2.44, 2.44, 2.44, 2.44, 2.44]

Complementary Slackness per Finite Element
[-68.25, -68.25, -68.25, -68.25, -68.25, -68.25, -68.25, -68.25, -68.25, -68.25, -68.25, -68.25, -68.25, -68.25, -68.25, -68.25, -68.25, -68.25, -68.25, -68.25, -68.25, -68.25, -68.25, -68.25, -68.24, -68.24, -68.24, -68.24, -68.24, -68.25]

Feed Rates
[0.001, 0.0, 0.0, 0.0, 0.0, 0.0, 0.0, 0.0, 0.0, 0.0, 0.0, 0.0, 0.0, 0.0, 0.0, 0.0, 0.0, 0.0, 0.0, 0.001, 0.001, 0.001, 0.001, 0.002, 0.003, 0.005, 0.008, 0.013, 0.02, 0.032]

Growth Rates [h-1]
[0.189, 0.189, 0.189, 0.189, 0.189, 0.189, 0.189, 0.189, 0.189, 0.189, 0.189, 0.189, 0.189, 0.189, 0.189, 0.189, 0.189, 0.189, 0.189, 0.189, 0.189, 0.189, 0.189, 0.189, 0.189, 0.189, 0.189, 0.189, 0.189, 0.189]

Final Product Amount [mmol]
226.33174778104842

Final Biomass Amount [g]
30.915620544116212

Process End
61.0
#-------------------------