#-------------------------
Termination Status
LOCALLY_SOLVED

Time Elapsed
73.041630365

Objective Value
497.27462059640595

Normalized Complementary Slackness
-13.952588303875002

Finite Elements
[1.0, 1.0, 1.0, 1.0, 1.0, 1.0, 1.0, 1.0, 1.0, 1.0, 1.0, 1.0, 1.0, 1.0, 1.0, 0.67, 0.67, 0.67, 0.67, 0.67, 0.67, 0.67, 0.67, 0.67, 0.67, 0.67, 0.67, 0.67, 0.67, 0.67]

Complementary Slackness per Finite Element
[-16.95, -16.95, -16.95, -16.95, -13.82, -13.32, -13.32, -13.32, -13.32, -13.32, -13.32, -13.32, -13.32, -13.32, -13.32, -13.32, -13.32, -13.32, -13.35, -13.68, -13.68, -13.68, -13.68, -13.68, -13.68, -13.68, -13.68, -13.68, -13.68, -13.68]

Feed Rates
[0.001, 0.001, 0.002, 0.002, 0.002, 0.002, 0.002, 0.003, 0.003, 0.004, 0.004, 0.005, 0.005, 0.006, 0.007, 0.008, 0.009, 0.01, 0.011, 0.011, 0.013, 0.014, 0.015, 0.016, 0.018, 0.02, 0.021, 0.024, 0.026, 0.028]

Growth Rates [h-1]
[0.189, 0.189, 0.189, 0.189, 0.142, 0.134, 0.134, 0.134, 0.134, 0.134, 0.134, 0.134, 0.134, 0.134, 0.134, 0.134, 0.134, 0.134, 0.134, 0.134, 0.134, 0.134, 0.134, 0.134, 0.134, 0.134, 0.134, 0.134, 0.134, 0.134]

Final Product Amount [mmol]
495.3902026265136

Final Biomass Amount [g]
25.54553530912187

Process End
25.0
#-------------------------