#-------------------------
Termination Status
LOCALLY_INFEASIBLE

Time Elapsed
18.288989522

Objective Value
469.9405323673412

Normalized Complementary Slackness
-65.34263117545703

Finite Elements
[2.08, 2.08, 2.08, 2.08, 2.08, 2.08, 2.08, 2.08, 2.08, 2.08, 2.08, 2.08, 2.08, 2.08, 1.82, 1.39, 1.64, 1.39, 1.39, 1.39, 1.39, 1.39, 1.39, 1.39, 1.39, 1.39, 1.39, 1.39, 1.39, 1.39]

Complementary Slackness per Finite Element
[-68.51, -67.36, -67.08, -66.85, -66.64, -66.44, -66.25, -66.04, -65.83, -65.62, -65.42, -65.23, -65.05, -64.87, -64.6, -64.01, -65.34, -64.8, -64.68, -64.65, -64.63, -64.61, -64.6, -64.6, -64.59, -64.58, -64.59, -64.54, -64.86, -63.4]

Feed Rates
[0.001, 0.0, 0.0, 0.0, 0.0, 0.0, 0.0, 0.001, 0.001, 0.001, 0.001, 0.001, 0.002, 0.002, 0.002, 0.003, 0.003, 0.004, 0.004, 0.005, 0.006, 0.006, 0.007, 0.008, 0.01, 0.011, 0.013, 0.015, 0.017, 0.019]

Growth Rates [h-1]
[0.097, 0.097, 0.097, 0.097, 0.097, 0.097, 0.097, 0.097, 0.097, 0.097, 0.097, 0.097, 0.097, 0.097, 0.097, 0.097, 0.097, 0.097, 0.097, 0.097, 0.097, 0.097, 0.097, 0.097, 0.097, 0.097, 0.097, 0.097, 0.097, 0.097]

Final Product Amount [mmol]
523.2230383421239

Final Biomass Amount [g]
22.150333015902294

Process End
52.0
#-------------------------