#-------------------------
Termination Status
LOCALLY_INFEASIBLE

Time Elapsed
14.152068563

Objective Value
1330.8015697528122

Normalized Complementary Slackness
-252.47193070007773

Finite Elements
[1.58, 1.46, 1.54, 1.53, 1.5, 1.09, 1.08, 1.08, 1.08, 1.11, 1.08, 1.08, 1.08, 1.08, 1.08, 1.08, 1.09, 1.1, 1.12, 1.19, 1.59, 1.59, 1.6, 1.6, 1.6, 1.6, 1.6, 1.6, 1.6, 1.6]

Complementary Slackness per Finite Element
[-253.64, -253.51, -253.46, -253.42, -253.39, -253.23, -253.18, -253.13, -253.07, -253.0, -252.93, -252.84, -252.75, -252.65, -252.54, -252.43, -252.32, -252.24, -252.16, -252.08, -251.79, -251.74, -251.69, -251.67, -251.66, -251.67, -251.67, -251.65, -251.58, -251.06]

Feed Rates
[0.001, 0.001, 0.001, 0.001, 0.002, 0.002, 0.002, 0.002, 0.003, 0.003, 0.004, 0.004, 0.005, 0.005, 0.006, 0.007, 0.007, 0.008, 0.01, 0.011, 0.013, 0.015, 0.018, 0.022, 0.027, 0.032, 0.039, 0.046, 0.056, 0.067]

Growth Rates [h-1]
[0.116, 0.116, 0.116, 0.116, 0.116, 0.116, 0.116, 0.116, 0.116, 0.116, 0.116, 0.116, 0.116, 0.116, 0.116, 0.116, 0.116, 0.116, 0.116, 0.116, 0.116, 0.116, 0.116, 0.116, 0.116, 0.116, 0.116, 0.116, 0.116, 0.116]

Final Product Amount [mmol]
1556.7605540557458

Final Biomass Amount [g]
72.86304090158491

Process End
40.0
#-------------------------