#-------------------------
Termination Status
LOCALLY_INFEASIBLE

Time Elapsed
15.62312897

Objective Value
70.94695353160118

Normalized Complementary Slackness
-17.689009091190467

Finite Elements
[0.91, 1.36, 1.36, 1.36, 1.36, 1.36, 1.3, 0.92, 0.91, 0.91, 0.91, 0.91, 0.91, 0.91, 0.91, 0.91, 0.91, 0.91, 0.97, 0.91, 0.97, 1.26, 1.36, 1.36, 1.36, 1.36, 1.36, 1.36, 1.36, 1.36]

Complementary Slackness per Finite Element
[-18.06, -17.65, -17.66, -17.68, -17.72, -17.72, -17.66, -17.94, -17.68, -17.7, -17.72, -17.7, -17.66, -17.64, -17.64, -17.64, -17.64, -17.63, -17.63, -17.64, -17.64, -17.64, -17.62, -17.62, -17.63, -17.63, -17.64, -17.64, -17.65, -17.99]

Feed Rates
[0.001, 0.0, 0.0, 0.0, 0.0, 0.0, 0.0, 0.001, 0.001, 0.001, 0.001, 0.001, 0.001, 0.001, 0.002, 0.002, 0.002, 0.003, 0.003, 0.003, 0.004, 0.005, 0.006, 0.008, 0.01, 0.012, 0.015, 0.019, 0.024, 0.031]

Growth Rates [h-1]
[0.171, 0.171, 0.171, 0.171, 0.171, 0.171, 0.171, 0.171, 0.171, 0.171, 0.171, 0.171, 0.171, 0.171, 0.171, 0.171, 0.171, 0.171, 0.171, 0.171, 0.171, 0.171, 0.171, 0.171, 0.171, 0.171, 0.171, 0.171, 0.171, 0.171]

Final Product Amount [mmol]
284.9055935064204

Final Biomass Amount [g]
26.570439541643392

Process End
34.0
#-------------------------