#-------------------------
Termination Status
LOCALLY_INFEASIBLE

Time Elapsed
15.515047789

Objective Value
363.1394817897624

Normalized Complementary Slackness
-20.881036119728265

Finite Elements
[2.2, 2.2, 2.2, 2.2, 2.2, 2.2, 2.2, 2.19, 2.11, 1.8, 1.49, 1.47, 1.47, 1.47, 1.47, 1.47, 1.48, 1.68, 1.89, 2.01, 2.07, 2.1, 2.1, 2.07, 1.93, 1.49, 1.47, 1.47, 1.47, 1.47]

Complementary Slackness per Finite Element
[-21.54, -20.77, -20.8, -20.83, -20.86, -20.89, -20.92, -20.95, -20.96, -20.94, -20.9, -20.89, -20.89, -20.89, -20.92, -20.95, -20.87, -20.77, -20.73, -20.72, -20.72, -20.72, -20.73, -20.75, -20.78, -20.83, -20.91, -20.98, -21.0, -21.02]

Feed Rates
[0.001, 0.0, 0.0, 0.0, 0.0, 0.0, 0.0, 0.0, 0.0, 0.0, 0.0, 0.0, 0.0, 0.0, 0.001, 0.001, 0.001, 0.001, 0.001, 0.002, 0.002, 0.003, 0.004, 0.006, 0.008, 0.011, 0.014, 0.018, 0.022, 0.027]

Growth Rates [h-1]
[0.153, 0.153, 0.153, 0.153, 0.153, 0.153, 0.153, 0.153, 0.153, 0.153, 0.153, 0.153, 0.153, 0.153, 0.153, 0.153, 0.153, 0.153, 0.153, 0.153, 0.153, 0.153, 0.153, 0.153, 0.153, 0.153, 0.153, 0.153, 0.153, 0.153]

Final Product Amount [mmol]
377.93692889701174

Final Biomass Amount [g]
25.58393584138957

Process End
55.0
#-------------------------