#-------------------------
Termination Status
LOCALLY_SOLVED

Time Elapsed
115.131180955

Objective Value
186.2649087836868

Normalized Complementary Slackness
-15.427425352252108

Finite Elements
[0.88, 0.88, 0.88, 0.88, 0.88, 0.88, 0.88, 0.88, 0.88, 0.88, 0.88, 0.88, 0.88, 0.88, 0.88, 0.59, 0.59, 0.59, 0.59, 0.59, 0.59, 0.59, 0.59, 0.59, 0.59, 0.59, 0.59, 0.59, 0.59, 0.59]

Complementary Slackness per Finite Element
[-16.7, -16.7, -16.7, -16.7, -16.7, -16.7, -16.7, -16.7, -16.7, -16.7, -16.7, -16.7, -15.32, -14.54, -14.54, -14.54, -14.54, -14.54, -14.54, -14.54, -14.54, -14.54, -14.54, -14.54, -14.54, -14.54, -14.54, -14.54, -14.54, -14.54]

Feed Rates
[0.001, 0.001, 0.002, 0.002, 0.002, 0.003, 0.003, 0.004, 0.004, 0.005, 0.006, 0.007, 0.007, 0.008, 0.009, 0.01, 0.011, 0.012, 0.014, 0.015, 0.016, 0.018, 0.02, 0.021, 0.023, 0.026, 0.028, 0.031, 0.033, 0.037]

Growth Rates [h-1]
[0.189, 0.189, 0.189, 0.189, 0.189, 0.189, 0.189, 0.189, 0.189, 0.189, 0.189, 0.189, 0.165, 0.153, 0.153, 0.153, 0.153, 0.153, 0.153, 0.153, 0.153, 0.153, 0.153, 0.153, 0.153, 0.153, 0.153, 0.153, 0.153, 0.153]

Final Product Amount [mmol]
417.27937882487106

Final Biomass Amount [g]
30.378296846006627

Process End
22.0
#-------------------------