#-------------------------
Termination Status
LOCALLY_SOLVED

Time Elapsed
77.592419185

Objective Value
118.46460969286561

Normalized Complementary Slackness
-16.349624058805755

Finite Elements
[2.8, 2.8, 2.8, 2.8, 2.8, 2.8, 2.8, 2.8, 2.8, 2.8, 2.8, 2.8, 2.8, 2.8, 2.8, 1.87, 1.87, 1.87, 1.87, 1.87, 1.87, 1.87, 1.87, 1.87, 1.87, 1.87, 1.87, 1.87, 1.87, 1.87]

Complementary Slackness per Finite Element
[-16.95, -16.95, -14.59, -11.78, -16.55, -16.55, -16.55, -16.55, -16.55, -16.55, -16.55, -16.55, -16.55, -16.55, -16.55, -16.55, -16.55, -16.55, -16.55, -16.55, -16.55, -16.55, -16.55, -16.55, -16.55, -16.55, -16.55, -16.55, -16.55, -16.55]

Feed Rates
[0.001, 0.002, 0.003, 0.002, 0.002, 0.002, 0.002, 0.002, 0.002, 0.002, 0.003, 0.003, 0.003, 0.003, 0.003, 0.004, 0.004, 0.004, 0.004, 0.004, 0.005, 0.005, 0.005, 0.005, 0.005, 0.006, 0.006, 0.006, 0.007, 0.007]

Growth Rates [h-1]
[0.189, 0.189, 0.153, 0.024, 0.024, 0.024, 0.024, 0.024, 0.024, 0.024, 0.024, 0.024, 0.024, 0.024, 0.024, 0.024, 0.024, 0.024, 0.024, 0.024, 0.024, 0.024, 0.024, 0.024, 0.024, 0.024, 0.024, 0.024, 0.024, 0.024]

Final Product Amount [mmol]
722.5838638315433

Final Biomass Amount [g]
13.609623591926102

Process End
70.0
#-------------------------