#-------------------------
Termination Status
LOCALLY_INFEASIBLE

Time Elapsed
17.921443913

Objective Value
302.7614045397929

Normalized Complementary Slackness
-17.638472315449295

Finite Elements
[0.91, 1.36, 1.36, 1.36, 1.36, 1.36, 1.18, 0.91, 0.91, 0.91, 0.91, 0.91, 0.94, 1.1, 1.18, 1.22, 1.25, 1.26, 1.28, 1.29, 1.29, 1.3, 1.31, 1.3, 0.91, 0.91, 0.91, 1.08, 0.91, 1.14]

Complementary Slackness per Finite Element
[-17.51, -17.5, -17.49, -17.47, -17.49, -17.48, -17.56, -17.56, -17.6, -17.61, -17.59, -17.56, -17.58, -17.84, -17.64, -17.62, -17.66, -17.6, -17.65, -17.67, -17.61, -17.66, -17.67, -17.8, -17.69, -17.7, -17.71, -17.87, -17.84, -17.93]

Feed Rates
[0.001, 0.0, 0.0, 0.0, 0.0, 0.0, 0.0, 0.001, 0.001, 0.001, 0.001, 0.001, 0.001, 0.002, 0.002, 0.002, 0.003, 0.003, 0.004, 0.005, 0.007, 0.008, 0.01, 0.013, 0.016, 0.019, 0.022, 0.026, 0.031, 0.036]

Growth Rates [h-1]
[0.171, 0.171, 0.171, 0.171, 0.171, 0.171, 0.171, 0.171, 0.171, 0.171, 0.171, 0.171, 0.171, 0.171, 0.171, 0.171, 0.171, 0.171, 0.171, 0.171, 0.171, 0.171, 0.171, 0.171, 0.171, 0.171, 0.171, 0.171, 0.171, 0.171]

Final Product Amount [mmol]
314.0780518856823

Final Biomass Amount [g]
30.3464694129519

Process End
34.0
#-------------------------