#-------------------------
Termination Status
LOCALLY_INFEASIBLE

Time Elapsed
19.713570014

Objective Value
53.695626185836176

Normalized Complementary Slackness
-17.533152955966287

Finite Elements
[2.44, 2.44, 2.44, 2.44, 1.92, 1.77, 2.31, 1.63, 1.63, 1.63, 1.63, 1.63, 1.63, 1.63, 1.63, 1.63, 1.63, 1.63, 1.63, 1.75, 2.07, 2.37, 2.44, 2.44, 2.44, 2.44, 2.44, 2.44, 2.44, 2.44]

Complementary Slackness per Finite Element
[-19.62, -17.91, -17.16, -16.6, -16.41, -16.4, -16.45, -16.41, -16.42, -16.38, -16.39, -16.4, -16.41, -16.43, -16.47, -16.59, -16.72, -18.27, -18.28, -18.35, -18.38, -18.44, -18.49, -18.57, -18.68, -18.71, -18.87, -18.78, -18.62, -18.41]

Feed Rates
[0.001, 0.0, 0.0, 0.0, 0.0, 0.0, 0.0, 0.0, 0.0, 0.0, 0.0, 0.0, 0.0, 0.0, 0.0, 0.0, 0.001, 0.001, 0.001, 0.001, 0.001, 0.002, 0.003, 0.004, 0.005, 0.007, 0.009, 0.013, 0.018, 0.025]

Growth Rates [h-1]
[0.134, 0.134, 0.134, 0.134, 0.134, 0.134, 0.134, 0.134, 0.134, 0.134, 0.134, 0.134, 0.134, 0.134, 0.134, 0.134, 0.134, 0.134, 0.134, 0.134, 0.134, 0.134, 0.134, 0.134, 0.134, 0.134, 0.134, 0.134, 0.134, 0.134]

Final Product Amount [mmol]
402.8760311188266

Final Biomass Amount [g]
28.103642325859003

Process End
61.0
#-------------------------