#-------------------------
Termination Status
LOCALLY_INFEASIBLE

Time Elapsed
17.940538753

Objective Value
181.27259662190298

Normalized Complementary Slackness
-22.120223935437334

Finite Elements
[0.75, 1.12, 1.12, 1.12, 1.12, 1.12, 1.09, 1.0, 0.93, 0.91, 0.98, 1.11, 1.12, 1.12, 1.11, 1.11, 1.09, 1.02, 0.85, 0.75, 0.75, 0.75, 0.75, 0.75, 0.75, 0.75, 0.75, 0.75, 0.75, 0.75]

Complementary Slackness per Finite Element
[-21.97, -22.07, -22.08, -22.09, -22.11, -22.11, -22.08, -22.12, -22.13, -22.12, -22.13, -22.13, -22.13, -22.13, -22.13, -22.14, -22.09, -22.1, -22.11, -22.12, -22.14, -22.14, -22.09, -22.11, -22.13, -22.15, -22.17, -22.18, -22.2, -22.21]

Feed Rates
[0.001, 0.0, 0.0, 0.0, 0.0, 0.001, 0.001, 0.001, 0.001, 0.001, 0.001, 0.002, 0.002, 0.003, 0.003, 0.004, 0.005, 0.006, 0.008, 0.009, 0.01, 0.012, 0.014, 0.016, 0.018, 0.021, 0.024, 0.028, 0.032, 0.037]

Growth Rates [h-1]
[0.189, 0.189, 0.189, 0.189, 0.189, 0.189, 0.189, 0.189, 0.189, 0.189, 0.189, 0.189, 0.189, 0.189, 0.189, 0.189, 0.189, 0.189, 0.189, 0.189, 0.189, 0.189, 0.189, 0.189, 0.189, 0.189, 0.189, 0.189, 0.189, 0.189]

Final Product Amount [mmol]
198.69300372285724

Final Biomass Amount [g]
27.35744389298497

Process End
28.0
#-------------------------