#-------------------------
Termination Status
LOCALLY_INFEASIBLE

Time Elapsed
13.668969203

Objective Value
24.527325402916688

Normalized Complementary Slackness
-247.96122785002638

Finite Elements
[1.31, 1.16, 1.16, 1.16, 1.16, 1.16, 1.16, 1.16, 1.16, 1.16, 1.16, 1.17, 1.17, 1.18, 1.62, 1.68, 1.69, 1.7, 1.7, 1.7, 1.7, 1.7, 1.64, 1.7, 1.7, 1.7, 1.7, 1.7, 1.7, 1.25]

Complementary Slackness per Finite Element
[-252.68, -250.96, -250.69, -250.48, -250.3, -250.16, -250.05, -249.93, -249.67, -249.2, -248.77, -248.44, -248.17, -247.87, -247.62, -247.32, -247.31, -247.3, -247.3, -247.26, -246.98, -245.05, -244.93, -245.23, -246.06, -246.3, -246.34, -245.73, -245.09, -245.64]

Feed Rates
[0.001, 0.001, 0.001, 0.001, 0.001, 0.001, 0.001, 0.002, 0.002, 0.002, 0.002, 0.002, 0.003, 0.003, 0.003, 0.004, 0.005, 0.006, 0.007, 0.008, 0.009, 0.011, 0.013, 0.015, 0.018, 0.021, 0.025, 0.029, 0.035, 0.041]

Growth Rates [h-1]
[0.097, 0.097, 0.097, 0.097, 0.097, 0.097, 0.097, 0.097, 0.097, 0.097, 0.097, 0.097, 0.097, 0.097, 0.097, 0.097, 0.097, 0.097, 0.097, 0.097, 0.097, 0.097, 0.097, 0.097, 0.097, 0.097, 0.097, 0.097, 0.097, 0.097]

Final Product Amount [mmol]
1090.262309171672

Final Biomass Amount [g]
46.734058008480694

Process End
43.0
#-------------------------