#-------------------------
Termination Status
LOCALLY_INFEASIBLE

Time Elapsed
17.335748179

Objective Value
321.1278851096238

Normalized Complementary Slackness
-18.44505370676738

Finite Elements
[2.2, 2.2, 2.2, 2.2, 2.2, 2.2, 2.2, 2.2, 2.2, 2.19, 1.96, 1.56, 1.47, 1.47, 1.47, 1.47, 1.47, 1.47, 1.47, 1.47, 1.87, 2.05, 2.1, 2.1, 2.04, 1.73, 1.47, 1.47, 1.47, 1.47]

Complementary Slackness per Finite Element
[-19.75, -18.05, -17.67, -17.68, -17.7, -17.73, -17.76, -17.78, -17.8, -17.83, -17.82, -17.78, -17.79, -17.84, -17.89, -18.81, -18.49, -19.34, -18.27, -18.82, -18.69, -18.92, -19.05, -19.0, -19.28, -19.43, -19.09, -19.11, -19.26, -18.95]

Feed Rates
[0.001, 0.0, 0.0, 0.0, 0.0, 0.0, 0.0, 0.0, 0.0, 0.0, 0.0, 0.0, 0.0, 0.001, 0.001, 0.001, 0.001, 0.001, 0.002, 0.002, 0.003, 0.004, 0.005, 0.007, 0.009, 0.012, 0.016, 0.02, 0.025, 0.031]

Growth Rates [h-1]
[0.153, 0.153, 0.153, 0.153, 0.153, 0.153, 0.153, 0.153, 0.153, 0.153, 0.153, 0.153, 0.153, 0.153, 0.153, 0.153, 0.153, 0.153, 0.153, 0.153, 0.153, 0.153, 0.153, 0.153, 0.153, 0.153, 0.153, 0.153, 0.153, 0.153]

Final Product Amount [mmol]
334.1547044690884

Final Biomass Amount [g]
29.229738653783592

Process End
55.0
#-------------------------