#-------------------------
Termination Status
LOCALLY_INFEASIBLE

Time Elapsed
15.006686299

Objective Value
150.92739278057743

Normalized Complementary Slackness
-20.886047519161554

Finite Elements
[0.75, 0.75, 0.75, 0.75, 0.76, 0.76, 0.76, 0.76, 0.76, 0.76, 0.76, 0.76, 0.76, 0.92, 1.04, 1.0, 0.91, 1.07, 1.04, 1.1, 1.11, 1.11, 1.11, 1.11, 1.11, 1.11, 1.11, 1.11, 1.11, 1.08]

Complementary Slackness per Finite Element
[-20.72, -19.84, -19.74, -19.59, -19.72, -20.59, -20.62, -20.69, -20.76, -20.78, -20.81, -19.57, -21.59, -20.51, -21.66, -21.45, -20.96, -21.33, -21.26, -21.26, -21.28, -21.25, -21.29, -21.28, -21.29, -21.32, -21.34, -21.36, -21.37, -21.37]

Feed Rates
[0.001, 0.001, 0.001, 0.001, 0.001, 0.002, 0.002, 0.002, 0.002, 0.003, 0.003, 0.003, 0.004, 0.004, 0.005, 0.006, 0.007, 0.008, 0.009, 0.011, 0.013, 0.015, 0.018, 0.021, 0.025, 0.029, 0.035, 0.041, 0.049, 0.057]

Growth Rates [h-1]
[0.153, 0.153, 0.153, 0.153, 0.153, 0.153, 0.153, 0.153, 0.153, 0.153, 0.153, 0.153, 0.153, 0.153, 0.153, 0.153, 0.153, 0.153, 0.153, 0.153, 0.153, 0.153, 0.153, 0.153, 0.153, 0.153, 0.153, 0.153, 0.153, 0.153]

Final Product Amount [mmol]
453.8231352651064

Final Biomass Amount [g]
50.90549918847675

Process End
28.0
#-------------------------