#-------------------------
Termination Status
LOCALLY_INFEASIBLE

Time Elapsed
16.255863732

Objective Value
91.63626143366093

Normalized Complementary Slackness
-19.70652029620595

Finite Elements
[1.96, 1.96, 1.96, 1.96, 1.96, 1.96, 1.96, 1.96, 1.96, 1.96, 1.96, 1.96, 1.96, 1.96, 1.95, 1.32, 1.31, 1.31, 1.31, 1.31, 1.31, 1.31, 1.31, 1.31, 1.31, 1.31, 1.31, 1.31, 1.31, 1.31]

Complementary Slackness per Finite Element
[-22.7, -19.73, -19.58, -19.53, -19.53, -19.58, -19.7, -19.48, -19.48, -19.51, -19.54, -19.59, -19.63, -19.66, -19.67, -19.66, -19.65, -19.63, -19.59, -19.5, -19.73, -19.6, -19.59, -19.59, -19.65, -19.59, -19.64, -19.64, -19.61, -19.59]

Feed Rates
[0.001, 0.0, 0.0, 0.0, 0.0, 0.0, 0.0, 0.0, 0.0, 0.0, 0.001, 0.001, 0.001, 0.001, 0.002, 0.002, 0.003, 0.003, 0.004, 0.004, 0.005, 0.006, 0.007, 0.009, 0.011, 0.013, 0.015, 0.018, 0.021, 0.025]

Growth Rates [h-1]
[0.134, 0.134, 0.134, 0.134, 0.134, 0.134, 0.134, 0.134, 0.134, 0.134, 0.134, 0.134, 0.134, 0.134, 0.134, 0.134, 0.134, 0.134, 0.134, 0.134, 0.134, 0.134, 0.134, 0.134, 0.134, 0.134, 0.134, 0.134, 0.134, 0.134]

Final Product Amount [mmol]
496.1175165909167

Final Biomass Amount [g]
24.666145061385198

Process End
49.0
#-------------------------