#-------------------------
Termination Status
LOCALLY_INFEASIBLE

Time Elapsed
14.677739377

Objective Value
23.70222572670397

Normalized Complementary Slackness
-17.577628060398855

Finite Elements
[2.32, 2.31, 2.31, 2.28, 1.67, 1.74, 2.3, 2.29, 2.12, 1.66, 1.58, 1.55, 1.55, 1.55, 1.55, 1.55, 1.55, 1.55, 1.55, 1.55, 1.74, 2.15, 1.69, 1.98, 2.32, 2.32, 2.32, 2.32, 2.32, 2.32]

Complementary Slackness per Finite Element
[-17.53, -17.56, -17.56, -17.56, -17.55, -17.55, -17.55, -17.55, -17.55, -17.55, -17.55, -17.54, -17.58, -17.57, -17.56, -17.56, -17.55, -17.56, -17.55, -17.56, -17.56, -17.57, -17.58, -17.58, -17.58, -17.59, -17.6, -17.55, -17.65, -17.99]

Feed Rates
[0.001, 0.0, 0.0, 0.0, 0.0, 0.0, 0.0, 0.0, 0.0, 0.0, 0.0, 0.0, 0.0, 0.0, 0.0, 0.0, 0.0, 0.0, 0.0, 0.001, 0.001, 0.001, 0.002, 0.002, 0.004, 0.006, 0.009, 0.013, 0.021, 0.032]

Growth Rates [h-1]
[0.189, 0.189, 0.189, 0.189, 0.189, 0.189, 0.189, 0.189, 0.189, 0.189, 0.189, 0.189, 0.189, 0.189, 0.189, 0.189, 0.189, 0.189, 0.189, 0.189, 0.189, 0.189, 0.189, 0.189, 0.189, 0.189, 0.189, 0.189, 0.189, 0.189]

Final Product Amount [mmol]
226.04191323279423

Final Biomass Amount [g]
30.92993881343046

Process End
58.0
#-------------------------