#-------------------------
Termination Status
LOCALLY_INFEASIBLE

Time Elapsed
18.536009019

Objective Value
1457.8226002379836

Normalized Complementary Slackness
-15.78781653945314

Finite Elements
[1.47, 1.47, 1.47, 1.47, 1.47, 1.47, 1.47, 1.47, 1.47, 1.47, 1.47, 1.47, 1.47, 1.47, 1.47, 2.18, 2.2, 2.2, 2.2, 2.2, 2.2, 2.2, 2.2, 2.2, 2.2, 2.2, 2.2, 2.2, 2.2, 2.2]

Complementary Slackness per Finite Element
[-15.93, -15.75, -15.8, -15.79, -15.79, -15.79, -15.79, -15.79, -15.79, -15.79, -15.79, -15.79, -15.78, -15.79, -15.75, -15.8, -15.78, -15.78, -15.78, -15.78, -15.78, -15.78, -15.78, -15.78, -15.78, -15.78, -15.78, -15.78, -15.78, -15.78]

Feed Rates
[0.001, 0.001, 0.001, 0.001, 0.001, 0.001, 0.001, 0.001, 0.002, 0.002, 0.002, 0.002, 0.002, 0.003, 0.003, 0.004, 0.004, 0.005, 0.006, 0.007, 0.008, 0.01, 0.012, 0.014, 0.017, 0.02, 0.024, 0.028, 0.034, 0.04]

Growth Rates [h-1]
[0.079, 0.079, 0.079, 0.079, 0.079, 0.079, 0.079, 0.079, 0.079, 0.079, 0.079, 0.079, 0.079, 0.079, 0.079, 0.079, 0.079, 0.079, 0.079, 0.079, 0.079, 0.079, 0.079, 0.079, 0.079, 0.079, 0.079, 0.079, 0.079, 0.079]

Final Product Amount [mmol]
1444.4732411309728

Final Biomass Amount [g]
54.63215562162247

Process End
55.0
#-------------------------