#-------------------------
Termination Status
LOCALLY_INFEASIBLE

Time Elapsed
14.208834711

Objective Value
531.31676606442

Normalized Complementary Slackness
-47.876988063377375

Finite Elements
[2.56, 2.56, 2.56, 2.56, 2.56, 2.56, 2.56, 2.56, 2.56, 2.56, 2.56, 2.56, 2.56, 2.56, 2.55, 1.72, 1.71, 1.71, 1.71, 1.71, 1.71, 1.71, 1.71, 1.71, 1.71, 1.71, 1.71, 1.71, 1.71, 1.71]

Complementary Slackness per Finite Element
[-49.44, -48.96, -48.51, -48.07, -47.73, -47.57, -47.54, -47.6, -47.72, -47.84, -47.98, -48.34, -48.56, -48.49, -48.51, -48.5, -48.49, -48.49, -48.47, -48.44, -48.41, -48.2, -48.29, -48.15, -48.01, -45.86, -46.79, -46.12, -45.92, -45.28]

Feed Rates
[0.001, 0.0, 0.0, 0.0, 0.0, 0.0, 0.0, 0.0, 0.0, 0.0, 0.0, 0.0, 0.001, 0.001, 0.001, 0.002, 0.002, 0.002, 0.003, 0.003, 0.004, 0.005, 0.006, 0.007, 0.009, 0.011, 0.013, 0.016, 0.02, 0.024]

Growth Rates [h-1]
[0.116, 0.116, 0.116, 0.116, 0.116, 0.116, 0.116, 0.116, 0.116, 0.116, 0.116, 0.116, 0.116, 0.116, 0.116, 0.116, 0.116, 0.116, 0.116, 0.116, 0.116, 0.116, 0.116, 0.116, 0.116, 0.116, 0.116, 0.116, 0.116, 0.116]

Final Product Amount [mmol]
571.0746402981947

Final Biomass Amount [g]
26.76554500181869

Process End
64.0
#-------------------------