#-------------------------
Termination Status
LOCALLY_INFEASIBLE

Time Elapsed
16.233160923

Objective Value
193.12412246320028

Normalized Complementary Slackness
-16.908302776627

Finite Elements
[1.47, 2.2, 2.2, 1.47, 1.47, 1.47, 1.47, 1.47, 1.47, 1.47, 1.47, 1.47, 1.47, 1.47, 1.47, 1.47, 1.47, 2.2, 2.2, 2.2, 2.2, 2.2, 2.2, 2.2, 2.2, 2.2, 2.2, 2.2, 2.2, 2.2]

Complementary Slackness per Finite Element
[-18.43, -18.14, -18.57, -16.7, -16.66, -15.62, -14.53, -14.2, -14.08, -13.99, -13.96, -14.12, -14.62, -14.21, -14.96, -15.39, -15.5, -16.04, -17.56, -17.81, -18.35, -19.47, -20.21, -19.88, -20.01, -20.01, -19.37, -19.06, -16.6, -19.21]

Feed Rates
[0.001, 0.0, 0.0, 0.0, 0.0, 0.0, 0.0, 0.0, 0.0, 0.0, 0.0, 0.001, 0.001, 0.001, 0.001, 0.001, 0.001, 0.001, 0.002, 0.002, 0.003, 0.003, 0.004, 0.005, 0.006, 0.008, 0.009, 0.012, 0.014, 0.018]

Growth Rates [h-1]
[0.097, 0.097, 0.097, 0.097, 0.097, 0.097, 0.097, 0.097, 0.097, 0.097, 0.097, 0.097, 0.097, 0.097, 0.097, 0.097, 0.097, 0.097, 0.097, 0.097, 0.097, 0.097, 0.097, 0.097, 0.097, 0.097, 0.097, 0.097, 0.097, 0.097]

Final Product Amount [mmol]
205.6208653770058

Final Biomass Amount [g]
22.112172004676633

Process End
55.0
#-------------------------