#-------------------------
Termination Status
LOCALLY_INFEASIBLE

Time Elapsed
16.822956557

Objective Value
136.62317845536825

Normalized Complementary Slackness
-21.23978466191165

Finite Elements
[0.88, 0.88, 0.87, 0.87, 0.87, 0.87, 0.87, 0.87, 0.87, 0.87, 0.62, 0.6, 0.6, 0.86, 0.87, 0.86, 0.6, 0.6, 0.6, 0.85, 0.6, 0.59, 0.6, 0.68, 0.61, 0.6, 0.64, 0.63, 0.65, 0.61]

Complementary Slackness per Finite Element
[-21.15, -21.15, -21.15, -21.25, -21.25, -21.26, -21.27, -21.27, -21.26, -21.27, -21.24, -21.27, -21.27, -21.27, -21.23, -21.25, -21.24, -21.23, -21.23, -21.2, -21.2, -21.21, -21.21, -21.22, -21.23, -21.24, -21.25, -21.27, -21.3, -21.34]

Feed Rates
[0.001, 0.001, 0.002, 0.002, 0.002, 0.003, 0.003, 0.004, 0.004, 0.005, 0.006, 0.006, 0.007, 0.008, 0.01, 0.011, 0.013, 0.015, 0.017, 0.019, 0.022, 0.025, 0.027, 0.031, 0.035, 0.039, 0.044, 0.05, 0.056, 0.063]

Growth Rates [h-1]
[0.189, 0.189, 0.189, 0.189, 0.189, 0.189, 0.189, 0.189, 0.189, 0.189, 0.189, 0.189, 0.189, 0.189, 0.189, 0.189, 0.189, 0.189, 0.189, 0.189, 0.189, 0.189, 0.189, 0.189, 0.189, 0.189, 0.189, 0.189, 0.189, 0.189]

Final Product Amount [mmol]
327.8076260696423

Final Biomass Amount [g]
45.80016732201443

Process End
22.0
#-------------------------