#-------------------------
Termination Status
LOCALLY_INFEASIBLE

Time Elapsed
16.211938965

Objective Value
526.5229156728366

Normalized Complementary Slackness
-16.659463542996345

Finite Elements
[2.68, 2.67, 2.65, 2.35, 1.89, 1.79, 1.79, 1.79, 1.79, 1.79, 1.79, 1.79, 1.79, 1.79, 1.79, 1.79, 1.79, 1.79, 2.04, 2.68, 2.68, 2.68, 2.68, 2.68, 2.68, 2.68, 2.68, 2.68, 2.68, 2.68]

Complementary Slackness per Finite Element
[-17.62, -17.25, -16.97, -16.98, -17.11, -16.54, -16.17, -16.61, -16.68, -16.0, -16.18, -16.55, -16.44, -16.57, -16.49, -16.89, -15.6, -17.15, -16.8, -16.58, -16.71, -16.67, -16.66, -16.64, -16.68, -16.69, -16.72, -16.77, -16.64, -16.45]

Feed Rates
[0.001, 0.0, 0.0, 0.0, 0.0, 0.0, 0.0, 0.0, 0.0, 0.0, 0.0, 0.0, 0.0, 0.0, 0.001, 0.001, 0.001, 0.001, 0.001, 0.001, 0.002, 0.002, 0.003, 0.004, 0.005, 0.007, 0.009, 0.012, 0.015, 0.019]

Growth Rates [h-1]
[0.097, 0.097, 0.097, 0.097, 0.097, 0.097, 0.097, 0.097, 0.097, 0.097, 0.097, 0.097, 0.097, 0.097, 0.097, 0.097, 0.097, 0.097, 0.097, 0.097, 0.097, 0.097, 0.097, 0.097, 0.097, 0.097, 0.097, 0.097, 0.097, 0.097]

Final Product Amount [mmol]
535.1816546865576

Final Biomass Amount [g]
25.13008411631241

Process End
67.0
#-------------------------