#-------------------------
Termination Status
LOCALLY_INFEASIBLE

Time Elapsed
17.063680435

Objective Value
438.2646631439832

Normalized Complementary Slackness
-18.335526190560522

Finite Elements
[2.56, 2.56, 2.27, 2.08, 2.04, 2.0, 1.94, 1.87, 1.78, 1.72, 2.21, 1.72, 1.71, 1.71, 1.71, 1.71, 1.71, 1.71, 1.71, 1.71, 2.54, 2.56, 2.56, 2.56, 2.56, 2.56, 2.56, 2.56, 2.56, 2.56]

Complementary Slackness per Finite Element
[-18.96, -18.26, -18.34, -18.34, -18.33, -18.34, -18.35, -18.36, -18.36, -18.36, -18.37, -18.38, -18.32, -18.28, -18.25, -18.25, -18.2, -18.2, -18.23, -18.31, -18.28, -18.29, -18.3, -18.32, -18.34, -18.35, -18.36, -18.36, -18.35, -18.34]

Feed Rates
[0.001, 0.0, 0.0, 0.0, 0.0, 0.0, 0.0, 0.0, 0.0, 0.0, 0.0, 0.0, 0.0, 0.0, 0.0, 0.0, 0.0, 0.0, 0.0, 0.001, 0.001, 0.001, 0.002, 0.003, 0.004, 0.006, 0.008, 0.012, 0.018, 0.027]

Growth Rates [h-1]
[0.153, 0.153, 0.153, 0.153, 0.153, 0.153, 0.153, 0.153, 0.153, 0.153, 0.153, 0.153, 0.153, 0.153, 0.153, 0.153, 0.153, 0.153, 0.153, 0.153, 0.153, 0.153, 0.153, 0.153, 0.153, 0.153, 0.153, 0.153, 0.153, 0.153]

Final Product Amount [mmol]
451.67830296821745

Final Biomass Amount [g]
29.19172930139992

Process End
64.0
#-------------------------