#-------------------------
Termination Status
LOCALLY_INFEASIBLE

Time Elapsed
14.169264728

Objective Value
120.9803042387602

Normalized Complementary Slackness
-175.3529907869343

Finite Elements
[1.0, 1.39, 1.45, 1.37, 1.0, 1.1, 1.0, 1.13, 1.0, 1.13, 1.06, 1.13, 1.08, 1.1, 1.08, 1.06, 1.08, 1.01, 1.24, 1.27, 1.37, 1.39, 1.4, 1.41, 1.44, 1.47, 1.47, 1.47, 1.47, 1.43]

Complementary Slackness per Finite Element
[-180.06, -179.54, -179.04, -177.5, -176.61, -176.1, -175.68, -175.51, -175.22, -175.09, -174.92, -174.79, -174.68, -174.57, -174.47, -174.42, -174.53, -174.47, -174.33, -174.59, -174.5, -174.51, -174.58, -174.53, -174.52, -174.5, -174.57, -174.39, -174.71, -173.64]

Feed Rates
[0.001, 0.001, 0.001, 0.001, 0.001, 0.002, 0.002, 0.002, 0.002, 0.003, 0.003, 0.003, 0.004, 0.004, 0.005, 0.006, 0.006, 0.007, 0.008, 0.009, 0.011, 0.013, 0.015, 0.018, 0.021, 0.024, 0.029, 0.034, 0.041, 0.048]

Growth Rates [h-1]
[0.116, 0.116, 0.116, 0.116, 0.116, 0.116, 0.116, 0.116, 0.116, 0.116, 0.116, 0.116, 0.116, 0.116, 0.116, 0.116, 0.116, 0.116, 0.116, 0.116, 0.116, 0.116, 0.116, 0.116, 0.116, 0.116, 0.116, 0.116, 0.116, 0.116]

Final Product Amount [mmol]
1020.4102191901951

Final Biomass Amount [g]
51.48296967023492

Process End
37.0
#-------------------------