#-------------------------
Termination Status
ALMOST_LOCALLY_SOLVED

Time Elapsed
407.434594245

Objective Value
25.48828357637237

Normalized Complementary Slackness
-16.83240921030072

Finite Elements
[0.46, 0.46, 0.46, 0.46, 0.46, 0.46, 0.46, 0.44, 0.31, 0.31, 0.31, 0.31, 0.31, 0.31, 0.31, 0.31, 0.31, 0.31, 0.31, 0.31, 0.31, 0.31, 0.33, 0.46, 0.46, 0.46, 0.46, 0.46, 0.46, 0.46]

Complementary Slackness per Finite Element
[-17.52, -17.43, -17.4, -17.37, -17.34, -17.32, -17.3, -17.26, -17.23, -17.2, -17.15, -17.11, -17.06, -17.02, -16.95, -16.9, -16.86, -16.83, -16.81, -16.81, -16.81, -16.81, -18.71, -15.69, -15.68, -15.68, -15.68, -15.68, -15.68, -15.68]

Feed Rates
[0.001, 0.001, 0.001, 0.001, 0.002, 0.002, 0.002, 0.002, 0.002, 0.002, 0.002, 0.003, 0.003, 0.003, 0.003, 0.003, 0.003, 0.004, 0.004, 0.004, 0.004, 0.005, 0.005, 0.005, 0.005, 0.006, 0.006, 0.007, 0.007, 0.008]

Growth Rates [h-1]
[0.189, 0.189, 0.189, 0.189, 0.189, 0.189, 0.189, 0.189, 0.189, 0.189, 0.189, 0.189, 0.189, 0.189, 0.189, 0.189, 0.189, 0.189, 0.189, 0.189, 0.189, 0.189, 0.186, 0.171, 0.171, 0.171, 0.171, 0.171, 0.171, 0.171]

Final Product Amount [mmol]
46.99282844696093

Final Biomass Amount [g]
5.900779209455436

Process End
11.5
#-------------------------