#-------------------------
Termination Status
LOCALLY_INFEASIBLE

Time Elapsed
16.607867298

Objective Value
554.636567077267

Normalized Complementary Slackness
-38.277651583067595

Finite Elements
[0.67, 0.67, 0.67, 0.67, 0.67, 0.67, 0.67, 0.67, 0.67, 0.67, 0.67, 0.67, 0.67, 0.67, 0.68, 0.99, 1.0, 1.0, 1.0, 1.0, 1.0, 1.0, 1.0, 1.0, 1.0, 1.0, 1.0, 1.0, 1.0, 1.0]

Complementary Slackness per Finite Element
[-38.13, -38.23, -38.2, -38.26, -38.21, -38.18, -38.33, -38.31, -38.26, -38.29, -38.25, -38.28, -38.28, -38.25, -38.29, -38.31, -38.26, -38.28, -38.3, -38.33, -38.28, -38.18, -38.25, -38.21, -38.24, -38.27, -38.31, -38.4, -38.46, -38.52]

Feed Rates
[0.001, 0.001, 0.001, 0.002, 0.002, 0.002, 0.002, 0.003, 0.003, 0.003, 0.004, 0.004, 0.005, 0.006, 0.006, 0.007, 0.009, 0.011, 0.013, 0.016, 0.019, 0.023, 0.028, 0.034, 0.041, 0.049, 0.059, 0.072, 0.087, 0.105]

Growth Rates [h-1]
[0.189, 0.189, 0.189, 0.189, 0.189, 0.189, 0.189, 0.189, 0.189, 0.189, 0.189, 0.189, 0.189, 0.189, 0.189, 0.189, 0.189, 0.189, 0.189, 0.189, 0.189, 0.189, 0.189, 0.189, 0.189, 0.189, 0.189, 0.189, 0.189, 0.189]

Final Product Amount [mmol]
581.9307743804128

Final Biomass Amount [g]
80.84104784707507

Process End
25.0
#-------------------------