#-------------------------
Termination Status
LOCALLY_INFEASIBLE

Time Elapsed
19.043967808

Objective Value
38.67448522538103

Normalized Complementary Slackness
-20.789354175571866

Finite Elements
[2.32, 2.32, 2.32, 2.32, 2.32, 2.32, 2.02, 1.87, 2.31, 1.56, 1.76, 1.55, 1.55, 1.55, 1.55, 1.55, 1.55, 1.55, 1.55, 1.55, 1.77, 2.04, 2.07, 2.07, 2.05, 2.18, 1.68, 2.14, 2.32, 2.32]

Complementary Slackness per Finite Element
[-21.32, -20.19, -20.23, -20.25, -20.29, -20.33, -20.33, -20.35, -20.44, -20.35, -20.38, -20.35, -20.34, -20.33, -20.32, -20.33, -20.36, -20.34, -20.26, -20.25, -20.39, -21.36, -21.85, -22.17, -22.44, -22.66, -23.37, -20.91, -21.07, -20.14]

Feed Rates
[0.001, 0.0, 0.0, 0.0, 0.0, 0.0, 0.0, 0.0, 0.0, 0.0, 0.0, 0.0, 0.0, 0.0, 0.0, 0.0, 0.001, 0.001, 0.001, 0.001, 0.001, 0.002, 0.003, 0.004, 0.005, 0.007, 0.01, 0.012, 0.017, 0.025]

Growth Rates [h-1]
[0.153, 0.153, 0.153, 0.153, 0.153, 0.153, 0.153, 0.153, 0.153, 0.153, 0.153, 0.153, 0.153, 0.153, 0.153, 0.153, 0.153, 0.153, 0.153, 0.153, 0.153, 0.153, 0.153, 0.153, 0.153, 0.153, 0.153, 0.153, 0.153, 0.153]

Final Product Amount [mmol]
322.73222504334456

Final Biomass Amount [g]
25.570827341404645

Process End
58.0
#-------------------------