#-------------------------
Termination Status
LOCALLY_SOLVED

Time Elapsed
84.155724117

Objective Value
149.8445389835951

Normalized Complementary Slackness
-14.92780582872104

Finite Elements
[1.48, 1.48, 1.48, 1.48, 1.48, 1.48, 1.48, 1.48, 1.48, 1.48, 1.48, 1.48, 1.48, 1.48, 1.48, 0.99, 0.99, 0.99, 0.99, 0.99, 0.99, 0.99, 0.99, 0.99, 0.99, 0.99, 0.99, 0.99, 0.99, 0.99]

Complementary Slackness per Finite Element
[-16.95, -16.95, -9.69, -12.73, -13.72, -15.11, -15.11, -15.11, -15.11, -15.11, -15.11, -15.11, -15.11, -15.11, -15.11, -15.11, -15.11, -15.11, -15.11, -15.11, -15.11, -15.11, -15.11, -15.11, -15.11, -15.11, -15.11, -15.11, -15.11, -15.11]

Feed Rates
[0.001, 0.001, 0.001, 0.002, 0.002, 0.002, 0.002, 0.002, 0.003, 0.003, 0.003, 0.004, 0.004, 0.005, 0.005, 0.006, 0.006, 0.007, 0.007, 0.008, 0.008, 0.009, 0.01, 0.011, 0.011, 0.012, 0.013, 0.015, 0.016, 0.017]

Growth Rates [h-1]
[0.189, 0.189, 0.079, 0.125, 0.133, 0.079, 0.079, 0.079, 0.079, 0.079, 0.079, 0.079, 0.079, 0.079, 0.079, 0.079, 0.079, 0.079, 0.079, 0.079, 0.079, 0.079, 0.079, 0.079, 0.079, 0.079, 0.079, 0.079, 0.079, 0.079]

Final Product Amount [mmol]
539.5882473756366

Final Biomass Amount [g]
21.197640177439183

Process End
37.0
#-------------------------