#-------------------------
Termination Status
LOCALLY_INFEASIBLE

Time Elapsed
17.439702015

Objective Value
647.7377260939365

Normalized Complementary Slackness
-28.897175356015005

Finite Elements
[1.73, 2.49, 1.74, 1.74, 1.75, 1.75, 1.75, 1.75, 1.78, 2.49, 2.48, 1.75, 1.78, 1.75, 1.75, 1.75, 2.46, 1.75, 1.76, 2.51, 2.53, 2.56, 2.5, 2.5, 2.56, 2.56, 2.56, 2.56, 2.56, 2.4]

Complementary Slackness per Finite Element
[-28.83, -28.3, -28.69, -28.72, -28.5, -28.67, -28.79, -28.89, -28.8, -29.07, -28.51, -28.24, -28.98, -29.54, -29.56, -29.47, -29.45, -29.5, -29.56, -29.61, -29.01, -29.04, -29.08, -29.05, -28.98, -28.89, -28.77, -28.57, -28.26, -27.56]

Feed Rates
[0.001, 0.001, 0.001, 0.001, 0.001, 0.001, 0.001, 0.001, 0.001, 0.001, 0.002, 0.002, 0.002, 0.002, 0.003, 0.003, 0.003, 0.004, 0.004, 0.005, 0.006, 0.007, 0.008, 0.009, 0.01, 0.012, 0.014, 0.017, 0.019, 0.023]

Growth Rates [h-1]
[0.061, 0.061, 0.061, 0.061, 0.061, 0.061, 0.061, 0.061, 0.061, 0.061, 0.061, 0.061, 0.061, 0.061, 0.061, 0.061, 0.061, 0.061, 0.061, 0.061, 0.061, 0.061, 0.061, 0.061, 0.061, 0.061, 0.061, 0.061, 0.061, 0.061]

Final Product Amount [mmol]
663.4103807693898

Final Biomass Amount [g]
34.238770919502734

Process End
64.0
#-------------------------