#-------------------------
Termination Status
LOCALLY_INFEASIBLE

Time Elapsed
15.391015406

Objective Value
4.336369524203228

Normalized Complementary Slackness
-45.40097549636923

Finite Elements
[1.84, 1.84, 1.84, 1.84, 1.84, 1.84, 1.84, 1.84, 1.84, 1.84, 1.84, 1.84, 1.84, 1.84, 1.82, 1.25, 1.23, 1.23, 1.23, 1.23, 1.23, 1.23, 1.23, 1.23, 1.23, 1.23, 1.23, 1.23, 1.23, 1.23]

Complementary Slackness per Finite Element
[-43.87, -43.52, -43.24, -43.23, -43.27, -43.38, -43.87, -45.93, -45.59, -45.81, -45.46, -45.31, -45.81, -46.1, -46.19, -46.3, -46.25, -46.16, -46.29, -46.32, -46.41, -46.51, -46.51, -46.53, -45.78, -46.23, -45.75, -45.87, -46.03, -44.5]

Feed Rates
[0.001, 0.0, 0.0, 0.0, 0.0, 0.0, 0.0, 0.0, 0.0, 0.0, 0.001, 0.001, 0.001, 0.001, 0.002, 0.002, 0.002, 0.003, 0.004, 0.004, 0.005, 0.006, 0.008, 0.009, 0.011, 0.013, 0.016, 0.02, 0.024, 0.028]

Growth Rates [h-1]
[0.153, 0.153, 0.153, 0.153, 0.153, 0.153, 0.153, 0.153, 0.153, 0.153, 0.153, 0.153, 0.153, 0.153, 0.153, 0.153, 0.153, 0.153, 0.153, 0.153, 0.153, 0.153, 0.153, 0.153, 0.153, 0.153, 0.153, 0.153, 0.153, 0.153]

Final Product Amount [mmol]
211.27559985425302

Final Biomass Amount [g]
25.635023656094194

Process End
46.0
#-------------------------