#-------------------------
Termination Status
LOCALLY_INFEASIBLE

Time Elapsed
16.172687668

Objective Value
85.22783055338391

Normalized Complementary Slackness
-19.71174915730214

Finite Elements
[2.08, 2.08, 2.08, 2.08, 2.08, 2.08, 2.08, 2.08, 2.08, 2.08, 2.08, 2.08, 2.08, 2.08, 2.07, 1.39, 1.39, 1.39, 1.39, 1.39, 1.39, 1.39, 1.39, 1.39, 1.39, 1.39, 1.39, 1.39, 1.39, 1.39]

Complementary Slackness per Finite Element
[-22.63, -19.63, -19.47, -19.4, -19.37, -19.36, -19.38, -19.43, -19.54, -19.75, -20.23, -19.58, -19.6, -19.65, -19.69, -19.69, -19.69, -19.65, -19.54, -19.98, -19.43, -19.87, -19.53, -19.56, -19.75, -19.57, -19.63, -19.62, -19.66, -19.47]

Feed Rates
[0.001, 0.0, 0.0, 0.0, 0.0, 0.0, 0.0, 0.0, 0.0, 0.0, 0.0, 0.001, 0.001, 0.001, 0.001, 0.002, 0.002, 0.003, 0.003, 0.004, 0.005, 0.006, 0.007, 0.008, 0.01, 0.012, 0.014, 0.017, 0.021, 0.025]

Growth Rates [h-1]
[0.134, 0.134, 0.134, 0.134, 0.134, 0.134, 0.134, 0.134, 0.134, 0.134, 0.134, 0.134, 0.134, 0.134, 0.134, 0.134, 0.134, 0.134, 0.134, 0.134, 0.134, 0.134, 0.134, 0.134, 0.134, 0.134, 0.134, 0.134, 0.134, 0.134]

Final Product Amount [mmol]
495.9034932229727

Final Biomass Amount [g]
24.644091411439156

Process End
52.0
#-------------------------