#-------------------------
Termination Status
LOCALLY_INFEASIBLE

Time Elapsed
14.160916455

Objective Value
504.9588697843763

Normalized Complementary Slackness
-16.260924817377223

Finite Elements
[2.8, 1.92, 2.09, 2.16, 2.07, 1.92, 1.89, 1.88, 1.88, 1.87, 1.87, 1.87, 1.87, 1.87, 1.87, 1.87, 1.92, 2.78, 2.8, 2.8, 2.8, 2.8, 2.8, 2.8, 2.8, 2.8, 2.8, 2.8, 2.8, 2.8]

Complementary Slackness per Finite Element
[-17.69, -16.66, -16.43, -15.91, -15.64, -15.74, -15.86, -15.97, -16.16, -16.07, -15.85, -16.38, -16.34, -16.33, -16.3, -16.33, -16.43, -16.27, -16.24, -16.38, -16.2, -16.31, -16.3, -16.3, -16.28, -16.28, -16.29, -16.29, -16.29, -16.3]

Feed Rates
[0.001, 0.0, 0.0, 0.0, 0.0, 0.0, 0.0, 0.0, 0.0, 0.0, 0.0, 0.0, 0.0, 0.0, 0.0, 0.0, 0.001, 0.001, 0.001, 0.001, 0.001, 0.002, 0.002, 0.003, 0.004, 0.006, 0.007, 0.01, 0.013, 0.017]

Growth Rates [h-1]
[0.097, 0.097, 0.097, 0.097, 0.097, 0.097, 0.097, 0.097, 0.097, 0.097, 0.097, 0.097, 0.097, 0.097, 0.097, 0.097, 0.097, 0.097, 0.097, 0.097, 0.097, 0.097, 0.097, 0.097, 0.097, 0.097, 0.097, 0.097, 0.097, 0.097]

Final Product Amount [mmol]
513.7965855264332

Final Biomass Amount [g]
21.981925566571068

Process End
70.0
#-------------------------