#-------------------------
Termination Status
LOCALLY_SOLVED

Time Elapsed
53.486218683

Objective Value
650.6017478718294

Normalized Complementary Slackness
-15.41270403127143

Finite Elements
[1.84, 1.84, 1.84, 1.84, 1.84, 1.84, 1.84, 1.84, 1.84, 1.84, 1.84, 1.23, 1.84, 1.84, 1.84, 1.84, 1.23, 1.23, 1.23, 1.23, 1.23, 1.23, 1.23, 1.23, 1.23, 1.23, 1.23, 1.23, 1.23, 1.23]

Complementary Slackness per Finite Element
[-16.97, -16.97, -13.78, -10.45, -15.61, -15.61, -15.61, -15.61, -15.61, -15.61, -20.33, -9.16, -15.61, -15.61, -15.61, -15.62, -15.6, -15.61, -15.61, -15.61, -15.61, -15.61, -15.61, -15.61, -15.61, -15.61, -15.61, -15.61, -15.61, -15.61]

Feed Rates
[0.001, 0.002, 0.002, 0.001, 0.002, 0.002, 0.002, 0.002, 0.002, 0.003, 0.003, 0.003, 0.004, 0.004, 0.005, 0.005, 0.006, 0.006, 0.007, 0.007, 0.008, 0.008, 0.009, 0.01, 0.01, 0.011, 0.012, 0.013, 0.014, 0.015]

Growth Rates [h-1]
[0.189, 0.189, 0.141, 0.061, 0.061, 0.061, 0.061, 0.061, 0.061, 0.061, 0.061, 0.061, 0.061, 0.061, 0.061, 0.061, 0.061, 0.061, 0.061, 0.061, 0.061, 0.061, 0.061, 0.061, 0.061, 0.061, 0.061, 0.061, 0.061, 0.061]

Final Product Amount [mmol]
643.0027046295497

Final Biomass Amount [g]
21.43826008183032

Process End
46.0
#-------------------------