#-------------------------
Termination Status
LOCALLY_INFEASIBLE

Time Elapsed
14.728798066

Objective Value
209.6008957840215

Normalized Complementary Slackness
-18.976467250324827

Finite Elements
[2.56, 2.52, 2.52, 1.75, 1.75, 1.74, 2.12, 2.48, 2.45, 2.4, 2.32, 2.19, 2.02, 1.74, 1.71, 1.71, 1.71, 1.71, 1.71, 1.71, 1.71, 1.71, 1.84, 2.56, 2.56, 2.56, 2.56, 2.56, 2.56, 2.56]

Complementary Slackness per Finite Element
[-18.96, -18.97, -18.97, -18.97, -18.97, -18.97, -18.97, -18.96, -18.96, -18.96, -18.96, -18.95, -18.99, -18.98, -18.97, -18.97, -18.97, -18.96, -18.97, -18.96, -18.97, -18.97, -18.97, -18.98, -18.98, -18.98, -18.99, -18.95, -19.01, -19.16]

Feed Rates
[0.001, 0.0, 0.0, 0.0, 0.0, 0.0, 0.0, 0.0, 0.0, 0.0, 0.0, 0.0, 0.0, 0.0, 0.0, 0.0, 0.0, 0.0, 0.0, 0.0, 0.001, 0.001, 0.001, 0.002, 0.003, 0.004, 0.007, 0.012, 0.019, 0.031]

Growth Rates [h-1]
[0.189, 0.189, 0.189, 0.189, 0.189, 0.189, 0.189, 0.189, 0.189, 0.189, 0.189, 0.189, 0.189, 0.189, 0.189, 0.189, 0.189, 0.189, 0.189, 0.189, 0.189, 0.189, 0.189, 0.189, 0.189, 0.189, 0.189, 0.189, 0.189, 0.189]

Final Product Amount [mmol]
226.41442807960246

Final Biomass Amount [g]
30.90120558740081

Process End
64.0
#-------------------------