#-------------------------
Termination Status
LOCALLY_SOLVED

Time Elapsed
44.679897568

Objective Value
493.7631872278191

Normalized Complementary Slackness
-14.857055280679415

Finite Elements
[0.88, 0.88, 0.88, 0.88, 0.88, 0.88, 0.88, 0.88, 0.88, 0.88, 0.88, 0.88, 0.88, 0.88, 0.88, 0.59, 0.59, 0.59, 0.59, 0.59, 0.59, 0.59, 0.59, 0.59, 0.59, 0.59, 0.59, 0.59, 0.59, 0.59]

Complementary Slackness per Finite Element
[-16.95, -16.95, -16.95, -16.95, -16.95, -16.95, -16.95, -16.95, -16.95, -16.95, -16.95, -16.95, -16.95, -16.95, -16.95, -16.95, -14.58, -12.12, -12.12, -12.12, -12.12, -12.12, -12.12, -12.12, -12.12, -12.12, -12.12, -12.12, -12.43, -14.16]

Feed Rates
[0.001, 0.001, 0.002, 0.002, 0.002, 0.003, 0.003, 0.004, 0.004, 0.005, 0.006, 0.007, 0.008, 0.01, 0.011, 0.013, 0.013, 0.012, 0.012, 0.013, 0.014, 0.015, 0.016, 0.017, 0.019, 0.02, 0.021, 0.023, 0.024, 0.026]

Growth Rates [h-1]
[0.189, 0.189, 0.189, 0.189, 0.189, 0.189, 0.189, 0.189, 0.189, 0.189, 0.189, 0.189, 0.189, 0.189, 0.189, 0.189, 0.153, 0.116, 0.116, 0.116, 0.116, 0.116, 0.116, 0.116, 0.116, 0.116, 0.116, 0.116, 0.116, 0.116]

Final Product Amount [mmol]
495.086644975524

Final Biomass Amount [g]
25.57539662510402

Process End
22.0
#-------------------------