#-------------------------
Termination Status
LOCALLY_INFEASIBLE

Time Elapsed
15.173057151

Objective Value
50.286762888050006

Normalized Complementary Slackness
-25.823181611084433

Finite Elements
[2.8, 2.77, 2.69, 2.57, 2.42, 2.25, 2.06, 1.9, 1.87, 1.89, 1.88, 1.87, 1.87, 1.87, 1.87, 1.87, 1.87, 1.87, 1.87, 1.97, 2.8, 2.8, 2.8, 2.8, 2.8, 2.8, 2.8, 2.8, 2.8, 2.8]

Complementary Slackness per Finite Element
[-27.59, -25.09, -25.24, -25.59, -25.66, -25.74, -25.87, -26.06, -26.25, -26.35, -26.64, -25.92, -25.86, -25.88, -25.95, -26.02, -26.12, -26.35, -26.29, -25.67, -25.56, -25.43, -25.42, -25.38, -25.56, -25.45, -25.44, -25.48, -25.51, -25.32]

Feed Rates
[0.001, 0.0, 0.0, 0.0, 0.0, 0.0, 0.0, 0.0, 0.0, 0.0, 0.0, 0.0, 0.0, 0.0, 0.0, 0.0, 0.0, 0.001, 0.001, 0.001, 0.001, 0.001, 0.002, 0.003, 0.004, 0.005, 0.007, 0.01, 0.014, 0.019]

Growth Rates [h-1]
[0.116, 0.116, 0.116, 0.116, 0.116, 0.116, 0.116, 0.116, 0.116, 0.116, 0.116, 0.116, 0.116, 0.116, 0.116, 0.116, 0.116, 0.116, 0.116, 0.116, 0.116, 0.116, 0.116, 0.116, 0.116, 0.116, 0.116, 0.116, 0.116, 0.116]

Final Product Amount [mmol]
489.9191050151368

Final Biomass Amount [g]
23.403994406214533

Process End
70.0
#-------------------------