#-------------------------
Termination Status
LOCALLY_SOLVED

Time Elapsed
152.248076635

Objective Value
683.4411176222986

Normalized Complementary Slackness
-15.872452431672857

Finite Elements
[1.96, 1.96, 1.96, 1.96, 1.96, 1.96, 1.96, 1.96, 1.96, 1.96, 1.96, 1.96, 1.96, 1.96, 1.96, 1.31, 1.31, 1.31, 1.31, 1.31, 1.31, 1.31, 1.31, 1.31, 1.31, 1.31, 1.31, 1.31, 1.31, 1.31]

Complementary Slackness per Finite Element
[-16.95, -16.95, -16.95, -16.95, -8.77, -13.83, -16.07, -16.07, -16.07, -16.07, -16.07, -16.07, -16.07, -16.07, -16.07, -16.07, -16.07, -16.07, -16.07, -16.07, -16.07, -16.07, -16.07, -16.07, -16.07, -16.07, -16.07, -16.07, -16.07, -16.07]

Feed Rates
[0.001, 0.002, 0.002, 0.003, 0.002, 0.002, 0.002, 0.003, 0.003, 0.003, 0.003, 0.004, 0.004, 0.004, 0.005, 0.005, 0.005, 0.006, 0.006, 0.006, 0.007, 0.007, 0.008, 0.008, 0.009, 0.009, 0.01, 0.01, 0.011, 0.011]

Growth Rates [h-1]
[0.189, 0.189, 0.189, 0.189, 0.065, 0.042, 0.042, 0.042, 0.042, 0.042, 0.042, 0.042, 0.042, 0.042, 0.042, 0.042, 0.042, 0.042, 0.042, 0.042, 0.042, 0.042, 0.042, 0.042, 0.042, 0.042, 0.042, 0.042, 0.042, 0.042]

Final Product Amount [mmol]
672.0586091370939

Final Biomass Amount [g]
18.579944444277896

Process End
49.0
#-------------------------