#-------------------------
Termination Status
LOCALLY_SOLVED

Time Elapsed
48.328361552

Objective Value
172.89637669826107

Normalized Complementary Slackness
-15.010853390551189

Finite Elements
[1.48, 1.48, 1.48, 1.48, 1.48, 1.48, 1.48, 1.48, 1.48, 1.48, 1.48, 1.48, 1.48, 1.48, 1.48, 0.99, 0.99, 0.99, 0.99, 0.99, 0.99, 0.99, 0.99, 0.99, 0.99, 0.99, 0.99, 0.99, 0.99, 0.99]

Complementary Slackness per Finite Element
[-16.95, -16.95, -16.95, -14.78, -9.69, -12.32, -15.11, -15.11, -15.11, -15.11, -15.11, -15.11, -15.11, -15.11, -15.11, -15.11, -15.11, -15.11, -15.11, -15.11, -15.11, -15.11, -15.11, -15.11, -15.11, -15.11, -15.11, -15.11, -15.11, -15.11]

Feed Rates
[0.001, 0.001, 0.002, 0.002, 0.002, 0.002, 0.002, 0.003, 0.003, 0.003, 0.004, 0.004, 0.005, 0.005, 0.006, 0.006, 0.007, 0.008, 0.008, 0.009, 0.01, 0.01, 0.011, 0.012, 0.013, 0.014, 0.015, 0.017, 0.018, 0.019]

Growth Rates [h-1]
[0.189, 0.189, 0.189, 0.156, 0.079, 0.079, 0.079, 0.079, 0.079, 0.079, 0.079, 0.079, 0.079, 0.079, 0.079, 0.079, 0.079, 0.079, 0.079, 0.079, 0.079, 0.079, 0.079, 0.079, 0.079, 0.079, 0.079, 0.079, 0.079, 0.079]

Final Product Amount [mmol]
615.4514242221379

Final Biomass Amount [g]
24.14856512491626

Process End
37.0
#-------------------------