#-------------------------
Termination Status
LOCALLY_INFEASIBLE

Time Elapsed
14.550231421

Objective Value
182.38778886271353

Normalized Complementary Slackness
-17.719969158367274

Finite Elements
[2.32, 2.32, 2.32, 1.96, 1.94, 1.92, 1.9, 1.86, 1.81, 1.75, 1.67, 1.58, 1.55, 1.55, 1.55, 1.55, 1.55, 1.55, 1.55, 1.55, 1.55, 2.16, 2.32, 2.32, 2.32, 2.32, 2.32, 2.32, 2.32, 2.32]

Complementary Slackness per Finite Element
[-17.03, -17.05, -17.05, -17.05, -17.5, -17.8, -17.83, -17.83, -17.83, -17.83, -17.83, -17.83, -17.82, -17.83, -17.83, -17.83, -17.83, -17.83, -17.83, -17.83, -17.83, -17.83, -17.83, -17.85, -17.85, -17.86, -17.86, -17.86, -17.88, -17.89]

Feed Rates
[0.001, 0.0, 0.0, 0.0, 0.0, 0.0, 0.0, 0.0, 0.0, 0.0, 0.0, 0.0, 0.0, 0.0, 0.0, 0.0, 0.0, 0.0, 0.0, 0.0, 0.001, 0.001, 0.001, 0.002, 0.003, 0.005, 0.008, 0.012, 0.018, 0.028]

Growth Rates [h-1]
[0.189, 0.189, 0.189, 0.189, 0.189, 0.189, 0.189, 0.189, 0.189, 0.189, 0.189, 0.189, 0.189, 0.189, 0.189, 0.189, 0.189, 0.189, 0.189, 0.189, 0.189, 0.189, 0.189, 0.189, 0.189, 0.189, 0.189, 0.189, 0.189, 0.189]

Final Product Amount [mmol]
198.08147189206963

Final Biomass Amount [g]
27.065713840635446

Process End
58.0
#-------------------------