#-------------------------
Termination Status
LOCALLY_INFEASIBLE

Time Elapsed
16.452191446

Objective Value
29.07596106223181

Normalized Complementary Slackness
-21.239944397809307

Finite Elements
[2.8, 2.8, 2.8, 2.8, 2.8, 2.21, 2.19, 2.17, 2.13, 2.09, 2.23, 2.23, 1.88, 1.87, 1.87, 1.87, 1.87, 1.87, 1.87, 1.87, 1.87, 1.87, 2.47, 2.8, 2.8, 2.8, 2.8, 2.8, 2.8, 2.8]

Complementary Slackness per Finite Element
[-20.18, -21.11, -21.13, -21.22, -21.08, -21.19, -21.27, -21.27, -21.31, -21.41, -21.34, -21.33, -21.42, -21.44, -21.46, -21.4, -21.37, -21.34, -21.33, -21.27, -21.3, -21.26, -21.2, -21.24, -21.22, -21.24, -21.24, -21.23, -21.2, -21.18]

Feed Rates
[0.001, 0.0, 0.0, 0.0, 0.0, 0.0, 0.0, 0.0, 0.0, 0.0, 0.0, 0.0, 0.0, 0.0, 0.0, 0.0, 0.0, 0.0, 0.0, 0.0, 0.001, 0.001, 0.001, 0.002, 0.003, 0.004, 0.007, 0.011, 0.018, 0.028]

Growth Rates [h-1]
[0.171, 0.171, 0.171, 0.171, 0.171, 0.171, 0.171, 0.171, 0.171, 0.171, 0.171, 0.171, 0.171, 0.171, 0.171, 0.171, 0.171, 0.171, 0.171, 0.171, 0.171, 0.171, 0.171, 0.171, 0.171, 0.171, 0.171, 0.171, 0.171, 0.171]

Final Product Amount [mmol]
330.23147322871694

Final Biomass Amount [g]
30.090136828360485

Process End
70.0
#-------------------------