#-------------------------
Termination Status
LOCALLY_INFEASIBLE

Time Elapsed
22.581904097

Objective Value
41.26512424695698

Normalized Complementary Slackness
-20.41631635913114

Finite Elements
[1.69, 1.71, 1.69, 1.71, 1.75, 1.77, 1.78, 1.67, 1.65, 1.65, 1.66, 1.67, 1.88, 1.65, 1.81, 2.2, 2.2, 2.2, 2.2, 2.2, 2.2, 2.2, 2.2, 2.2, 1.94, 1.66, 1.47, 1.47, 1.47, 1.47]

Complementary Slackness per Finite Element
[-17.94, -18.06, -19.9, -20.01, -17.3, -17.85, -18.2, -20.76, -20.97, -20.25, -19.8, -19.65, -21.8, -24.04, -24.4, -18.22, -22.69, -20.54, -20.73, -20.44, -20.71, -20.93, -20.72, -21.08, -20.63, -20.63, -20.64, -20.84, -21.09, -21.66]

Feed Rates
[0.001, 0.001, 0.001, 0.001, 0.001, 0.001, 0.001, 0.001, 0.001, 0.001, 0.002, 0.002, 0.002, 0.002, 0.002, 0.003, 0.003, 0.003, 0.004, 0.004, 0.005, 0.006, 0.007, 0.007, 0.008, 0.01, 0.01, 0.011, 0.013, 0.014]

Growth Rates [h-1]
[0.061, 0.061, 0.061, 0.061, 0.061, 0.061, 0.061, 0.061, 0.061, 0.061, 0.061, 0.061, 0.061, 0.061, 0.061, 0.061, 0.061, 0.061, 0.061, 0.061, 0.061, 0.061, 0.061, 0.061, 0.061, 0.061, 0.061, 0.061, 0.061, 0.061]

Final Product Amount [mmol]
288.8391738198107

Final Biomass Amount [g]
19.85224788646392

Process End
55.0
#-------------------------