#-------------------------
Termination Status
LOCALLY_INFEASIBLE

Time Elapsed
15.663196574

Objective Value
63.20965072268214

Normalized Complementary Slackness
-20.918832685994108

Finite Elements
[2.2, 2.2, 2.2, 2.2, 2.2, 2.2, 2.2, 2.2, 2.2, 2.2, 2.15, 1.76, 1.48, 1.47, 1.47, 1.47, 1.47, 1.8, 1.98, 2.04, 2.04, 1.96, 1.65, 1.47, 1.47, 1.47, 1.47, 1.47, 1.47, 1.47]

Complementary Slackness per Finite Element
[-21.59, -20.8, -20.83, -20.87, -20.91, -20.94, -20.97, -20.99, -20.99, -20.99, -20.97, -20.93, -20.9, -20.89, -20.85, -20.81, -20.77, -20.73, -20.72, -20.72, -20.74, -20.77, -20.81, -20.88, -20.97, -21.05, -21.07, -21.05, -21.03, -21.01]

Feed Rates
[0.001, 0.0, 0.0, 0.0, 0.0, 0.0, 0.0, 0.0, 0.0, 0.0, 0.0, 0.0, 0.0, 0.001, 0.001, 0.001, 0.001, 0.001, 0.002, 0.003, 0.004, 0.005, 0.006, 0.008, 0.01, 0.013, 0.016, 0.02, 0.025, 0.031]

Growth Rates [h-1]
[0.153, 0.153, 0.153, 0.153, 0.153, 0.153, 0.153, 0.153, 0.153, 0.153, 0.153, 0.153, 0.153, 0.153, 0.153, 0.153, 0.153, 0.153, 0.153, 0.153, 0.153, 0.153, 0.153, 0.153, 0.153, 0.153, 0.153, 0.153, 0.153, 0.153]

Final Product Amount [mmol]
423.84447074417085

Final Biomass Amount [g]
29.22973868011113

Process End
55.0
#-------------------------