#-------------------------
Termination Status
LOCALLY_INFEASIBLE

Time Elapsed
15.374182611

Objective Value
433.4788689710023

Normalized Complementary Slackness
-22.929134653469102

Finite Elements
[2.8, 2.8, 2.32, 2.8, 2.29, 2.3, 2.22, 2.17, 2.1, 2.02, 1.92, 1.88, 1.87, 1.92, 1.87, 1.87, 1.87, 1.87, 1.87, 1.87, 2.18, 2.8, 2.8, 2.8, 2.8, 2.8, 2.8, 2.8, 2.8, 2.8]

Complementary Slackness per Finite Element
[-23.43, -22.7, -22.72, -22.78, -22.81, -22.83, -22.89, -22.91, -22.93, -22.95, -22.89, -22.97, -22.99, -22.96, -22.97, -22.94, -22.92, -22.94, -22.88, -22.9, -22.92, -22.93, -22.96, -22.96, -22.94, -23.01, -23.02, -22.99, -22.94, -22.87]

Feed Rates
[0.001, 0.0, 0.0, 0.0, 0.0, 0.0, 0.0, 0.0, 0.0, 0.0, 0.0, 0.0, 0.0, 0.0, 0.0, 0.0, 0.0, 0.0, 0.0, 0.0, 0.001, 0.001, 0.001, 0.002, 0.003, 0.005, 0.007, 0.011, 0.017, 0.026]

Growth Rates [h-1]
[0.153, 0.153, 0.153, 0.153, 0.153, 0.153, 0.153, 0.153, 0.153, 0.153, 0.153, 0.153, 0.153, 0.153, 0.153, 0.153, 0.153, 0.153, 0.153, 0.153, 0.153, 0.153, 0.153, 0.153, 0.153, 0.153, 0.153, 0.153, 0.153, 0.153]

Final Product Amount [mmol]
451.77552829348696

Final Biomass Amount [g]
29.168496775372336

Process End
70.0
#-------------------------