#-------------------------
Termination Status
LOCALLY_INFEASIBLE

Time Elapsed
16.672534889

Objective Value
336.2768615247339

Normalized Complementary Slackness
-15.786977550787109

Finite Elements
[1.55, 1.55, 1.55, 1.55, 1.55, 1.55, 1.55, 1.55, 1.55, 1.55, 1.55, 1.55, 1.55, 1.55, 2.18, 1.68, 2.32, 2.32, 2.32, 2.32, 2.32, 2.32, 2.32, 2.32, 2.32, 2.32, 2.32, 2.32, 2.32, 2.32]

Complementary Slackness per Finite Element
[-15.93, -15.75, -15.8, -15.79, -15.79, -15.79, -15.79, -15.79, -15.79, -15.79, -15.79, -15.78, -15.8, -15.75, -16.08, -15.45, -15.8, -15.78, -15.78, -15.78, -15.78, -15.78, -15.78, -15.78, -15.78, -15.78, -15.78, -15.78, -15.78, -15.78]

Feed Rates
[0.001, 0.001, 0.001, 0.001, 0.001, 0.001, 0.001, 0.001, 0.002, 0.002, 0.002, 0.002, 0.003, 0.003, 0.003, 0.004, 0.005, 0.006, 0.007, 0.008, 0.01, 0.012, 0.014, 0.017, 0.02, 0.024, 0.029, 0.035, 0.042, 0.051]

Growth Rates [h-1]
[0.079, 0.079, 0.079, 0.079, 0.079, 0.079, 0.079, 0.079, 0.079, 0.079, 0.079, 0.079, 0.079, 0.079, 0.079, 0.079, 0.079, 0.079, 0.079, 0.079, 0.079, 0.079, 0.079, 0.079, 0.079, 0.079, 0.079, 0.079, 0.079, 0.079]

Final Product Amount [mmol]
1835.6834109089366

Final Biomass Amount [g]
69.23591478576267

Process End
58.0
#-------------------------