#-------------------------
Termination Status
LOCALLY_SOLVED

Time Elapsed
45.027043228

Objective Value
120.00637085828822

Normalized Complementary Slackness
-16.31453041191518

Finite Elements
[2.32, 2.32, 2.32, 2.32, 2.32, 2.32, 2.32, 2.32, 2.32, 2.32, 2.32, 2.32, 2.32, 2.32, 2.32, 1.55, 1.55, 1.55, 1.55, 1.55, 1.55, 1.55, 1.55, 1.55, 1.55, 1.55, 1.55, 1.55, 1.55, 1.55]

Complementary Slackness per Finite Element
[-16.95, -16.95, -16.95, -16.23, -8.56, -16.55, -16.55, -16.55, -16.55, -16.55, -16.55, -16.55, -16.55, -16.55, -16.55, -16.55, -16.55, -16.55, -16.55, -16.55, -16.55, -16.55, -16.55, -16.55, -16.55, -16.55, -16.55, -16.55, -16.55, -16.55]

Feed Rates
[0.001, 0.002, 0.003, 0.004, 0.002, 0.002, 0.002, 0.002, 0.003, 0.003, 0.003, 0.003, 0.003, 0.003, 0.004, 0.004, 0.004, 0.004, 0.004, 0.004, 0.005, 0.005, 0.005, 0.005, 0.005, 0.006, 0.006, 0.006, 0.006, 0.006]

Growth Rates [h-1]
[0.189, 0.189, 0.189, 0.178, 0.024, 0.024, 0.024, 0.024, 0.024, 0.024, 0.024, 0.024, 0.024, 0.024, 0.024, 0.024, 0.024, 0.024, 0.024, 0.024, 0.024, 0.024, 0.024, 0.024, 0.024, 0.024, 0.024, 0.024, 0.024, 0.024]

Final Product Amount [mmol]
625.3388736533727

Final Biomass Amount [g]
12.762090207603295

Process End
58.0
#-------------------------