#-------------------------
Termination Status
LOCALLY_INFEASIBLE

Time Elapsed
18.146591745

Objective Value
76.25714633329214

Normalized Complementary Slackness
-21.085460522685317

Finite Elements
[2.44, 2.44, 2.44, 2.44, 2.44, 2.44, 2.44, 2.44, 2.44, 2.44, 2.44, 2.44, 2.44, 2.44, 2.41, 1.66, 1.63, 1.63, 1.63, 1.63, 1.63, 1.63, 1.63, 1.63, 1.63, 1.63, 1.63, 1.63, 1.63, 1.63]

Complementary Slackness per Finite Element
[-23.7, -19.99, -20.21, -20.41, -20.91, -21.29, -24.63, -18.38, -20.34, -21.22, -21.1, -21.09, -21.08, -21.08, -21.08, -21.07, -21.08, -21.08, -21.07, -21.11, -21.01, -21.12, -21.1, -20.99, -21.09, -21.05, -21.06, -21.06, -21.08, -21.06]

Feed Rates
[0.001, 0.0, 0.0, 0.0, 0.0, 0.0, 0.0, 0.0, 0.0, 0.0, 0.001, 0.001, 0.001, 0.001, 0.002, 0.002, 0.002, 0.003, 0.003, 0.004, 0.004, 0.005, 0.006, 0.007, 0.008, 0.01, 0.012, 0.014, 0.016, 0.019]

Growth Rates [h-1]
[0.097, 0.097, 0.097, 0.097, 0.097, 0.097, 0.097, 0.097, 0.097, 0.097, 0.097, 0.097, 0.097, 0.097, 0.097, 0.097, 0.097, 0.097, 0.097, 0.097, 0.097, 0.097, 0.097, 0.097, 0.097, 0.097, 0.097, 0.097, 0.097, 0.097]

Final Product Amount [mmol]
523.2771364447644

Final Biomass Amount [g]
22.03980121084214

Process End
61.0
#-------------------------