#-------------------------
Termination Status
LOCALLY_SOLVED

Time Elapsed
54.797981417

Objective Value
584.0724320826979

Normalized Complementary Slackness
-14.1085734540934

Finite Elements
[1.24, 1.24, 1.24, 1.24, 1.24, 1.24, 1.24, 1.24, 1.24, 1.24, 1.24, 1.24, 1.24, 1.24, 0.83, 1.24, 0.83, 0.83, 0.83, 0.83, 0.83, 0.83, 0.83, 0.83, 0.83, 0.83, 0.83, 0.83, 0.83, 0.83]

Complementary Slackness per Finite Element
[-15.94, -12.11, -13.54, -14.15, -14.15, -14.15, -14.15, -14.15, -14.15, -14.15, -14.15, -14.15, -14.15, -15.69, -12.11, -14.16, -14.15, -14.15, -14.15, -14.15, -14.15, -14.15, -14.15, -14.15, -14.15, -14.15, -14.15, -14.15, -14.15, -14.15]

Feed Rates
[0.001, 0.001, 0.001, 0.001, 0.001, 0.002, 0.002, 0.002, 0.003, 0.003, 0.004, 0.004, 0.005, 0.005, 0.006, 0.007, 0.008, 0.009, 0.01, 0.011, 0.012, 0.013, 0.014, 0.015, 0.017, 0.019, 0.021, 0.023, 0.025, 0.027]

Growth Rates [h-1]
[0.174, 0.116, 0.116, 0.116, 0.116, 0.116, 0.116, 0.116, 0.116, 0.116, 0.116, 0.116, 0.116, 0.116, 0.116, 0.116, 0.116, 0.116, 0.116, 0.116, 0.116, 0.116, 0.116, 0.116, 0.116, 0.116, 0.116, 0.116, 0.116, 0.116]

Final Product Amount [mmol]
580.1042377182976

Final Biomass Amount [g]
27.625774612141363

Process End
31.0
#-------------------------