#-------------------------
Termination Status
LOCALLY_SOLVED

Time Elapsed
73.16641388

Objective Value
136.05129903507805

Normalized Complementary Slackness
-15.849961167064443

Finite Elements
[1.84, 1.84, 1.84, 1.84, 1.84, 1.84, 1.84, 1.84, 1.84, 1.84, 1.84, 1.84, 1.84, 1.84, 1.84, 1.23, 1.23, 1.23, 1.23, 1.23, 1.23, 1.23, 1.23, 1.23, 1.23, 1.23, 1.23, 1.23, 1.23, 1.23]

Complementary Slackness per Finite Element
[-16.95, -16.95, -16.95, -16.95, -11.75, -10.31, -16.07, -16.07, -16.07, -16.07, -16.07, -16.07, -16.07, -16.07, -16.07, -16.07, -16.07, -16.07, -16.07, -16.07, -16.07, -16.07, -16.07, -16.07, -16.07, -16.07, -16.07, -16.07, -16.07, -16.07]

Feed Rates
[0.001, 0.002, 0.002, 0.003, 0.003, 0.002, 0.002, 0.003, 0.003, 0.003, 0.003, 0.004, 0.004, 0.004, 0.005, 0.005, 0.005, 0.005, 0.006, 0.006, 0.006, 0.007, 0.007, 0.007, 0.008, 0.008, 0.009, 0.009, 0.01, 0.01]

Growth Rates [h-1]
[0.189, 0.189, 0.189, 0.189, 0.11, 0.042, 0.042, 0.042, 0.042, 0.042, 0.042, 0.042, 0.042, 0.042, 0.042, 0.042, 0.042, 0.042, 0.042, 0.042, 0.042, 0.042, 0.042, 0.042, 0.042, 0.042, 0.042, 0.042, 0.042, 0.042]

Final Product Amount [mmol]
586.9650174687301

Final Biomass Amount [g]
16.537044274084582

Process End
46.0
#-------------------------