#-------------------------
Termination Status
LOCALLY_INFEASIBLE

Time Elapsed
24.22943389

Objective Value
521.5156796429193

Normalized Complementary Slackness
-15.300827002395662

Finite Elements
[1.31, 1.96, 1.96, 1.96, 1.96, 1.96, 1.96, 1.96, 1.96, 1.96, 1.96, 1.96, 1.96, 1.96, 1.96, 1.95, 1.32, 1.31, 1.31, 1.31, 1.31, 1.31, 1.31, 1.31, 1.31, 1.31, 1.31, 1.31, 1.31, 1.31]

Complementary Slackness per Finite Element
[-15.51, -15.05, -15.25, -15.3, -15.31, -15.32, -15.32, -15.31, -15.31, -15.31, -15.31, -15.32, -15.26, -15.34, -15.3, -15.31, -15.3, -15.3, -15.3, -15.3, -15.3, -15.3, -15.3, -15.3, -15.3, -15.3, -15.3, -15.3, -15.3, -15.29]

Feed Rates
[0.001, 0.0, 0.0, 0.0, 0.0, 0.0, 0.001, 0.001, 0.001, 0.001, 0.001, 0.001, 0.002, 0.002, 0.003, 0.003, 0.004, 0.004, 0.005, 0.005, 0.006, 0.007, 0.008, 0.009, 0.01, 0.012, 0.013, 0.015, 0.017, 0.019]

Growth Rates [h-1]
[0.097, 0.097, 0.097, 0.097, 0.097, 0.097, 0.097, 0.097, 0.097, 0.097, 0.097, 0.097, 0.097, 0.097, 0.097, 0.097, 0.097, 0.097, 0.097, 0.097, 0.097, 0.097, 0.097, 0.097, 0.097, 0.097, 0.097, 0.097, 0.097, 0.097]

Final Product Amount [mmol]
523.292813459342

Final Biomass Amount [g]
22.215441541964125

Process End
49.0
#-------------------------