#-------------------------
Termination Status
LOCALLY_SOLVED

Time Elapsed
81.24562117

Objective Value
564.4981158335224

Normalized Complementary Slackness
-23.430829267801975

Finite Elements
[0.94, 0.94, 0.94, 0.94, 0.94, 0.94, 0.94, 0.8, 0.63, 0.63, 0.63, 0.63, 0.63, 0.63, 0.63, 0.63, 0.63, 0.63, 0.63, 0.63, 0.63, 0.94, 0.93, 0.91, 0.91, 0.89, 0.94, 0.94, 0.88, 0.63]

Complementary Slackness per Finite Element
[-29.13, -28.98, -28.86, -28.72, -28.72, -28.61, -28.63, -28.96, -29.0, -29.03, -29.02, -28.99, -28.95, -28.9, -28.81, -28.69, -28.63, -28.5, -28.12, -28.22, -14.81, -10.9, -10.9, -10.9, -10.9, -10.93, -14.22, -14.63, -14.66, -14.59]

Feed Rates
[0.001, 0.001, 0.002, 0.002, 0.002, 0.003, 0.003, 0.004, 0.004, 0.005, 0.006, 0.006, 0.007, 0.008, 0.009, 0.01, 0.011, 0.013, 0.015, 0.016, 0.014, 0.013, 0.014, 0.015, 0.017, 0.018, 0.02, 0.022, 0.024, 0.026]

Growth Rates [h-1]
[0.189, 0.189, 0.189, 0.189, 0.189, 0.189, 0.189, 0.189, 0.189, 0.189, 0.189, 0.189, 0.189, 0.189, 0.189, 0.189, 0.189, 0.189, 0.189, 0.189, 0.131, 0.097, 0.097, 0.097, 0.097, 0.097, 0.097, 0.097, 0.097, 0.097]

Final Product Amount [mmol]
574.5394726094519

Final Biomass Amount [g]
28.17319709503593

Process End
23.5
#-------------------------