#-------------------------
Termination Status
LOCALLY_INFEASIBLE

Time Elapsed
16.953503246

Objective Value
294.56747942299046

Normalized Complementary Slackness
-22.305029695676243

Finite Elements
[1.07, 1.6, 1.6, 1.6, 1.6, 1.6, 1.6, 1.6, 1.6, 1.6, 1.6, 1.6, 1.6, 1.43, 1.18, 1.09, 1.5, 1.45, 1.34, 1.08, 1.07, 1.07, 1.07, 1.07, 1.07, 1.07, 1.07, 1.07, 1.07, 1.07]

Complementary Slackness per Finite Element
[-22.47, -22.28, -22.27, -22.27, -22.26, -22.26, -22.25, -22.24, -22.26, -22.29, -22.32, -22.31, -22.28, -22.25, -22.24, -22.23, -22.24, -22.25, -22.26, -22.27, -22.3, -22.32, -22.35, -22.36, -22.38, -22.39, -22.39, -22.39, -22.38, -22.37]

Feed Rates
[0.001, 0.0, 0.0, 0.0, 0.0, 0.0, 0.0, 0.0, 0.0, 0.001, 0.001, 0.001, 0.001, 0.002, 0.002, 0.002, 0.003, 0.004, 0.005, 0.006, 0.007, 0.008, 0.01, 0.012, 0.015, 0.018, 0.021, 0.025, 0.03, 0.037]

Growth Rates [h-1]
[0.171, 0.171, 0.171, 0.171, 0.171, 0.171, 0.171, 0.171, 0.171, 0.171, 0.171, 0.171, 0.171, 0.171, 0.171, 0.171, 0.171, 0.171, 0.171, 0.171, 0.171, 0.171, 0.171, 0.171, 0.171, 0.171, 0.171, 0.171, 0.171, 0.171]

Final Product Amount [mmol]
310.6813628240833

Final Biomass Amount [g]
30.260435645143424

Process End
40.0
#-------------------------