#-------------------------
Termination Status
ALMOST_LOCALLY_SOLVED

Time Elapsed
94.364250558

Objective Value
225.97004705412147

Normalized Complementary Slackness
-15.934932145750132

Finite Elements
[0.7, 0.7, 0.7, 0.7, 0.7, 0.7, 0.63, 0.47, 0.47, 0.47, 0.47, 0.47, 0.47, 0.47, 0.47, 0.47, 0.47, 0.47, 0.47, 0.47, 0.51, 0.69, 0.7, 0.7, 0.7, 0.7, 0.7, 0.7, 0.7, 0.52]

Complementary Slackness per Finite Element
[-17.17, -17.17, -17.17, -17.14, -17.14, -17.14, -17.14, -17.17, -17.17, -17.14, -17.14, -17.16, -17.14, -17.14, -17.17, -17.05, -17.08, -17.14, -17.05, -17.05, -15.45, -13.32, -13.32, -13.32, -13.32, -13.32, -13.32, -13.32, -13.32, -13.32]

Feed Rates
[0.001, 0.001, 0.001, 0.002, 0.002, 0.002, 0.002, 0.003, 0.003, 0.003, 0.004, 0.004, 0.004, 0.005, 0.005, 0.006, 0.006, 0.007, 0.007, 0.008, 0.007, 0.007, 0.008, 0.009, 0.01, 0.01, 0.011, 0.013, 0.014, 0.015]

Growth Rates [h-1]
[0.189, 0.189, 0.189, 0.189, 0.189, 0.189, 0.189, 0.189, 0.189, 0.189, 0.189, 0.189, 0.189, 0.189, 0.189, 0.189, 0.189, 0.189, 0.189, 0.189, 0.134, 0.134, 0.134, 0.134, 0.134, 0.134, 0.134, 0.134, 0.134, 0.134]

Final Product Amount [mmol]
203.79995541300113

Final Biomass Amount [g]
13.560247917065672

Process End
17.5
#-------------------------