#-------------------------
Termination Status
LOCALLY_INFEASIBLE

Time Elapsed
17.03374228

Objective Value
327.8592845274203

Normalized Complementary Slackness
-47.537280381137776

Finite Elements
[0.84, 0.92, 0.91, 0.92, 0.92, 0.92, 0.92, 0.66, 0.83, 0.64, 0.64, 0.64, 0.64, 0.64, 0.64, 0.65, 0.9, 0.92, 0.92, 0.92, 0.92, 0.92, 0.92, 0.9, 0.65, 0.64, 0.64, 0.64, 0.64, 0.64]

Complementary Slackness per Finite Element
[-46.25, -46.55, -45.92, -45.97, -45.96, -46.0, -46.89, -47.92, -48.2, -48.3, -48.41, -48.41, -48.43, -48.4, -47.83, -48.18, -47.86, -47.89, -47.9, -47.71, -47.75, -47.72, -47.71, -47.68, -47.67, -47.64, -47.56, -47.73, -47.82, -47.83]

Feed Rates
[0.001, 0.001, 0.001, 0.002, 0.002, 0.002, 0.003, 0.003, 0.003, 0.004, 0.004, 0.005, 0.005, 0.006, 0.007, 0.007, 0.008, 0.01, 0.011, 0.013, 0.016, 0.018, 0.022, 0.025, 0.029, 0.033, 0.037, 0.041, 0.045, 0.051]

Growth Rates [h-1]
[0.171, 0.171, 0.171, 0.171, 0.171, 0.171, 0.171, 0.171, 0.171, 0.171, 0.171, 0.171, 0.171, 0.171, 0.171, 0.171, 0.171, 0.171, 0.171, 0.171, 0.171, 0.171, 0.171, 0.171, 0.171, 0.171, 0.171, 0.171, 0.171, 0.171]

Final Product Amount [mmol]
365.7028825606086

Final Biomass Amount [g]
39.482436662772656

Process End
23.5
#-------------------------