#-------------------------
Termination Status
LOCALLY_INFEASIBLE

Time Elapsed
14.282255181

Objective Value
89.53677769033746

Normalized Complementary Slackness
-22.31042861745134

Finite Elements
[1.15, 1.15, 1.15, 1.15, 1.15, 1.15, 1.15, 1.15, 1.15, 1.15, 1.15, 1.15, 1.15, 1.15, 1.15, 1.72, 1.72, 1.72, 1.72, 1.72, 1.72, 1.72, 1.72, 1.72, 1.72, 1.72, 1.72, 1.72, 1.72, 1.72]

Complementary Slackness per Finite Element
[-22.49, -22.24, -22.27, -22.26, -22.25, -22.24, -22.24, -22.23, -22.28, -22.2, -22.26, -22.27, -22.27, -22.27, -22.29, -22.32, -22.36, -22.4, -22.45, -22.38, -22.35, -22.31, -22.32, -22.32, -22.37, -22.34, -22.33, -22.32, -22.34, -22.31]

Feed Rates
[0.001, 0.0, 0.0, 0.0, 0.0, 0.0, 0.0, 0.0, 0.0, 0.0, 0.0, 0.0, 0.0, 0.001, 0.001, 0.001, 0.001, 0.001, 0.002, 0.002, 0.003, 0.004, 0.005, 0.006, 0.008, 0.011, 0.014, 0.018, 0.023, 0.03]

Growth Rates [h-1]
[0.153, 0.153, 0.153, 0.153, 0.153, 0.153, 0.153, 0.153, 0.153, 0.153, 0.153, 0.153, 0.153, 0.153, 0.153, 0.153, 0.153, 0.153, 0.153, 0.153, 0.153, 0.153, 0.153, 0.153, 0.153, 0.153, 0.153, 0.153, 0.153, 0.153]

Final Product Amount [mmol]
452.2744250148265

Final Biomass Amount [g]
29.3221850301505

Process End
43.0
#-------------------------