#-------------------------
Termination Status
LOCALLY_INFEASIBLE

Time Elapsed
15.585572562

Objective Value
35.08120812757885

Normalized Complementary Slackness
-48.20723584731704

Finite Elements
[2.08, 2.08, 2.08, 2.08, 2.08, 2.08, 2.08, 2.08, 2.08, 2.08, 2.08, 2.08, 2.08, 2.08, 2.06, 1.4, 1.39, 1.39, 1.39, 1.39, 1.39, 1.39, 1.39, 1.39, 1.39, 1.39, 1.39, 1.39, 1.39, 1.39]

Complementary Slackness per Finite Element
[-49.44, -47.73, -47.69, -47.72, -47.79, -47.87, -48.02, -48.25, -48.29, -48.41, -48.58, -48.58, -48.48, -48.43, -48.43, -48.45, -48.62, -48.79, -48.95, -49.06, -49.09, -49.16, -49.03, -48.98, -48.49, -48.16, -48.71, -47.82, -45.53, -43.68]

Feed Rates
[0.001, 0.0, 0.0, 0.0, 0.0, 0.0, 0.0, 0.0, 0.0, 0.001, 0.001, 0.001, 0.001, 0.001, 0.002, 0.002, 0.003, 0.003, 0.004, 0.004, 0.005, 0.006, 0.007, 0.008, 0.01, 0.012, 0.014, 0.016, 0.019, 0.022]

Growth Rates [h-1]
[0.116, 0.116, 0.116, 0.116, 0.116, 0.116, 0.116, 0.116, 0.116, 0.116, 0.116, 0.116, 0.116, 0.116, 0.116, 0.116, 0.116, 0.116, 0.116, 0.116, 0.116, 0.116, 0.116, 0.116, 0.116, 0.116, 0.116, 0.116, 0.116, 0.116]

Final Product Amount [mmol]
396.07896725871257

Final Biomass Amount [g]
23.50790432377756

Process End
52.0
#-------------------------