#-------------------------
Termination Status
LOCALLY_INFEASIBLE

Time Elapsed
17.144327926

Objective Value
32.015744314489105

Normalized Complementary Slackness
-43.27959148439913

Finite Elements
[0.83, 1.24, 1.24, 1.24, 1.24, 1.24, 1.24, 1.24, 1.24, 1.24, 1.24, 1.24, 1.24, 1.24, 1.24, 1.23, 0.83, 0.83, 0.83, 0.83, 0.83, 0.83, 0.83, 0.83, 0.83, 0.83, 0.83, 0.83, 0.83, 0.83]

Complementary Slackness per Finite Element
[-42.7, -42.92, -43.01, -43.04, -43.03, -43.0, -43.11, -43.06, -43.02, -42.96, -42.93, -42.92, -42.87, -42.96, -43.53, -43.78, -43.78, -43.74, -43.55, -43.49, -43.45, -43.5, -43.5, -43.46, -43.57, -43.49, -43.58, -43.6, -43.68, -43.15]

Feed Rates
[0.001, 0.0, 0.0, 0.0, 0.0, 0.001, 0.001, 0.001, 0.001, 0.001, 0.002, 0.002, 0.002, 0.003, 0.004, 0.004, 0.005, 0.006, 0.007, 0.008, 0.009, 0.011, 0.012, 0.014, 0.016, 0.019, 0.022, 0.025, 0.029, 0.033]

Growth Rates [h-1]
[0.171, 0.171, 0.171, 0.171, 0.171, 0.171, 0.171, 0.171, 0.171, 0.171, 0.171, 0.171, 0.171, 0.171, 0.171, 0.171, 0.171, 0.171, 0.171, 0.171, 0.171, 0.171, 0.171, 0.171, 0.171, 0.171, 0.171, 0.171, 0.171, 0.171]

Final Product Amount [mmol]
217.0519960784153

Final Biomass Amount [g]
26.639929119042794

Process End
31.0
#-------------------------