#-------------------------
Termination Status
ALMOST_LOCALLY_SOLVED

Time Elapsed
429.797716905

Objective Value
49.91136841390999

Normalized Complementary Slackness
-16.965663607011802

Finite Elements
[0.52, 0.52, 0.52, 0.52, 0.41, 0.36, 0.35, 0.35, 0.35, 0.35, 0.35, 0.35, 0.35, 0.35, 0.35, 0.35, 0.35, 0.35, 0.35, 0.52, 0.52, 0.52, 0.52, 0.52, 0.52, 0.52, 0.52, 0.52, 0.52, 0.45]

Complementary Slackness per Finite Element
[-18.85, -18.85, -18.85, -18.85, -18.85, -18.85, -18.85, -18.85, -18.85, -18.85, -18.85, -18.85, -18.85, -18.85, -18.85, -18.85, -18.85, -18.84, -18.84, -16.57, -14.35, -13.33, -13.33, -13.33, -13.33, -13.33, -13.33, -13.33, -13.33, -13.33]

Feed Rates
[0.001, 0.001, 0.001, 0.001, 0.002, 0.002, 0.002, 0.002, 0.002, 0.002, 0.002, 0.003, 0.003, 0.003, 0.003, 0.003, 0.004, 0.004, 0.004, 0.003, 0.004, 0.004, 0.004, 0.005, 0.005, 0.005, 0.006, 0.006, 0.006, 0.007]

Growth Rates [h-1]
[0.189, 0.189, 0.189, 0.189, 0.189, 0.189, 0.189, 0.189, 0.189, 0.189, 0.189, 0.189, 0.189, 0.189, 0.189, 0.189, 0.189, 0.189, 0.189, 0.134, 0.134, 0.134, 0.134, 0.134, 0.134, 0.134, 0.134, 0.134, 0.134, 0.134]

Final Product Amount [mmol]
84.01615864804812

Final Biomass Amount [g]
6.099359139338416

Process End
13.0
#-------------------------