#-------------------------
Termination Status
LOCALLY_INFEASIBLE

Time Elapsed
21.279997986

Objective Value
254.67939991943115

Normalized Complementary Slackness
-17.44648460605821

Finite Elements
[2.2, 2.2, 2.2, 2.2, 2.2, 1.72, 1.64, 1.55, 2.09, 1.7, 1.62, 1.47, 1.47, 1.47, 1.47, 1.47, 1.47, 1.47, 1.47, 1.47, 1.48, 1.92, 2.07, 2.09, 2.16, 1.97, 2.2, 2.2, 2.2, 2.2]

Complementary Slackness per Finite Element
[-18.12, -17.36, -17.36, -17.36, -17.37, -17.37, -17.37, -17.38, -17.41, -17.37, -17.38, -17.39, -17.39, -17.4, -17.4, -17.41, -17.42, -17.44, -17.46, -17.42, -17.32, -17.32, -17.32, -17.57, -17.35, -17.33, -17.39, -17.44, -17.64, -18.14]

Feed Rates
[0.001, 0.0, 0.0, 0.0, 0.0, 0.0, 0.0, 0.0, 0.0, 0.0, 0.0, 0.0, 0.0, 0.0, 0.0, 0.0, 0.0, 0.001, 0.001, 0.001, 0.001, 0.002, 0.002, 0.003, 0.004, 0.006, 0.009, 0.013, 0.019, 0.027]

Growth Rates [h-1]
[0.171, 0.171, 0.171, 0.171, 0.171, 0.171, 0.171, 0.171, 0.171, 0.171, 0.171, 0.171, 0.171, 0.171, 0.171, 0.171, 0.171, 0.171, 0.171, 0.171, 0.171, 0.171, 0.171, 0.171, 0.171, 0.171, 0.171, 0.171, 0.171, 0.171]

Final Product Amount [mmol]
268.9265388255091

Final Biomass Amount [g]
26.39187667361605

Process End
55.0
#-------------------------