#-------------------------
Termination Status
LOCALLY_SOLVED

Time Elapsed
105.744312028

Objective Value
151.93334273453345

Normalized Complementary Slackness
-14.87080312865654

Finite Elements
[0.58, 0.58, 0.58, 0.58, 0.58, 0.58, 0.58, 0.58, 0.58, 0.58, 0.58, 0.58, 0.58, 0.58, 0.58, 0.39, 0.39, 0.39, 0.39, 0.39, 0.39, 0.39, 0.39, 0.39, 0.39, 0.39, 0.39, 0.39, 0.39, 0.39]

Complementary Slackness per Finite Element
[-16.95, -16.95, -16.95, -16.95, -16.95, -16.95, -16.95, -16.95, -16.95, -16.95, -16.95, -16.95, -16.95, -16.95, -16.95, -16.95, -16.95, -16.95, -16.95, -16.95, -16.95, -16.95, -13.72, -8.49, -8.49, -8.49, -8.49, -8.49, -8.49, -8.49]

Feed Rates
[0.001, 0.001, 0.001, 0.002, 0.002, 0.002, 0.002, 0.002, 0.003, 0.003, 0.003, 0.004, 0.004, 0.005, 0.005, 0.006, 0.006, 0.007, 0.007, 0.008, 0.008, 0.009, 0.008, 0.005, 0.005, 0.005, 0.005, 0.005, 0.005, 0.006]

Growth Rates [h-1]
[0.189, 0.189, 0.189, 0.189, 0.189, 0.189, 0.189, 0.189, 0.189, 0.189, 0.189, 0.189, 0.189, 0.189, 0.189, 0.189, 0.189, 0.189, 0.189, 0.189, 0.189, 0.189, 0.14, 0.061, 0.061, 0.061, 0.061, 0.061, 0.061, 0.061]

Final Product Amount [mmol]
137.41831804717233

Final Biomass Amount [g]
7.6603291936882245

Process End
14.5
#-------------------------