#-------------------------
Termination Status
LOCALLY_INFEASIBLE

Time Elapsed
16.053220738

Objective Value
65.70278541834637

Normalized Complementary Slackness
-16.118133793216142

Finite Elements
[2.32, 2.31, 2.31, 2.31, 2.3, 2.01, 1.83, 1.66, 2.0, 1.64, 1.57, 1.55, 1.55, 1.55, 1.55, 1.55, 1.55, 1.55, 1.55, 1.55, 1.55, 1.7, 2.3, 2.32, 2.32, 2.32, 2.32, 2.32, 2.32, 2.32]

Complementary Slackness per Finite Element
[-17.54, -16.42, -16.08, -16.05, -16.04, -16.03, -16.04, -16.04, -16.03, -16.04, -16.05, -16.04, -16.03, -16.03, -16.02, -16.03, -16.04, -16.05, -16.04, -16.05, -16.06, -16.08, -16.13, -16.09, -16.02, -16.04, -16.04, -16.04, -16.05, -16.29]

Feed Rates
[0.001, 0.0, 0.0, 0.0, 0.0, 0.0, 0.0, 0.0, 0.0, 0.0, 0.0, 0.0, 0.0, 0.0, 0.0, 0.0, 0.001, 0.001, 0.001, 0.001, 0.001, 0.002, 0.002, 0.003, 0.005, 0.007, 0.01, 0.014, 0.02, 0.028]

Growth Rates [h-1]
[0.153, 0.153, 0.153, 0.153, 0.153, 0.153, 0.153, 0.153, 0.153, 0.153, 0.153, 0.153, 0.153, 0.153, 0.153, 0.153, 0.153, 0.153, 0.153, 0.153, 0.153, 0.153, 0.153, 0.153, 0.153, 0.153, 0.153, 0.153, 0.153, 0.153]

Final Product Amount [mmol]
443.88587410946485

Final Biomass Amount [g]
29.21625847018748

Process End
58.0
#-------------------------