#-------------------------
Termination Status
LOCALLY_INFEASIBLE

Time Elapsed
22.571010346

Objective Value
235.82555632776476

Normalized Complementary Slackness
-16.242600012275272

Finite Elements
[2.61, 1.87, 1.87, 1.87, 1.87, 1.87, 1.87, 1.87, 1.87, 1.87, 1.87, 1.87, 1.87, 1.87, 1.89, 2.01, 2.8, 2.8, 2.8, 2.8, 2.8, 2.8, 2.8, 2.8, 2.8, 2.8, 2.8, 2.8, 2.8, 2.8]

Complementary Slackness per Finite Element
[-21.14, -10.41, -16.33, -16.28, -16.28, -16.28, -16.28, -16.28, -16.28, -16.28, -16.27, -16.27, -16.27, -16.27, -16.28, -16.25, -16.29, -16.27, -16.27, -16.27, -16.27, -16.27, -16.27, -16.27, -16.27, -16.27, -16.27, -16.27, -16.27, -16.27]

Feed Rates
[0.001, 0.001, 0.001, 0.001, 0.001, 0.001, 0.001, 0.001, 0.001, 0.002, 0.002, 0.002, 0.002, 0.002, 0.003, 0.003, 0.004, 0.004, 0.005, 0.006, 0.007, 0.008, 0.01, 0.011, 0.014, 0.016, 0.019, 0.023, 0.027, 0.032]

Growth Rates [h-1]
[0.061, 0.061, 0.061, 0.061, 0.061, 0.061, 0.061, 0.061, 0.061, 0.061, 0.061, 0.061, 0.061, 0.061, 0.061, 0.061, 0.061, 0.061, 0.061, 0.061, 0.061, 0.061, 0.061, 0.061, 0.061, 0.061, 0.061, 0.061, 0.061, 0.061]

Final Product Amount [mmol]
1541.8264477968119

Final Biomass Amount [g]
49.2406416589411

Process End
70.0
#-------------------------