#-------------------------
Termination Status
LOCALLY_INFEASIBLE

Time Elapsed
13.663719141

Objective Value
214.85874410969757

Normalized Complementary Slackness
-15.286273837216944

Finite Elements
[1.96, 1.96, 1.96, 1.96, 1.96, 1.96, 1.96, 1.96, 1.96, 1.96, 1.96, 1.96, 1.87, 1.49, 1.31, 1.31, 1.57, 1.31, 1.31, 1.31, 1.31, 1.31, 1.31, 1.31, 1.74, 1.76, 1.35, 1.31, 1.31, 1.31]

Complementary Slackness per Finite Element
[-15.29, -15.29, -15.29, -15.29, -15.29, -15.29, -15.29, -15.29, -15.29, -15.29, -15.29, -15.29, -15.29, -15.29, -15.29, -15.29, -15.29, -15.29, -15.29, -15.29, -15.29, -15.29, -15.29, -15.29, -15.29, -15.29, -15.29, -15.29, -15.29, -15.29]

Feed Rates
[0.001, 0.0, 0.0, 0.0, 0.0, 0.0, 0.0, 0.0, 0.0, 0.0, 0.0, 0.0, 0.0, 0.001, 0.001, 0.001, 0.001, 0.002, 0.002, 0.003, 0.003, 0.004, 0.006, 0.007, 0.009, 0.013, 0.018, 0.023, 0.03, 0.038]

Growth Rates [h-1]
[0.189, 0.189, 0.189, 0.189, 0.189, 0.189, 0.189, 0.189, 0.189, 0.189, 0.189, 0.189, 0.189, 0.189, 0.189, 0.189, 0.189, 0.189, 0.189, 0.189, 0.189, 0.189, 0.189, 0.189, 0.189, 0.189, 0.189, 0.189, 0.189, 0.189]

Final Product Amount [mmol]
226.74788631287274

Final Biomass Amount [g]
30.973701433082436

Process End
49.0
#-------------------------