#-------------------------
Termination Status
ALMOST_LOCALLY_SOLVED

Time Elapsed
652.146520062

Objective Value
129.67020351043823

Normalized Complementary Slackness
-24.173423214559197

Finite Elements
[0.58, 0.58, 0.58, 0.58, 0.58, 0.58, 0.39, 0.4, 0.39, 0.39, 0.39, 0.39, 0.39, 0.39, 0.39, 0.39, 0.39, 0.39, 0.39, 0.39, 0.39, 0.57, 0.58, 0.58, 0.58, 0.58, 0.58, 0.58, 0.58, 0.58]

Complementary Slackness per Finite Element
[-28.94, -28.84, -28.77, -28.74, -28.73, -28.69, -28.68, -28.67, -28.66, -28.64, -28.51, -28.4, -28.38, -28.25, -28.31, -28.22, -28.15, -28.14, -28.1, -28.05, -27.15, -31.31, -12.11, -12.11, -12.11, -12.11, -12.11, -12.11, -12.11, -12.11]

Feed Rates
[0.001, 0.001, 0.001, 0.002, 0.002, 0.002, 0.002, 0.002, 0.002, 0.003, 0.003, 0.003, 0.003, 0.004, 0.004, 0.004, 0.004, 0.005, 0.005, 0.005, 0.006, 0.005, 0.005, 0.005, 0.006, 0.006, 0.006, 0.007, 0.007, 0.008]

Growth Rates [h-1]
[0.189, 0.189, 0.189, 0.189, 0.189, 0.189, 0.189, 0.189, 0.189, 0.189, 0.189, 0.189, 0.189, 0.189, 0.189, 0.189, 0.189, 0.189, 0.189, 0.189, 0.189, 0.153, 0.116, 0.116, 0.116, 0.116, 0.116, 0.116, 0.116, 0.116]

Final Product Amount [mmol]
122.29621126407665

Final Biomass Amount [g]
7.702156696693393

Process End
14.5
#-------------------------