#-------------------------
Termination Status
LOCALLY_INFEASIBLE

Time Elapsed
21.357125911

Objective Value
287.98670380386574

Normalized Complementary Slackness
-17.07378170463373

Finite Elements
[2.32, 2.32, 2.32, 2.32, 2.32, 2.32, 2.32, 2.31, 2.06, 1.76, 1.56, 1.55, 1.55, 1.55, 1.55, 1.55, 1.55, 1.55, 1.68, 1.55, 2.11, 2.2, 2.23, 2.24, 2.24, 2.22, 2.08, 1.6, 1.55, 1.55]

Complementary Slackness per Finite Element
[-19.09, -17.47, -16.93, -16.31, -15.99, -15.56, -15.78, -15.92, -15.53, -15.67, -15.82, -16.1, -16.35, -16.65, -16.91, -16.98, -17.13, -17.2, -18.03, -17.11, -17.86, -17.82, -17.91, -17.93, -17.98, -17.98, -18.03, -18.1, -18.09, -17.99]

Feed Rates
[0.001, 0.0, 0.0, 0.0, 0.0, 0.0, 0.0, 0.0, 0.0, 0.0, 0.0, 0.0, 0.0, 0.0, 0.001, 0.001, 0.001, 0.001, 0.001, 0.002, 0.002, 0.003, 0.004, 0.005, 0.007, 0.009, 0.012, 0.016, 0.02, 0.025]

Growth Rates [h-1]
[0.134, 0.134, 0.134, 0.134, 0.134, 0.134, 0.134, 0.134, 0.134, 0.134, 0.134, 0.134, 0.134, 0.134, 0.134, 0.134, 0.134, 0.134, 0.134, 0.134, 0.134, 0.134, 0.134, 0.134, 0.134, 0.134, 0.134, 0.134, 0.134, 0.134]

Final Product Amount [mmol]
300.06326189490625

Final Biomass Amount [g]
24.611224207446114

Process End
58.0
#-------------------------