#-------------------------
Termination Status
LOCALLY_INFEASIBLE

Time Elapsed
15.656679032

Objective Value
760.836738813084

Normalized Complementary Slackness
-56.64990036176093

Finite Elements
[1.07, 1.07, 1.07, 1.07, 1.07, 1.07, 1.07, 1.07, 1.07, 1.07, 1.08, 1.08, 1.08, 1.09, 1.1, 1.56, 1.58, 1.58, 1.59, 1.59, 1.59, 1.59, 1.59, 1.59, 1.59, 1.6, 1.6, 1.6, 1.6, 1.6]

Complementary Slackness per Finite Element
[-59.4, -56.02, -55.32, -54.86, -54.56, -55.01, -55.71, -56.64, -57.98, -59.72, -61.71, -63.71, -65.29, -64.81, -65.48, -67.94, -61.31, -57.81, -56.48, -54.13, -54.9, -52.91, -52.85, -52.49, -52.06, -51.79, -51.25, -48.85, -48.83, -49.68]

Feed Rates
[0.001, 0.001, 0.001, 0.001, 0.001, 0.001, 0.001, 0.001, 0.002, 0.002, 0.002, 0.002, 0.002, 0.003, 0.003, 0.003, 0.004, 0.005, 0.005, 0.006, 0.007, 0.009, 0.01, 0.012, 0.014, 0.016, 0.019, 0.022, 0.025, 0.03]

Growth Rates [h-1]
[0.097, 0.097, 0.097, 0.097, 0.097, 0.097, 0.097, 0.097, 0.097, 0.097, 0.097, 0.097, 0.097, 0.097, 0.097, 0.097, 0.097, 0.097, 0.097, 0.097, 0.097, 0.097, 0.097, 0.097, 0.097, 0.097, 0.097, 0.097, 0.097, 0.097]

Final Product Amount [mmol]
804.2159524945063

Final Biomass Amount [g]
34.895556770327254

Process End
40.0
#-------------------------