#-------------------------
Termination Status
LOCALLY_INFEASIBLE

Time Elapsed
19.290943545

Objective Value
37.42481493374717

Normalized Complementary Slackness
-25.73781488399692

Finite Elements
[1.55, 1.55, 1.55, 1.56, 1.55, 1.56, 1.56, 1.56, 1.56, 1.56, 1.56, 1.56, 1.59, 1.57, 2.27, 2.3, 1.57, 2.31, 2.31, 2.31, 2.31, 2.32, 2.32, 2.32, 2.32, 2.32, 2.32, 2.32, 2.32, 2.23]

Complementary Slackness per Finite Element
[-24.97, -24.83, -25.12, -25.3, -24.38, -24.19, -24.36, -24.36, -24.04, -24.0, -25.42, -25.63, -25.73, -25.76, -25.92, -26.76, -26.67, -27.05, -26.87, -26.48, -26.68, -26.62, -26.52, -26.53, -26.48, -26.39, -26.44, -26.34, -26.22, -26.08]

Feed Rates
[0.001, 0.001, 0.001, 0.001, 0.001, 0.001, 0.001, 0.001, 0.001, 0.001, 0.001, 0.002, 0.002, 0.002, 0.002, 0.002, 0.003, 0.003, 0.003, 0.004, 0.004, 0.005, 0.006, 0.007, 0.008, 0.009, 0.01, 0.012, 0.014, 0.016]

Growth Rates [h-1]
[0.061, 0.061, 0.061, 0.061, 0.061, 0.061, 0.061, 0.061, 0.061, 0.061, 0.061, 0.061, 0.061, 0.061, 0.061, 0.061, 0.061, 0.061, 0.061, 0.061, 0.061, 0.061, 0.061, 0.061, 0.061, 0.061, 0.061, 0.061, 0.061, 0.061]

Final Product Amount [mmol]
318.6217151832255

Final Biomass Amount [g]
23.807428628279812

Process End
58.0
#-------------------------