#-------------------------
Termination Status
LOCALLY_INFEASIBLE

Time Elapsed
15.541019767

Objective Value
57.7034242150941

Normalized Complementary Slackness
-17.91205764779353

Finite Elements
[2.56, 2.55, 2.55, 2.18, 2.13, 2.08, 2.0, 1.9, 1.79, 1.73, 1.72, 1.71, 1.71, 1.71, 1.71, 1.71, 1.71, 1.71, 1.71, 1.71, 2.39, 2.56, 2.56, 2.56, 2.56, 2.56, 2.56, 2.56, 2.56, 2.56]

Complementary Slackness per Finite Element
[-18.01, -17.87, -17.89, -17.89, -17.92, -17.93, -17.94, -17.95, -17.95, -17.95, -17.94, -17.93, -17.93, -17.93, -17.93, -17.92, -17.92, -17.91, -17.91, -17.92, -17.91, -17.89, -17.89, -17.89, -17.89, -17.88, -17.88, -17.87, -17.88, -17.86]

Feed Rates
[0.001, 0.0, 0.0, 0.0, 0.0, 0.0, 0.0, 0.0, 0.0, 0.0, 0.0, 0.0, 0.0, 0.0, 0.0, 0.0, 0.0, 0.0, 0.0, 0.001, 0.001, 0.001, 0.002, 0.003, 0.004, 0.006, 0.008, 0.012, 0.018, 0.027]

Growth Rates [h-1]
[0.153, 0.153, 0.153, 0.153, 0.153, 0.153, 0.153, 0.153, 0.153, 0.153, 0.153, 0.153, 0.153, 0.153, 0.153, 0.153, 0.153, 0.153, 0.153, 0.153, 0.153, 0.153, 0.153, 0.153, 0.153, 0.153, 0.153, 0.153, 0.153, 0.153]

Final Product Amount [mmol]
452.1427497483047

Final Biomass Amount [g]
29.19172150109142

Process End
64.0
#-------------------------