#-------------------------
Termination Status
LOCALLY_INFEASIBLE

Time Elapsed
17.036975927

Objective Value
1453.9670728702645

Normalized Complementary Slackness
-103.01828043723188

Finite Elements
[1.87, 1.87, 1.87, 1.87, 1.87, 1.87, 1.87, 1.87, 1.87, 1.87, 1.87, 1.87, 1.87, 1.87, 1.87, 2.78, 2.8, 2.8, 2.8, 2.8, 2.8, 2.8, 2.8, 2.8, 2.8, 2.8, 2.8, 2.8, 2.8, 2.8]

Complementary Slackness per Finite Element
[-103.03, -102.41, -103.2, -103.19, -103.18, -103.12, -103.02, -102.91, -102.82, -102.76, -102.73, -102.71, -102.69, -102.73, -102.79, -102.79, -102.79, -102.74, -102.74, -102.76, -102.8, -102.81, -102.82, -102.82, -102.83, -102.88, -102.88, -103.92, -103.73, -105.97]

Feed Rates
[0.001, 0.001, 0.001, 0.001, 0.001, 0.001, 0.001, 0.001, 0.001, 0.001, 0.002, 0.002, 0.002, 0.002, 0.003, 0.003, 0.004, 0.004, 0.005, 0.006, 0.007, 0.008, 0.01, 0.011, 0.014, 0.016, 0.019, 0.023, 0.027, 0.032]

Growth Rates [h-1]
[0.061, 0.061, 0.061, 0.061, 0.061, 0.061, 0.061, 0.061, 0.061, 0.061, 0.061, 0.061, 0.061, 0.061, 0.061, 0.061, 0.061, 0.061, 0.061, 0.061, 0.061, 0.061, 0.061, 0.061, 0.061, 0.061, 0.061, 0.061, 0.061, 0.061]

Final Product Amount [mmol]
1534.2785563701707

Final Biomass Amount [g]
49.24064169052169

Process End
70.0
#-------------------------