#-------------------------
Termination Status
LOCALLY_INFEASIBLE

Time Elapsed
16.218202124

Objective Value
458.14644435511605

Normalized Complementary Slackness
-47.94738301841335

Finite Elements
[1.23, 1.84, 1.84, 1.84, 1.84, 1.84, 1.84, 1.84, 1.84, 1.84, 1.84, 1.84, 1.84, 1.84, 1.83, 1.78, 1.28, 1.23, 1.23, 1.23, 1.23, 1.23, 1.23, 1.23, 1.23, 1.23, 1.23, 1.23, 1.23, 1.23]

Complementary Slackness per Finite Element
[-51.11, -48.54, -48.51, -48.52, -48.49, -48.66, -48.55, -48.44, -48.31, -48.19, -47.73, -47.78, -47.75, -47.66, -47.61, -47.58, -47.54, -47.53, -47.46, -47.53, -47.56, -47.46, -47.51, -47.55, -47.53, -47.52, -47.52, -47.51, -47.63, -47.15]

Feed Rates
[0.001, 0.0, 0.0, 0.0, 0.0, 0.0, 0.0, 0.0, 0.0, 0.001, 0.001, 0.001, 0.001, 0.001, 0.002, 0.002, 0.003, 0.004, 0.004, 0.005, 0.006, 0.007, 0.008, 0.009, 0.011, 0.013, 0.016, 0.018, 0.022, 0.026]

Growth Rates [h-1]
[0.134, 0.134, 0.134, 0.134, 0.134, 0.134, 0.134, 0.134, 0.134, 0.134, 0.134, 0.134, 0.134, 0.134, 0.134, 0.134, 0.134, 0.134, 0.134, 0.134, 0.134, 0.134, 0.134, 0.134, 0.134, 0.134, 0.134, 0.134, 0.134, 0.134]

Final Product Amount [mmol]
495.6907048700754

Final Biomass Amount [g]
24.704409619125066

Process End
46.0
#-------------------------