#-------------------------
Termination Status
LOCALLY_INFEASIBLE

Time Elapsed
17.26974333

Objective Value
332.9997575273004

Normalized Complementary Slackness
-274.7613549919231

Finite Elements
[2.44, 2.44, 2.44, 2.44, 2.44, 2.44, 2.44, 2.44, 2.44, 2.44, 2.44, 2.44, 2.44, 2.44, 2.43, 1.63, 1.63, 1.63, 1.63, 1.63, 1.63, 1.63, 1.63, 1.63, 1.63, 1.63, 1.63, 1.63, 1.63, 1.63]

Complementary Slackness per Finite Element
[-275.14, -275.83, -275.72, -275.64, -275.51, -275.3, -275.16, -275.18, -275.24, -275.31, -275.38, -275.46, -275.53, -275.58, -275.61, -275.5, -275.48, -275.43, -275.34, -275.21, -275.1, -275.08, -273.29, -273.26, -273.3, -273.34, -273.36, -273.34, -274.21, -270.03]

Feed Rates
[0.001, 0.0, 0.0, 0.0, 0.0, 0.0, 0.0, 0.0, 0.0, 0.001, 0.001, 0.001, 0.001, 0.001, 0.002, 0.002, 0.003, 0.003, 0.004, 0.004, 0.005, 0.006, 0.007, 0.008, 0.01, 0.011, 0.013, 0.015, 0.018, 0.021]

Growth Rates [h-1]
[0.097, 0.097, 0.097, 0.097, 0.097, 0.097, 0.097, 0.097, 0.097, 0.097, 0.097, 0.097, 0.097, 0.097, 0.097, 0.097, 0.097, 0.097, 0.097, 0.097, 0.097, 0.097, 0.097, 0.097, 0.097, 0.097, 0.097, 0.097, 0.097, 0.097]

Final Product Amount [mmol]
597.3278243044458

Final Biomass Amount [g]
25.176294570440703

Process End
61.0
#-------------------------