#-------------------------
Termination Status
LOCALLY_INFEASIBLE

Time Elapsed
15.825918365

Objective Value
183.9794595075868

Normalized Complementary Slackness
-235.58619921547927

Finite Elements
[1.63, 1.63, 1.63, 1.63, 1.63, 1.63, 1.63, 1.63, 1.63, 1.63, 1.63, 1.63, 1.63, 1.63, 1.63, 2.44, 2.44, 2.44, 2.44, 2.44, 2.44, 2.44, 2.44, 2.44, 2.44, 2.44, 2.44, 2.44, 2.44, 2.44]

Complementary Slackness per Finite Element
[-236.74, -236.78, -236.76, -236.72, -236.67, -236.62, -236.58, -236.53, -236.45, -236.38, -236.24, -235.92, -235.87, -235.83, -235.54, -235.01, -235.17, -234.85, -234.94, -234.71, -234.6, -234.73, -234.83, -234.99, -234.66, -234.76, -234.63, -234.74, -234.96, -234.37]

Feed Rates
[0.001, 0.001, 0.001, 0.001, 0.001, 0.001, 0.001, 0.002, 0.002, 0.002, 0.002, 0.003, 0.003, 0.003, 0.004, 0.004, 0.005, 0.006, 0.008, 0.009, 0.011, 0.014, 0.017, 0.02, 0.024, 0.029, 0.036, 0.043, 0.053, 0.064]

Growth Rates [h-1]
[0.079, 0.079, 0.079, 0.079, 0.079, 0.079, 0.079, 0.079, 0.079, 0.079, 0.079, 0.079, 0.079, 0.079, 0.079, 0.079, 0.079, 0.079, 0.079, 0.079, 0.079, 0.079, 0.079, 0.079, 0.079, 0.079, 0.079, 0.079, 0.079, 0.079]

Final Product Amount [mmol]
2330.6716716762962

Final Biomass Amount [g]
87.7434155650513

Process End
61.0
#-------------------------