#-------------------------
Termination Status
LOCALLY_SOLVED

Time Elapsed
458.821465659

Objective Value
51.30660433081187

Normalized Complementary Slackness
-14.42722180825516

Finite Elements
[0.46, 0.46, 0.46, 0.46, 0.46, 0.46, 0.46, 0.46, 0.46, 0.46, 0.46, 0.46, 0.46, 0.46, 0.46, 0.31, 0.31, 0.31, 0.31, 0.31, 0.31, 0.31, 0.31, 0.31, 0.31, 0.31, 0.31, 0.31, 0.31, 0.31]

Complementary Slackness per Finite Element
[-16.95, -16.95, -16.95, -16.95, -16.95, -16.95, -16.95, -16.95, -16.95, -16.95, -16.95, -16.95, -16.95, -16.95, -16.95, -16.95, -16.95, -16.95, -16.95, -13.85, -9.69, -9.69, -9.69, -9.69, -9.69, -9.69, -9.69, -9.69, -9.69, -9.69]

Feed Rates
[0.001, 0.001, 0.001, 0.001, 0.002, 0.002, 0.002, 0.002, 0.002, 0.002, 0.003, 0.003, 0.003, 0.003, 0.004, 0.004, 0.004, 0.005, 0.005, 0.004, 0.003, 0.003, 0.003, 0.003, 0.003, 0.003, 0.003, 0.004, 0.004, 0.004]

Growth Rates [h-1]
[0.189, 0.189, 0.189, 0.189, 0.189, 0.189, 0.189, 0.189, 0.189, 0.189, 0.189, 0.189, 0.189, 0.189, 0.189, 0.189, 0.189, 0.189, 0.189, 0.142, 0.079, 0.079, 0.079, 0.079, 0.079, 0.079, 0.079, 0.079, 0.079, 0.079]

Final Product Amount [mmol]
73.033568768754

Final Biomass Amount [g]
4.403884519564152

Process End
11.5
#-------------------------