#-------------------------
Termination Status
LOCALLY_INFEASIBLE

Time Elapsed
15.125115423

Objective Value
27.34459759424975

Normalized Complementary Slackness
-19.464245978558985

Finite Elements
[2.08, 2.08, 2.08, 2.08, 2.08, 2.08, 2.08, 2.08, 2.08, 2.08, 2.08, 2.08, 2.08, 2.08, 1.74, 1.39, 1.39, 1.39, 1.39, 1.39, 1.39, 1.39, 1.39, 1.39, 1.39, 1.39, 1.39, 1.61, 1.51, 1.39]

Complementary Slackness per Finite Element
[-19.33, -19.35, -19.39, -19.48, -19.5, -19.51, -19.52, -19.52, -19.53, -19.54, -19.51, -19.45, -19.46, -19.47, -19.47, -19.48, -19.49, -19.5, -19.51, -19.51, -19.52, -19.52, -19.52, -19.5, -19.47, -19.43, -19.39, -19.34, -19.33, -19.38]

Feed Rates
[0.001, 0.0, 0.0, 0.0, 0.0, 0.0, 0.0, 0.0, 0.0, 0.0, 0.0, 0.0, 0.0, 0.0, 0.001, 0.001, 0.001, 0.002, 0.002, 0.003, 0.003, 0.004, 0.006, 0.007, 0.009, 0.012, 0.016, 0.021, 0.028, 0.038]

Growth Rates [h-1]
[0.189, 0.189, 0.189, 0.189, 0.189, 0.189, 0.189, 0.189, 0.189, 0.189, 0.189, 0.189, 0.189, 0.189, 0.189, 0.189, 0.189, 0.189, 0.189, 0.189, 0.189, 0.189, 0.189, 0.189, 0.189, 0.189, 0.189, 0.189, 0.189, 0.189]

Final Product Amount [mmol]
226.3798961070125

Final Biomass Amount [g]
30.95875292917761

Process End
52.0
#-------------------------