#-------------------------
Termination Status
LOCALLY_INFEASIBLE

Time Elapsed
21.421327786

Objective Value
597.2284248986649

Normalized Complementary Slackness
-15.512578951813113

Finite Elements
[1.31, 1.96, 1.96, 1.96, 1.96, 1.96, 1.96, 1.96, 1.96, 1.96, 1.96, 1.96, 1.96, 1.94, 1.7, 1.94, 1.6, 1.32, 1.31, 1.31, 1.31, 1.31, 1.31, 1.31, 1.31, 1.31, 1.31, 1.31, 1.31, 1.31]

Complementary Slackness per Finite Element
[-15.74, -15.29, -15.48, -15.51, -15.53, -15.52, -15.52, -15.52, -15.52, -15.52, -15.52, -15.52, -15.51, -15.52, -15.48, -15.54, -15.51, -15.51, -15.51, -15.51, -15.51, -15.51, -15.51, -15.51, -15.51, -15.51, -15.51, -15.51, -15.51, -15.5]

Feed Rates
[0.001, 0.0, 0.0, 0.0, 0.0, 0.001, 0.001, 0.001, 0.001, 0.001, 0.001, 0.002, 0.002, 0.002, 0.003, 0.003, 0.004, 0.005, 0.005, 0.006, 0.007, 0.008, 0.009, 0.01, 0.012, 0.013, 0.015, 0.017, 0.019, 0.022]

Growth Rates [h-1]
[0.097, 0.097, 0.097, 0.097, 0.097, 0.097, 0.097, 0.097, 0.097, 0.097, 0.097, 0.097, 0.097, 0.097, 0.097, 0.097, 0.097, 0.097, 0.097, 0.097, 0.097, 0.097, 0.097, 0.097, 0.097, 0.097, 0.097, 0.097, 0.097, 0.097]

Final Product Amount [mmol]
597.3443559413698

Final Biomass Amount [g]
25.37234355109124

Process End
49.0
#-------------------------