#-------------------------
Termination Status
LOCALLY_SOLVED

Time Elapsed
390.822116132

Objective Value
23.810647426613155

Normalized Complementary Slackness
-20.253457727891476

Finite Elements
[0.4, 0.4, 0.4, 0.4, 0.4, 0.38, 0.35, 0.27, 0.27, 0.27, 0.27, 0.27, 0.27, 0.27, 0.27, 0.27, 0.27, 0.27, 0.27, 0.27, 0.27, 0.34, 0.4, 0.4, 0.4, 0.4, 0.4, 0.4, 0.4, 0.4]

Complementary Slackness per Finite Element
[-22.18, -22.18, -22.18, -22.18, -22.18, -22.18, -22.18, -22.18, -22.18, -22.18, -22.18, -22.18, -22.17, -22.18, -22.18, -22.18, -22.17, -22.17, -22.17, -22.17, -22.16, -24.64, -22.84, -14.54, -13.32, -13.32, -13.32, -13.32, -13.32, -13.32]

Feed Rates
[0.001, 0.001, 0.001, 0.001, 0.001, 0.002, 0.002, 0.002, 0.002, 0.002, 0.002, 0.002, 0.002, 0.002, 0.003, 0.003, 0.003, 0.003, 0.003, 0.003, 0.004, 0.004, 0.003, 0.003, 0.003, 0.004, 0.004, 0.004, 0.004, 0.004]

Growth Rates [h-1]
[0.189, 0.189, 0.189, 0.189, 0.189, 0.189, 0.189, 0.189, 0.189, 0.189, 0.189, 0.189, 0.189, 0.189, 0.189, 0.189, 0.189, 0.189, 0.189, 0.189, 0.189, 0.179, 0.134, 0.134, 0.134, 0.134, 0.134, 0.134, 0.134, 0.134]

Final Product Amount [mmol]
42.83521195574805

Final Biomass Amount [g]
3.9409698839799647

Process End
10.0
#-------------------------