#-------------------------
Termination Status
LOCALLY_INFEASIBLE

Time Elapsed
18.811556742

Objective Value
34.23142057949802

Normalized Complementary Slackness
-18.529063730199976

Finite Elements
[2.68, 2.67, 2.67, 2.67, 2.66, 2.66, 2.62, 1.9, 1.84, 1.81, 1.8, 1.8, 1.8, 1.79, 1.79, 1.79, 1.79, 1.79, 1.79, 1.79, 1.79, 1.8, 2.56, 2.66, 2.67, 2.68, 2.68, 2.68, 2.68, 2.68]

Complementary Slackness per Finite Element
[-21.71, -20.85, -21.08, -21.21, -20.94, -19.09, -16.95, -16.95, -17.01, -17.08, -17.17, -17.26, -17.41, -17.54, -17.69, -17.81, -17.92, -17.97, -17.89, -17.63, -17.36, -17.15, -18.05, -17.39, -16.82, -20.62, -19.81, -19.31, -19.94, -20.25]

Feed Rates
[0.001, 0.0, 0.0, 0.0, 0.0, 0.0, 0.0, 0.0, 0.0, 0.0, 0.0, 0.0, 0.0, 0.0, 0.0, 0.0, 0.0, 0.001, 0.001, 0.001, 0.001, 0.001, 0.002, 0.002, 0.004, 0.005, 0.007, 0.01, 0.015, 0.022]

Growth Rates [h-1]
[0.134, 0.134, 0.134, 0.134, 0.134, 0.134, 0.134, 0.134, 0.134, 0.134, 0.134, 0.134, 0.134, 0.134, 0.134, 0.134, 0.134, 0.134, 0.134, 0.134, 0.134, 0.134, 0.134, 0.134, 0.134, 0.134, 0.134, 0.134, 0.134, 0.134]

Final Product Amount [mmol]
324.7585088213775

Final Biomass Amount [g]
24.574976349454005

Process End
67.0
#-------------------------