#-------------------------
Termination Status
LOCALLY_INFEASIBLE

Time Elapsed
14.158758544

Objective Value
266.11761851899547

Normalized Complementary Slackness
-27.344920105751545

Finite Elements
[1.07, 1.07, 1.07, 1.07, 1.07, 1.07, 1.07, 1.07, 1.07, 1.07, 1.07, 1.15, 1.07, 1.11, 1.21, 1.32, 1.59, 1.6, 1.6, 1.6, 1.6, 1.6, 1.6, 1.6, 1.6, 1.6, 1.6, 1.6, 1.6, 1.6]

Complementary Slackness per Finite Element
[-28.28, -27.55, -27.55, -27.53, -27.49, -27.44, -27.39, -27.32, -27.26, -27.28, -27.23, -27.18, -27.16, -27.15, -27.16, -27.18, -27.21, -27.23, -27.26, -27.25, -27.3, -27.29, -27.31, -27.32, -27.29, -27.31, -27.34, -27.36, -27.38, -27.38]

Feed Rates
[0.001, 0.0, 0.0, 0.0, 0.0, 0.0, 0.0, 0.0, 0.0, 0.0, 0.0, 0.0, 0.0, 0.0, 0.001, 0.001, 0.001, 0.001, 0.001, 0.002, 0.003, 0.003, 0.004, 0.006, 0.008, 0.01, 0.013, 0.017, 0.023, 0.03]

Growth Rates [h-1]
[0.171, 0.171, 0.171, 0.171, 0.171, 0.171, 0.171, 0.171, 0.171, 0.171, 0.171, 0.171, 0.171, 0.171, 0.171, 0.171, 0.171, 0.171, 0.171, 0.171, 0.171, 0.171, 0.171, 0.171, 0.171, 0.171, 0.171, 0.171, 0.171, 0.171]

Final Product Amount [mmol]
289.35534585474625

Final Biomass Amount [g]
26.492605560185957

Process End
40.0
#-------------------------