#-------------------------
Termination Status
LOCALLY_INFEASIBLE

Time Elapsed
13.275553672

Objective Value
391.1468377769466

Normalized Complementary Slackness
-201.47031489381308

Finite Elements
[1.15, 1.72, 1.72, 1.72, 1.72, 1.72, 1.72, 1.72, 1.72, 1.72, 1.72, 1.72, 1.72, 1.72, 1.72, 1.51, 1.15, 1.15, 1.15, 1.15, 1.15, 1.15, 1.15, 1.15, 1.15, 1.15, 1.15, 1.15, 1.15, 1.35]

Complementary Slackness per Finite Element
[-202.47, -202.33, -202.33, -202.44, -202.55, -202.63, -202.65, -202.62, -202.64, -202.59, -202.5, -202.34, -202.11, -201.83, -201.55, -201.31, -201.12, -200.97, -200.8, -200.97, -200.76, -200.28, -200.67, -200.48, -200.55, -200.57, -200.59, -200.58, -200.77, -198.08]

Feed Rates
[0.001, 0.0, 0.0, 0.0, 0.0, 0.001, 0.001, 0.001, 0.001, 0.001, 0.001, 0.002, 0.002, 0.003, 0.003, 0.004, 0.005, 0.005, 0.006, 0.007, 0.008, 0.009, 0.01, 0.011, 0.013, 0.015, 0.017, 0.019, 0.022, 0.025]

Growth Rates [h-1]
[0.116, 0.116, 0.116, 0.116, 0.116, 0.116, 0.116, 0.116, 0.116, 0.116, 0.116, 0.116, 0.116, 0.116, 0.116, 0.116, 0.116, 0.116, 0.116, 0.116, 0.116, 0.116, 0.116, 0.116, 0.116, 0.116, 0.116, 0.116, 0.116, 0.116]

Final Product Amount [mmol]
580.0395682747456

Final Biomass Amount [g]
27.01599513231307

Process End
43.0
#-------------------------