#-------------------------
Termination Status
LOCALLY_INFEASIBLE

Time Elapsed
16.61015209

Objective Value
201.02867663843347

Normalized Complementary Slackness
-30.65192708846683

Finite Elements
[0.83, 1.24, 1.24, 1.24, 1.24, 1.24, 1.24, 1.24, 1.24, 1.24, 1.24, 1.24, 1.24, 1.24, 1.24, 1.23, 0.83, 0.83, 0.83, 0.83, 0.83, 0.83, 0.83, 0.83, 0.83, 0.83, 0.83, 0.83, 0.83, 0.83]

Complementary Slackness per Finite Element
[-30.47, -30.64, -30.64, -30.64, -30.64, -30.64, -30.64, -30.66, -30.63, -30.69, -30.68, -30.67, -30.67, -30.67, -30.66, -30.66, -30.66, -30.65, -30.66, -30.66, -30.67, -30.68, -30.58, -30.61, -30.57, -30.59, -30.65, -30.73, -30.75, -30.77]

Feed Rates
[0.001, 0.0, 0.0, 0.0, 0.0, 0.0, 0.001, 0.001, 0.001, 0.001, 0.001, 0.002, 0.002, 0.003, 0.003, 0.004, 0.005, 0.006, 0.007, 0.009, 0.01, 0.012, 0.014, 0.016, 0.019, 0.022, 0.026, 0.03, 0.035, 0.041]

Growth Rates [h-1]
[0.189, 0.189, 0.189, 0.189, 0.189, 0.189, 0.189, 0.189, 0.189, 0.189, 0.189, 0.189, 0.189, 0.189, 0.189, 0.189, 0.189, 0.189, 0.189, 0.189, 0.189, 0.189, 0.189, 0.189, 0.189, 0.189, 0.189, 0.189, 0.189, 0.189]

Final Product Amount [mmol]
226.65385648827163

Final Biomass Amount [g]
31.157236755778378

Process End
31.0
#-------------------------