#-------------------------
Termination Status
LOCALLY_INFEASIBLE

Time Elapsed
31.376684687

Objective Value
276.89975350454006

Normalized Complementary Slackness
-15.782854801844314

Finite Elements
[2.07, 2.07, 1.47, 1.47, 1.47, 1.47, 1.47, 1.47, 1.47, 1.47, 1.47, 1.47, 1.98, 2.06, 2.11, 2.14, 2.2, 1.51, 1.54, 1.58, 1.66, 1.79, 2.2, 2.2, 2.2, 2.2, 2.2, 2.2, 2.2, 2.2]

Complementary Slackness per Finite Element
[-15.92, -20.62, -10.59, -15.22, -15.85, -15.81, -15.82, -15.82, -15.82, -15.81, -15.82, -15.78, -15.84, -15.81, -15.81, -15.81, -15.86, -15.75, -15.82, -15.81, -15.81, -15.81, -15.82, -15.81, -15.81, -15.81, -15.81, -15.81, -15.81, -15.81]

Feed Rates
[0.001, 0.001, 0.001, 0.001, 0.001, 0.001, 0.001, 0.002, 0.002, 0.002, 0.002, 0.002, 0.003, 0.003, 0.004, 0.004, 0.005, 0.006, 0.007, 0.008, 0.009, 0.01, 0.012, 0.014, 0.017, 0.02, 0.024, 0.028, 0.034, 0.04]

Growth Rates [h-1]
[0.079, 0.079, 0.079, 0.079, 0.079, 0.079, 0.079, 0.079, 0.079, 0.079, 0.079, 0.079, 0.079, 0.079, 0.079, 0.079, 0.079, 0.079, 0.079, 0.079, 0.079, 0.079, 0.079, 0.079, 0.079, 0.079, 0.079, 0.079, 0.079, 0.079]

Final Product Amount [mmol]
1444.4715119265334

Final Biomass Amount [g]
54.63215541681952

Process End
55.0
#-------------------------