#-------------------------
Termination Status
LOCALLY_INFEASIBLE

Time Elapsed
16.126830832

Objective Value
-22.058901634760673

Normalized Complementary Slackness
-211.00254498421066

Finite Elements
[2.31, 2.55, 1.89, 1.73, 1.74, 1.86, 1.75, 1.82, 1.78, 1.8, 1.8, 1.79, 1.8, 1.78, 1.82, 1.76, 1.84, 1.75, 2.56, 2.53, 2.54, 2.56, 2.56, 2.49, 2.56, 2.51, 2.56, 2.56, 2.56, 2.44]

Complementary Slackness per Finite Element
[-215.38, -214.19, -213.26, -212.51, -212.21, -211.88, -211.58, -211.29, -211.05, -210.84, -210.67, -210.54, -210.44, -210.38, -210.34, -210.34, -210.36, -210.41, -210.15, -210.24, -210.27, -210.28, -210.27, -210.27, -210.35, -210.25, -210.25, -210.23, -210.29, -209.55]

Feed Rates
[0.001, 0.001, 0.001, 0.001, 0.001, 0.001, 0.001, 0.001, 0.001, 0.002, 0.002, 0.002, 0.002, 0.002, 0.003, 0.003, 0.003, 0.004, 0.004, 0.005, 0.006, 0.007, 0.008, 0.009, 0.01, 0.012, 0.014, 0.017, 0.019, 0.022]

Growth Rates [h-1]
[0.061, 0.061, 0.061, 0.061, 0.061, 0.061, 0.061, 0.061, 0.061, 0.061, 0.061, 0.061, 0.061, 0.061, 0.061, 0.061, 0.061, 0.061, 0.061, 0.061, 0.061, 0.061, 0.061, 0.061, 0.061, 0.061, 0.061, 0.061, 0.061, 0.061]

Final Product Amount [mmol]
1065.2072370169997

Final Biomass Amount [g]
34.23876524221608

Process End
64.0
#-------------------------