#-------------------------
Termination Status
LOCALLY_INFEASIBLE

Time Elapsed
14.952311421

Objective Value
876.4053552856487

Normalized Complementary Slackness
-210.59341040719002

Finite Elements
[1.74, 2.48, 2.53, 1.75, 1.76, 1.8, 1.87, 1.79, 1.84, 1.83, 1.81, 1.84, 1.81, 1.76, 2.5, 1.76, 1.8, 1.86, 1.76, 2.53, 2.54, 2.56, 2.49, 2.49, 2.5, 2.51, 2.52, 2.56, 2.56, 2.48]

Complementary Slackness per Finite Element
[-214.59, -213.96, -213.22, -212.1, -211.71, -211.41, -211.13, -210.88, -210.65, -210.46, -210.31, -210.2, -210.1, -210.03, -210.08, -209.9, -209.9, -209.86, -209.65, -210.02, -209.93, -209.91, -209.85, -209.97, -209.86, -209.87, -209.93, -210.01, -210.86, -207.45]

Feed Rates
[0.001, 0.001, 0.001, 0.001, 0.001, 0.001, 0.001, 0.001, 0.001, 0.002, 0.002, 0.002, 0.002, 0.002, 0.003, 0.003, 0.003, 0.004, 0.004, 0.005, 0.006, 0.007, 0.008, 0.009, 0.01, 0.012, 0.014, 0.016, 0.019, 0.022]

Growth Rates [h-1]
[0.061, 0.061, 0.061, 0.061, 0.061, 0.061, 0.061, 0.061, 0.061, 0.061, 0.061, 0.061, 0.061, 0.061, 0.061, 0.061, 0.061, 0.061, 0.061, 0.061, 0.061, 0.061, 0.061, 0.061, 0.061, 0.061, 0.061, 0.061, 0.061, 0.061]

Final Product Amount [mmol]
1065.18798298464

Final Biomass Amount [g]
34.238770865965684

Process End
64.0
#-------------------------