#-------------------------
Termination Status
LOCALLY_INFEASIBLE

Time Elapsed
16.248396588

Objective Value
815.5989543523572

Normalized Complementary Slackness
-36.5584230360563

Finite Elements
[0.99, 0.99, 1.0, 1.0, 1.0, 1.01, 1.0, 1.01, 1.01, 1.01, 1.01, 1.42, 1.29, 1.44, 1.44, 1.03, 1.03, 1.44, 1.45, 1.43, 1.45, 1.31, 1.45, 1.37, 1.38, 1.37, 1.37, 1.46, 1.46, 1.39]

Complementary Slackness per Finite Element
[-36.66, -35.64, -35.67, -35.92, -36.34, -36.87, -37.25, -37.52, -37.63, -37.73, -37.82, -38.05, -38.73, -38.25, -37.9, -38.08, -38.07, -37.51, -37.28, -37.09, -36.86, -36.77, -36.56, -36.33, -35.6, -35.16, -34.01, -33.2, -33.12, -33.17]

Feed Rates
[0.001, 0.001, 0.001, 0.001, 0.001, 0.001, 0.002, 0.002, 0.002, 0.002, 0.002, 0.003, 0.003, 0.004, 0.005, 0.005, 0.006, 0.007, 0.008, 0.01, 0.011, 0.013, 0.015, 0.018, 0.021, 0.025, 0.029, 0.035, 0.041, 0.048]

Growth Rates [h-1]
[0.116, 0.116, 0.116, 0.116, 0.116, 0.116, 0.116, 0.116, 0.116, 0.116, 0.116, 0.116, 0.116, 0.116, 0.116, 0.116, 0.116, 0.116, 0.116, 0.116, 0.116, 0.116, 0.116, 0.116, 0.116, 0.116, 0.116, 0.116, 0.116, 0.116]

Final Product Amount [mmol]
838.0479169177654

Final Biomass Amount [g]
51.48297480250999

Process End
37.0
#-------------------------