#-------------------------
Termination Status
LOCALLY_INFEASIBLE

Time Elapsed
15.983675274

Objective Value
542.7558414485669

Normalized Complementary Slackness
-25.776440376345395

Finite Elements
[2.56, 2.55, 1.91, 1.86, 2.54, 2.48, 2.35, 2.15, 1.93, 1.72, 1.71, 1.71, 1.71, 1.71, 1.71, 1.71, 1.71, 1.71, 1.77, 1.71, 2.3, 2.49, 2.11, 2.56, 2.56, 2.56, 2.56, 2.56, 2.56, 2.56]

Complementary Slackness per Finite Element
[-26.8, -26.43, -26.07, -26.02, -26.07, -26.06, -26.02, -25.92, -25.88, -25.9, -25.84, -25.84, -25.81, -25.78, -25.74, -25.74, -25.68, -25.69, -25.56, -25.58, -25.5, -25.49, -25.49, -25.47, -25.49, -25.46, -25.5, -25.49, -25.48, -25.51]

Feed Rates
[0.001, 0.0, 0.0, 0.0, 0.0, 0.0, 0.0, 0.0, 0.0, 0.0, 0.0, 0.0, 0.0, 0.0, 0.0, 0.0, 0.0, 0.001, 0.001, 0.001, 0.001, 0.002, 0.002, 0.003, 0.004, 0.006, 0.009, 0.013, 0.018, 0.025]

Growth Rates [h-1]
[0.134, 0.134, 0.134, 0.134, 0.134, 0.134, 0.134, 0.134, 0.134, 0.134, 0.134, 0.134, 0.134, 0.134, 0.134, 0.134, 0.134, 0.134, 0.134, 0.134, 0.134, 0.134, 0.134, 0.134, 0.134, 0.134, 0.134, 0.134, 0.134, 0.134]

Final Product Amount [mmol]
561.7405985209997

Final Biomass Amount [g]
28.0913107183603

Process End
64.0
#-------------------------