#-------------------------
Termination Status
LOCALLY_SOLVED

Time Elapsed
1435.19292581

Objective Value
233.54480438183163

Normalized Complementary Slackness
-14.592395604852715

Finite Elements
[1.0, 1.0, 1.0, 1.0, 1.0, 1.0, 1.0, 1.0, 1.0, 1.0, 1.0, 1.0, 1.0, 1.0, 1.0, 0.67, 0.67, 0.67, 0.67, 0.67, 0.67, 0.67, 0.67, 0.67, 0.67, 0.67, 0.67, 0.67, 0.67, 0.67]

Complementary Slackness per Finite Element
[-16.95, -16.95, -16.95, -16.95, -16.95, -16.95, -16.95, -16.95, -16.95, -16.95, -15.59, -12.11, -12.11, -12.11, -12.11, -12.11, -12.11, -12.11, -12.2, -14.16, -14.16, -14.16, -14.16, -14.16, -14.16, -14.16, -14.16, -14.16, -14.16, -14.16]

Feed Rates
[0.001, 0.001, 0.002, 0.002, 0.002, 0.003, 0.003, 0.004, 0.005, 0.006, 0.007, 0.006, 0.007, 0.008, 0.009, 0.01, 0.01, 0.011, 0.012, 0.013, 0.014, 0.015, 0.017, 0.018, 0.019, 0.021, 0.023, 0.024, 0.026, 0.028]

Growth Rates [h-1]
[0.189, 0.189, 0.189, 0.189, 0.189, 0.189, 0.189, 0.189, 0.189, 0.189, 0.169, 0.116, 0.116, 0.116, 0.116, 0.116, 0.116, 0.116, 0.116, 0.116, 0.116, 0.116, 0.116, 0.116, 0.116, 0.116, 0.116, 0.116, 0.116, 0.116]

Final Product Amount [mmol]
573.7551557430412

Final Biomass Amount [g]
28.25035284986805

Process End
25.0
#-------------------------