#-------------------------
Termination Status
LOCALLY_INFEASIBLE

Time Elapsed
14.188398102

Objective Value
300.41864765408224

Normalized Complementary Slackness
-22.286556026380975

Finite Elements
[1.84, 1.84, 1.84, 1.84, 1.84, 1.84, 1.84, 1.84, 1.84, 1.74, 1.35, 1.23, 1.23, 1.23, 1.23, 1.23, 1.36, 1.62, 1.7, 1.73, 1.74, 1.73, 1.65, 1.33, 1.23, 1.23, 1.23, 1.23, 1.23, 1.23]

Complementary Slackness per Finite Element
[-22.49, -22.26, -22.27, -22.27, -22.28, -22.29, -22.29, -22.3, -22.3, -22.3, -22.29, -22.29, -22.29, -22.29, -22.27, -22.23, -22.23, -22.23, -22.23, -22.23, -22.24, -22.24, -22.25, -22.27, -22.29, -22.32, -22.34, -22.35, -22.35, -22.35]

Feed Rates
[0.001, 0.0, 0.0, 0.0, 0.0, 0.0, 0.0, 0.0, 0.0, 0.0, 0.0, 0.0, 0.001, 0.001, 0.001, 0.001, 0.001, 0.002, 0.002, 0.003, 0.004, 0.006, 0.008, 0.01, 0.012, 0.015, 0.019, 0.023, 0.029, 0.036]

Growth Rates [h-1]
[0.171, 0.171, 0.171, 0.171, 0.171, 0.171, 0.171, 0.171, 0.171, 0.171, 0.171, 0.171, 0.171, 0.171, 0.171, 0.171, 0.171, 0.171, 0.171, 0.171, 0.171, 0.171, 0.171, 0.171, 0.171, 0.171, 0.171, 0.171, 0.171, 0.171]

Final Product Amount [mmol]
317.2284551388923

Final Biomass Amount [g]
30.201758022133088

Process End
46.0
#-------------------------