#-------------------------
Termination Status
LOCALLY_INFEASIBLE

Time Elapsed
17.388076451

Objective Value
154.19309597028945

Normalized Complementary Slackness
-266.0011078666738

Finite Elements
[1.63, 1.63, 1.63, 1.63, 1.63, 1.63, 1.63, 1.63, 1.63, 1.63, 1.63, 1.63, 1.63, 1.63, 1.63, 2.44, 2.44, 2.44, 2.44, 2.44, 2.44, 2.44, 2.44, 2.44, 2.44, 2.44, 2.44, 2.44, 2.44, 2.44]

Complementary Slackness per Finite Element
[-267.62, -267.47, -267.37, -267.3, -267.25, -267.23, -267.2, -267.14, -267.06, -266.96, -266.84, -266.68, -266.48, -266.25, -266.06, -265.8, -265.43, -265.2, -265.05, -265.0, -264.99, -264.92, -264.89, -264.76, -264.91, -264.95, -264.95, -264.94, -265.05, -264.31]

Feed Rates
[0.001, 0.001, 0.001, 0.001, 0.001, 0.001, 0.001, 0.002, 0.002, 0.002, 0.002, 0.003, 0.003, 0.003, 0.004, 0.004, 0.005, 0.006, 0.008, 0.009, 0.011, 0.014, 0.017, 0.02, 0.024, 0.029, 0.036, 0.043, 0.053, 0.064]

Growth Rates [h-1]
[0.079, 0.079, 0.079, 0.079, 0.079, 0.079, 0.079, 0.079, 0.079, 0.079, 0.079, 0.079, 0.079, 0.079, 0.079, 0.079, 0.079, 0.079, 0.079, 0.079, 0.079, 0.079, 0.079, 0.079, 0.079, 0.079, 0.079, 0.079, 0.079, 0.079]

Final Product Amount [mmol]
2330.6084684118423

Final Biomass Amount [g]
87.74341556813334

Process End
61.0
#-------------------------