#-------------------------
Termination Status
LOCALLY_INFEASIBLE

Time Elapsed
17.263334138

Objective Value
40.186688749378646

Normalized Complementary Slackness
-19.97745262053831

Finite Elements
[2.68, 2.68, 2.68, 2.68, 2.68, 2.68, 2.68, 2.68, 2.68, 2.68, 2.68, 2.67, 2.55, 2.17, 1.95, 1.86, 1.84, 2.08, 1.86, 2.35, 2.1, 1.81, 1.79, 1.79, 1.79, 1.79, 1.79, 1.79, 1.79, 1.79]

Complementary Slackness per Finite Element
[-19.92, -19.5, -19.54, -19.86, -19.3, -19.46, -19.56, -19.64, -19.72, -19.78, -19.82, -19.83, -19.84, -19.78, -19.64, -20.31, -19.99, -19.91, -19.95, -20.07, -20.18, -20.25, -20.33, -20.39, -20.41, -20.43, -20.48, -20.53, -20.47, -20.44]

Feed Rates
[0.001, 0.0, 0.0, 0.0, 0.0, 0.0, 0.0, 0.0, 0.001, 0.001, 0.001, 0.001, 0.001, 0.002, 0.002, 0.002, 0.003, 0.003, 0.003, 0.004, 0.005, 0.006, 0.007, 0.008, 0.009, 0.01, 0.011, 0.013, 0.015, 0.018]

Growth Rates [h-1]
[0.079, 0.079, 0.079, 0.079, 0.079, 0.079, 0.079, 0.079, 0.079, 0.079, 0.079, 0.079, 0.079, 0.079, 0.079, 0.079, 0.079, 0.079, 0.079, 0.079, 0.079, 0.079, 0.079, 0.079, 0.079, 0.079, 0.079, 0.079, 0.079, 0.079]

Final Product Amount [mmol]
344.5636351388821

Final Biomass Amount [g]
23.131941323757562

Process End
67.0
#-------------------------