#-------------------------
Termination Status
LOCALLY_INFEASIBLE

Time Elapsed
17.440212978

Objective Value
464.3203994927223

Normalized Complementary Slackness
-33.00236730422602

Finite Elements
[2.2, 2.2, 2.2, 2.2, 2.2, 2.2, 2.2, 2.2, 2.2, 2.2, 2.2, 2.2, 2.2, 2.2, 2.19, 1.47, 1.47, 1.47, 1.47, 1.47, 1.47, 1.47, 1.47, 1.47, 1.47, 1.47, 1.47, 1.47, 1.47, 1.47]

Complementary Slackness per Finite Element
[-34.45, -33.4, -32.94, -32.74, -32.73, -32.93, -32.52, -33.53, -33.37, -33.83, -34.02, -34.17, -34.3, -34.42, -34.52, -34.56, -34.74, -34.67, -34.62, -34.51, -34.25, -33.47, -32.26, -29.86, -33.29, -31.09, -30.18, -29.82, -29.6, -29.27]

Feed Rates
[0.001, 0.0, 0.0, 0.0, 0.0, 0.0, 0.0, 0.0, 0.0, 0.0, 0.001, 0.001, 0.001, 0.001, 0.002, 0.002, 0.002, 0.003, 0.003, 0.004, 0.005, 0.006, 0.007, 0.008, 0.009, 0.011, 0.013, 0.016, 0.018, 0.022]

Growth Rates [h-1]
[0.116, 0.116, 0.116, 0.116, 0.116, 0.116, 0.116, 0.116, 0.116, 0.116, 0.116, 0.116, 0.116, 0.116, 0.116, 0.116, 0.116, 0.116, 0.116, 0.116, 0.116, 0.116, 0.116, 0.116, 0.116, 0.116, 0.116, 0.116, 0.116, 0.116]

Final Product Amount [mmol]
489.6871646050755

Final Biomass Amount [g]
23.481217966076155

Process End
55.0
#-------------------------