#-------------------------
Termination Status
LOCALLY_SOLVED

Time Elapsed
59.351147964

Objective Value
226.03583718540938

Normalized Complementary Slackness
-15.213599937230542

Finite Elements
[0.88, 0.88, 0.88, 0.88, 0.88, 0.88, 0.88, 0.88, 0.88, 0.88, 0.88, 0.88, 0.88, 0.88, 0.88, 0.59, 0.59, 0.59, 0.59, 0.59, 0.59, 0.59, 0.59, 0.59, 0.59, 0.59, 0.59, 0.59, 0.59, 0.59]

Complementary Slackness per Finite Element
[-16.95, -16.95, -16.95, -16.95, -16.95, -16.95, -16.95, -16.95, -16.95, -16.95, -16.95, -16.95, -16.95, -16.95, -16.95, -16.95, -16.95, -16.95, -16.95, -16.95, -14.2, -9.69, -9.69, -9.69, -9.69, -9.69, -9.69, -14.84, -15.11, -15.11]

Feed Rates
[0.001, 0.001, 0.002, 0.002, 0.002, 0.003, 0.003, 0.004, 0.004, 0.005, 0.006, 0.007, 0.008, 0.01, 0.011, 0.013, 0.015, 0.017, 0.019, 0.021, 0.019, 0.014, 0.015, 0.016, 0.016, 0.017, 0.018, 0.019, 0.02, 0.02]

Growth Rates [h-1]
[0.189, 0.189, 0.189, 0.189, 0.189, 0.189, 0.189, 0.189, 0.189, 0.189, 0.189, 0.189, 0.189, 0.189, 0.189, 0.189, 0.189, 0.189, 0.189, 0.189, 0.148, 0.079, 0.079, 0.079, 0.079, 0.079, 0.079, 0.079, 0.079, 0.079]

Final Product Amount [mmol]
501.49883349907356

Final Biomass Amount [g]
24.944610823966215

Process End
22.0
#-------------------------