#-------------------------
Termination Status
LOCALLY_INFEASIBLE

Time Elapsed
20.292900905

Objective Value
313.22163527920253

Normalized Complementary Slackness
-18.05473574071652

Finite Elements
[0.91, 1.36, 1.36, 1.11, 0.91, 0.91, 0.91, 0.91, 0.91, 0.91, 0.91, 0.91, 1.07, 1.24, 1.32, 1.35, 1.35, 1.35, 1.35, 1.35, 1.35, 1.22, 1.31, 1.24, 1.27, 1.29, 0.94, 0.96, 1.0, 1.04]

Complementary Slackness per Finite Element
[-17.77, -17.58, -17.63, -17.49, -17.47, -17.5, -17.55, -17.61, -17.65, -17.6, -17.54, -17.48, -17.46, -17.46, -17.88, -18.11, -18.25, -18.28, -18.7, -18.5, -18.59, -18.58, -18.66, -18.61, -18.62, -18.74, -18.61, -18.63, -18.59, -18.5]

Feed Rates
[0.001, 0.0, 0.0, 0.0, 0.0, 0.0, 0.001, 0.001, 0.001, 0.001, 0.001, 0.001, 0.001, 0.001, 0.002, 0.002, 0.003, 0.003, 0.004, 0.005, 0.006, 0.007, 0.009, 0.011, 0.013, 0.016, 0.019, 0.022, 0.025, 0.029]

Growth Rates [h-1]
[0.153, 0.153, 0.153, 0.153, 0.153, 0.153, 0.153, 0.153, 0.153, 0.153, 0.153, 0.153, 0.153, 0.153, 0.153, 0.153, 0.153, 0.153, 0.153, 0.153, 0.153, 0.153, 0.153, 0.153, 0.153, 0.153, 0.153, 0.153, 0.153, 0.153]

Final Product Amount [mmol]
324.30528832803753

Final Biomass Amount [g]
25.818618883226243

Process End
34.0
#-------------------------