#-------------------------
Termination Status
LOCALLY_INFEASIBLE

Time Elapsed
23.307399834

Objective Value
442.335376670095

Normalized Complementary Slackness
-32.683884848479956

Finite Elements
[1.56, 2.28, 1.56, 1.56, 1.56, 1.56, 1.56, 1.56, 1.56, 1.56, 1.56, 1.56, 1.56, 1.56, 2.27, 2.29, 2.29, 2.3, 2.29, 2.31, 1.58, 1.58, 2.31, 2.32, 2.32, 2.32, 2.32, 2.32, 2.32, 2.32]

Complementary Slackness per Finite Element
[-33.32, -32.63, -32.46, -32.17, -31.78, -31.82, -30.75, -30.04, -31.08, -31.93, -32.33, -32.13, -32.5, -32.6, -32.15, -34.19, -32.42, -33.49, -33.65, -34.01, -33.95, -34.16, -34.12, -33.86, -33.69, -33.44, -33.38, -33.23, -33.08, -30.16]

Feed Rates
[0.001, 0.001, 0.001, 0.001, 0.001, 0.001, 0.001, 0.001, 0.001, 0.001, 0.001, 0.002, 0.002, 0.002, 0.002, 0.002, 0.003, 0.003, 0.004, 0.004, 0.005, 0.005, 0.006, 0.007, 0.008, 0.009, 0.01, 0.012, 0.014, 0.016]

Growth Rates [h-1]
[0.061, 0.061, 0.061, 0.061, 0.061, 0.061, 0.061, 0.061, 0.061, 0.061, 0.061, 0.061, 0.061, 0.061, 0.061, 0.061, 0.061, 0.061, 0.061, 0.061, 0.061, 0.061, 0.061, 0.061, 0.061, 0.061, 0.061, 0.061, 0.061, 0.061]

Final Product Amount [mmol]
464.3424480660537

Final Biomass Amount [g]
23.80742863054902

Process End
58.0
#-------------------------