#-------------------------
Termination Status
LOCALLY_INFEASIBLE

Time Elapsed
15.68269312

Objective Value
303.7340835192713

Normalized Complementary Slackness
-22.278554566274714

Finite Elements
[2.08, 2.08, 2.08, 2.08, 2.08, 2.08, 2.08, 2.08, 2.08, 2.08, 2.08, 2.07, 1.77, 1.4, 1.39, 1.39, 1.39, 1.39, 1.39, 1.39, 1.39, 1.81, 1.93, 1.9, 1.58, 1.39, 1.39, 1.39, 1.39, 1.39]

Complementary Slackness per Finite Element
[-22.5, -22.25, -22.26, -22.26, -22.28, -22.28, -22.29, -22.3, -22.3, -22.3, -22.3, -22.3, -22.29, -22.28, -22.27, -22.25, -22.23, -22.23, -22.23, -22.23, -22.23, -22.23, -22.24, -22.24, -22.26, -22.29, -22.31, -22.32, -22.31, -22.3]

Feed Rates
[0.001, 0.0, 0.0, 0.0, 0.0, 0.0, 0.0, 0.0, 0.0, 0.0, 0.0, 0.0, 0.0, 0.001, 0.001, 0.001, 0.001, 0.002, 0.002, 0.002, 0.003, 0.004, 0.005, 0.008, 0.01, 0.013, 0.017, 0.022, 0.027, 0.035]

Growth Rates [h-1]
[0.171, 0.171, 0.171, 0.171, 0.171, 0.171, 0.171, 0.171, 0.171, 0.171, 0.171, 0.171, 0.171, 0.171, 0.171, 0.171, 0.171, 0.171, 0.171, 0.171, 0.171, 0.171, 0.171, 0.171, 0.171, 0.171, 0.171, 0.171, 0.171, 0.171]

Final Product Amount [mmol]
320.990782417159

Final Biomass Amount [g]
30.16936483181584

Process End
52.0
#-------------------------