#-------------------------
Termination Status
LOCALLY_SOLVED

Time Elapsed
47.22648909

Objective Value
643.7735731907538

Normalized Complementary Slackness
-16.344992075934215

Finite Elements
[2.68, 2.68, 2.68, 2.68, 2.68, 2.68, 2.68, 2.68, 2.68, 2.68, 2.68, 2.68, 2.68, 2.68, 2.68, 1.79, 1.79, 1.79, 1.79, 1.79, 1.79, 1.79, 1.79, 1.79, 1.79, 1.79, 1.79, 1.79, 1.79, 1.79]

Complementary Slackness per Finite Element
[-16.95, -16.95, -14.8, -11.43, -16.55, -16.55, -16.55, -16.55, -16.55, -16.55, -16.55, -16.55, -16.55, -16.55, -16.55, -16.55, -16.55, -16.55, -16.55, -16.55, -16.55, -16.55, -16.55, -16.55, -16.55, -16.55, -16.55, -16.55, -16.55, -16.55]

Feed Rates
[0.001, 0.002, 0.003, 0.002, 0.002, 0.002, 0.002, 0.002, 0.002, 0.002, 0.002, 0.003, 0.003, 0.003, 0.003, 0.003, 0.004, 0.004, 0.004, 0.004, 0.004, 0.004, 0.005, 0.005, 0.005, 0.005, 0.005, 0.006, 0.006, 0.006]

Growth Rates [h-1]
[0.189, 0.189, 0.157, 0.024, 0.024, 0.024, 0.024, 0.024, 0.024, 0.024, 0.024, 0.024, 0.024, 0.024, 0.024, 0.024, 0.024, 0.024, 0.024, 0.024, 0.024, 0.024, 0.024, 0.024, 0.024, 0.024, 0.024, 0.024, 0.024, 0.024]

Final Product Amount [mmol]
632.1104570004098

Final Biomass Amount [g]
12.095951182565793

Process End
67.0
#-------------------------