#-------------------------
Termination Status
LOCALLY_INFEASIBLE

Time Elapsed
14.283126607

Objective Value
251.4410977103914

Normalized Complementary Slackness
-64.37133141924105

Finite Elements
[1.15, 1.72, 1.72, 1.72, 1.72, 1.72, 1.72, 1.72, 1.72, 1.72, 1.72, 1.72, 1.72, 1.72, 1.72, 1.72, 1.15, 1.15, 1.15, 1.15, 1.15, 1.15, 1.15, 1.15, 1.15, 1.15, 1.15, 1.15, 1.15, 1.15]

Complementary Slackness per Finite Element
[-64.64, -64.11, -64.16, -64.19, -64.21, -64.2, -64.19, -64.14, -64.1, -64.35, -64.61, -64.62, -64.59, -64.54, -64.49, -64.45, -64.36, -64.35, -64.4, -64.47, -64.49, -64.49, -64.49, -64.44, -64.44, -64.38, -64.39, -64.36, -64.32, -64.17]

Feed Rates
[0.001, 0.0, 0.0, 0.0, 0.0, 0.0, 0.0, 0.0, 0.0, 0.0, 0.0, 0.001, 0.001, 0.001, 0.002, 0.002, 0.003, 0.003, 0.004, 0.005, 0.006, 0.008, 0.009, 0.011, 0.014, 0.016, 0.02, 0.024, 0.03, 0.036]

Growth Rates [h-1]
[0.171, 0.171, 0.171, 0.171, 0.171, 0.171, 0.171, 0.171, 0.171, 0.171, 0.171, 0.171, 0.171, 0.171, 0.171, 0.171, 0.171, 0.171, 0.171, 0.171, 0.171, 0.171, 0.171, 0.171, 0.171, 0.171, 0.171, 0.171, 0.171, 0.171]

Final Product Amount [mmol]
310.05294426065217

Final Biomass Amount [g]
30.23516466349043

Process End
43.0
#-------------------------