#-------------------------
Termination Status
LOCALLY_INFEASIBLE

Time Elapsed
13.850572847

Objective Value
25.368648080576115

Normalized Complementary Slackness
-15.294226591283328

Finite Elements
[2.08, 2.08, 2.08, 1.97, 1.94, 1.89, 1.83, 1.75, 1.65, 1.52, 1.99, 1.72, 1.39, 1.39, 1.39, 1.39, 1.39, 1.39, 1.39, 1.39, 1.4, 1.83, 1.96, 1.99, 2.0, 2.02, 2.03, 2.0, 1.78, 1.39]

Complementary Slackness per Finite Element
[-15.29, -15.29, -15.29, -15.29, -15.29, -15.29, -15.29, -15.29, -15.29, -15.29, -15.29, -15.29, -15.29, -15.29, -15.29, -15.29, -15.29, -15.29, -15.29, -15.29, -15.29, -15.29, -15.29, -15.29, -15.29, -15.29, -15.29, -15.29, -15.29, -15.29]

Feed Rates
[0.001, 0.0, 0.0, 0.0, 0.0, 0.0, 0.0, 0.0, 0.0, 0.0, 0.0, 0.0, 0.0, 0.0, 0.0, 0.0, 0.0, 0.001, 0.001, 0.001, 0.001, 0.002, 0.002, 0.004, 0.005, 0.008, 0.011, 0.016, 0.024, 0.033]

Growth Rates [h-1]
[0.189, 0.189, 0.189, 0.189, 0.189, 0.189, 0.189, 0.189, 0.189, 0.189, 0.189, 0.189, 0.189, 0.189, 0.189, 0.189, 0.189, 0.189, 0.189, 0.189, 0.189, 0.189, 0.189, 0.189, 0.189, 0.189, 0.189, 0.189, 0.189, 0.189]

Final Product Amount [mmol]
198.54350896137115

Final Biomass Amount [g]
27.09435152656941

Process End
52.0
#-------------------------