#-------------------------
Termination Status
LOCALLY_INFEASIBLE

Time Elapsed
18.319235736

Objective Value
-67.60014154684822

Normalized Complementary Slackness
-266.83920128401365

Finite Elements
[1.35, 1.32, 1.32, 1.33, 1.33, 1.34, 1.37, 1.41, 1.51, 1.7, 1.96, 1.96, 1.96, 1.96, 1.96, 1.96, 1.96, 1.96, 1.96, 1.96, 1.31, 1.31, 1.31, 1.31, 1.39, 1.64, 1.74, 1.7, 1.74, 1.96]

Complementary Slackness per Finite Element
[-268.54, -268.36, -268.26, -268.18, -268.11, -268.05, -268.0, -267.95, -267.9, -267.85, -267.79, -267.66, -267.48, -267.24, -266.95, -266.53, -266.2, -266.01, -265.93, -265.91, -265.91, -265.89, -265.85, -265.84, -265.85, -265.85, -265.88, -265.95, -266.0, -263.26]

Feed Rates
[0.001, 0.001, 0.001, 0.001, 0.001, 0.001, 0.001, 0.001, 0.001, 0.002, 0.002, 0.002, 0.003, 0.003, 0.003, 0.004, 0.005, 0.006, 0.006, 0.008, 0.009, 0.01, 0.011, 0.012, 0.013, 0.015, 0.017, 0.019, 0.022, 0.026]

Growth Rates [h-1]
[0.079, 0.079, 0.079, 0.079, 0.079, 0.079, 0.079, 0.079, 0.079, 0.079, 0.079, 0.079, 0.079, 0.079, 0.079, 0.079, 0.079, 0.079, 0.079, 0.079, 0.079, 0.079, 0.079, 0.079, 0.079, 0.079, 0.079, 0.079, 0.079, 0.079]

Final Product Amount [mmol]
892.1869762684787

Final Biomass Amount [g]
34.015914070548156

Process End
49.0
#-------------------------