#-------------------------
Termination Status
LOCALLY_INFEASIBLE

Time Elapsed
16.128048901

Objective Value
47.065265300873584

Normalized Complementary Slackness
-26.88429471817421

Finite Elements
[2.8, 2.8, 2.8, 2.8, 2.8, 2.8, 2.8, 2.79, 2.79, 2.78, 2.8, 2.8, 2.79, 2.69, 2.55, 2.19, 1.87, 1.91, 1.9, 1.87, 1.87, 1.87, 1.87, 1.87, 1.87, 1.87, 1.87, 1.87, 1.87, 1.87]

Complementary Slackness per Finite Element
[-29.89, -28.61, -26.07, -25.99, -25.96, -25.94, -25.94, -25.95, -25.99, -26.0, -26.05, -26.09, -26.13, -26.18, -26.38, -26.7, -27.7, -28.63, -29.09, -29.18, -29.06, -28.68, -27.76, -26.29, -26.2, -26.11, -26.17, -26.08, -26.0, -25.69]

Feed Rates
[0.001, 0.0, 0.0, 0.0, 0.0, 0.0, 0.0, 0.0, 0.0, 0.0, 0.0, 0.0, 0.0, 0.0, 0.0, 0.001, 0.001, 0.001, 0.001, 0.002, 0.002, 0.003, 0.004, 0.005, 0.007, 0.009, 0.011, 0.014, 0.018, 0.024]

Growth Rates [h-1]
[0.134, 0.134, 0.134, 0.134, 0.134, 0.134, 0.134, 0.134, 0.134, 0.134, 0.134, 0.134, 0.134, 0.134, 0.134, 0.134, 0.134, 0.134, 0.134, 0.134, 0.134, 0.134, 0.134, 0.134, 0.134, 0.134, 0.134, 0.134, 0.134, 0.134]

Final Product Amount [mmol]
471.1079650493698

Final Biomass Amount [g]
24.56432963790502

Process End
70.0
#-------------------------