#-------------------------
Termination Status
LOCALLY_INFEASIBLE

Time Elapsed
17.767249811

Objective Value
69.38683900546121

Normalized Complementary Slackness
-26.26884040806095

Finite Elements
[0.91, 1.36, 1.36, 1.36, 1.36, 1.36, 1.36, 1.36, 1.36, 1.36, 1.36, 1.36, 1.36, 1.36, 1.35, 1.31, 0.97, 0.91, 0.91, 0.91, 0.91, 0.91, 0.91, 0.91, 0.91, 0.91, 0.91, 0.91, 0.91, 0.91]

Complementary Slackness per Finite Element
[-26.56, -25.94, -26.26, -26.23, -26.4, -26.47, -26.48, -26.52, -26.51, -26.36, -26.29, -26.25, -26.3, -26.67, -26.47, -26.42, -26.6, -26.41, -26.29, -26.33, -26.28, -26.21, -26.07, -26.05, -26.02, -25.91, -25.84, -25.74, -26.03, -26.14]

Feed Rates
[0.001, 0.0, 0.0, 0.0, 0.0, 0.0, 0.0, 0.001, 0.001, 0.001, 0.001, 0.002, 0.002, 0.003, 0.003, 0.004, 0.005, 0.006, 0.007, 0.008, 0.009, 0.011, 0.013, 0.015, 0.017, 0.02, 0.024, 0.027, 0.032, 0.037]

Growth Rates [h-1]
[0.171, 0.171, 0.171, 0.171, 0.171, 0.171, 0.171, 0.171, 0.171, 0.171, 0.171, 0.171, 0.171, 0.171, 0.171, 0.171, 0.171, 0.171, 0.171, 0.171, 0.171, 0.171, 0.171, 0.171, 0.171, 0.171, 0.171, 0.171, 0.171, 0.171]

Final Product Amount [mmol]
301.95869707215854

Final Biomass Amount [g]
30.346481443342295

Process End
34.0
#-------------------------