#-------------------------
Termination Status
LOCALLY_INFEASIBLE

Time Elapsed
17.88283712

Objective Value
259.9000180545132

Normalized Complementary Slackness
-34.857025728625025

Finite Elements
[0.99, 0.69, 0.89, 0.69, 0.87, 0.69, 0.94, 0.7, 0.92, 0.87, 0.9, 0.9, 0.9, 0.9, 0.89, 0.87, 0.89, 0.87, 0.86, 0.86, 0.87, 0.89, 0.9, 0.97, 0.73, 0.8, 0.74, 0.68, 0.68, 0.68]

Complementary Slackness per Finite Element
[-34.71, -31.29, -30.76, -30.93, -31.3, -31.5, -33.66, -34.93, -36.39, -36.45, -36.14, -36.09, -35.93, -35.91, -35.94, -35.54, -36.19, -36.15, -35.89, -35.93, -35.87, -35.57, -35.37, -35.1, -35.3, -35.14, -35.17, -35.28, -35.43, -35.84]

Feed Rates
[0.001, 0.001, 0.001, 0.001, 0.002, 0.002, 0.002, 0.002, 0.003, 0.003, 0.003, 0.004, 0.004, 0.005, 0.006, 0.007, 0.007, 0.009, 0.01, 0.011, 0.013, 0.015, 0.017, 0.019, 0.022, 0.025, 0.028, 0.031, 0.035, 0.038]

Growth Rates [h-1]
[0.153, 0.153, 0.153, 0.153, 0.153, 0.153, 0.153, 0.153, 0.153, 0.153, 0.153, 0.153, 0.153, 0.153, 0.153, 0.153, 0.153, 0.153, 0.153, 0.153, 0.153, 0.153, 0.153, 0.153, 0.153, 0.153, 0.153, 0.153, 0.153, 0.153]

Final Product Amount [mmol]
286.9307016215907

Final Biomass Amount [g]
32.207757195556624

Process End
25.0
#-------------------------