#-------------------------
Termination Status
LOCALLY_INFEASIBLE

Time Elapsed
16.054243567

Objective Value
53.76588085276528

Normalized Complementary Slackness
-21.90157968145279

Finite Elements
[0.75, 1.12, 1.12, 1.12, 1.12, 1.12, 1.12, 1.12, 1.12, 1.12, 1.12, 1.12, 1.12, 1.12, 1.12, 1.11, 0.75, 0.75, 0.75, 0.75, 0.75, 0.75, 0.75, 0.75, 0.75, 0.75, 0.75, 0.75, 0.75, 0.75]

Complementary Slackness per Finite Element
[-21.8, -21.9, -21.9, -21.9, -21.9, -21.9, -21.9, -21.9, -21.89, -21.89, -21.89, -21.89, -21.89, -21.89, -21.89, -21.89, -21.88, -21.89, -21.9, -21.9, -21.91, -21.91, -21.88, -21.89, -21.91, -21.92, -21.93, -21.94, -21.95, -21.97]

Feed Rates
[0.001, 0.0, 0.0, 0.0, 0.0, 0.001, 0.001, 0.001, 0.001, 0.001, 0.002, 0.002, 0.003, 0.003, 0.004, 0.005, 0.006, 0.007, 0.008, 0.009, 0.01, 0.012, 0.014, 0.016, 0.018, 0.021, 0.024, 0.028, 0.032, 0.037]

Growth Rates [h-1]
[0.189, 0.189, 0.189, 0.189, 0.189, 0.189, 0.189, 0.189, 0.189, 0.189, 0.189, 0.189, 0.189, 0.189, 0.189, 0.189, 0.189, 0.189, 0.189, 0.189, 0.189, 0.189, 0.189, 0.189, 0.189, 0.189, 0.189, 0.189, 0.189, 0.189]

Final Product Amount [mmol]
198.55637844914273

Final Biomass Amount [g]
27.357466244708924

Process End
28.0
#-------------------------