#-------------------------
Termination Status
LOCALLY_SOLVED

Time Elapsed
70.087491506

Objective Value
454.41415502785173

Normalized Complementary Slackness
-15.740148429788576

Finite Elements
[0.82, 0.82, 0.82, 0.82, 0.82, 0.82, 0.82, 0.82, 0.82, 0.82, 0.82, 0.6, 0.55, 0.55, 0.55, 0.55, 0.55, 0.55, 0.55, 0.55, 0.55, 0.55, 0.55, 0.55, 0.55, 0.82, 0.82, 0.82, 0.76, 0.55]

Complementary Slackness per Finite Element
[-16.95, -16.95, -16.95, -16.95, -16.95, -16.95, -16.95, -16.95, -16.95, -16.95, -16.95, -16.95, -16.95, -16.95, -16.95, -16.95, -16.95, -16.95, -16.95, -16.95, -16.95, -16.95, -16.95, -16.95, -16.95, -9.69, -9.69, -9.69, -9.69, -9.69]

Feed Rates
[0.001, 0.001, 0.002, 0.002, 0.002, 0.002, 0.003, 0.003, 0.004, 0.004, 0.005, 0.006, 0.007, 0.008, 0.008, 0.009, 0.01, 0.011, 0.013, 0.014, 0.016, 0.017, 0.019, 0.021, 0.023, 0.015, 0.016, 0.017, 0.018, 0.019]

Growth Rates [h-1]
[0.189, 0.189, 0.189, 0.189, 0.189, 0.189, 0.189, 0.189, 0.189, 0.189, 0.189, 0.189, 0.189, 0.189, 0.189, 0.189, 0.189, 0.189, 0.189, 0.189, 0.189, 0.189, 0.189, 0.189, 0.189, 0.079, 0.079, 0.079, 0.079, 0.079]

Final Product Amount [mmol]
435.3724267510133

Final Biomass Amount [g]
22.73022318399918

Process End
20.5
#-------------------------