#-------------------------
Termination Status
LOCALLY_INFEASIBLE

Time Elapsed
15.840385519

Objective Value
380.3353243603496

Normalized Complementary Slackness
-19.9642785276961

Finite Elements
[2.44, 2.44, 2.44, 2.04, 2.01, 1.94, 1.85, 1.75, 1.66, 1.63, 1.63, 1.63, 1.63, 1.63, 1.63, 1.63, 1.63, 1.63, 1.63, 1.76, 2.44, 2.44, 2.44, 2.44, 2.44, 2.44, 2.44, 2.44, 2.44, 2.44]

Complementary Slackness per Finite Element
[-20.67, -19.86, -19.89, -19.91, -19.94, -19.96, -19.99, -20.01, -20.01, -20.01, -20.0, -19.97, -19.9, -19.91, -19.91, -19.87, -19.85, -19.87, -19.96, -19.94, -19.93, -19.95, -19.96, -19.97, -19.95, -19.98, -20.01, -19.96, -19.92, -19.87]

Feed Rates
[0.001, 0.0, 0.0, 0.0, 0.0, 0.0, 0.0, 0.0, 0.0, 0.0, 0.0, 0.0, 0.0, 0.0, 0.0, 0.0, 0.0, 0.0, 0.0, 0.001, 0.001, 0.001, 0.002, 0.003, 0.004, 0.005, 0.008, 0.012, 0.017, 0.024]

Growth Rates [h-1]
[0.153, 0.153, 0.153, 0.153, 0.153, 0.153, 0.153, 0.153, 0.153, 0.153, 0.153, 0.153, 0.153, 0.153, 0.153, 0.153, 0.153, 0.153, 0.153, 0.153, 0.153, 0.153, 0.153, 0.153, 0.153, 0.153, 0.153, 0.153, 0.153, 0.153]

Final Product Amount [mmol]
395.79010292786603

Final Biomass Amount [g]
25.558522591104165

Process End
61.0
#-------------------------