#-------------------------
Termination Status
LOCALLY_INFEASIBLE

Time Elapsed
17.026993454

Objective Value
300.09048194482614

Normalized Complementary Slackness
-28.846293839047043

Finite Elements
[1.04, 0.83, 0.83, 0.83, 0.83, 0.83, 0.85, 1.05, 1.12, 1.15, 1.18, 1.18, 1.2, 1.2, 1.21, 1.21, 1.21, 1.21, 1.21, 1.11, 0.85, 0.85, 0.85, 0.85, 0.87, 0.9, 0.97, 1.11, 1.23, 1.24]

Complementary Slackness per Finite Element
[-31.22, -29.95, -28.95, -29.19, -29.3, -28.96, -29.24, -29.96, -29.82, -29.35, -29.11, -28.89, -28.71, -28.48, -28.52, -28.48, -28.4, -28.31, -28.32, -28.16, -28.04, -29.51, -28.35, -28.34, -28.45, -28.43, -28.24, -28.28, -28.29, -28.15]

Feed Rates
[0.001, 0.001, 0.001, 0.001, 0.002, 0.002, 0.002, 0.002, 0.003, 0.003, 0.004, 0.005, 0.006, 0.007, 0.008, 0.01, 0.012, 0.014, 0.017, 0.021, 0.024, 0.028, 0.031, 0.036, 0.041, 0.046, 0.053, 0.062, 0.074, 0.089]

Growth Rates [h-1]
[0.153, 0.153, 0.153, 0.153, 0.153, 0.153, 0.153, 0.153, 0.153, 0.153, 0.153, 0.153, 0.153, 0.153, 0.153, 0.153, 0.153, 0.153, 0.153, 0.153, 0.153, 0.153, 0.153, 0.153, 0.153, 0.153, 0.153, 0.153, 0.153, 0.153]

Final Product Amount [mmol]
956.7918556340774

Final Biomass Amount [g]
80.45794412565715

Process End
31.0
#-------------------------