#-------------------------
Termination Status
LOCALLY_INFEASIBLE

Time Elapsed
16.827234483

Objective Value
59.73605556858713

Normalized Complementary Slackness
-23.91402468663172

Finite Elements
[2.68, 2.68, 2.36, 1.99, 1.79, 1.79, 1.79, 1.79, 1.79, 1.79, 1.79, 1.79, 1.79, 1.79, 1.79, 1.79, 1.79, 1.9, 2.67, 2.68, 2.68, 2.68, 2.68, 2.68, 2.68, 2.68, 2.68, 2.68, 2.68, 2.68]

Complementary Slackness per Finite Element
[-24.93, -23.83, -23.73, -24.24, -23.98, -23.72, -24.0, -24.1, -23.31, -24.13, -23.98, -24.04, -24.11, -24.2, -24.2, -23.79, -24.05, -23.91, -23.97, -23.62, -23.93, -23.76, -23.71, -23.78, -23.73, -23.76, -23.76, -23.75, -23.75, -23.66]

Feed Rates
[0.001, 0.0, 0.0, 0.0, 0.0, 0.0, 0.0, 0.0, 0.0, 0.0, 0.0, 0.0, 0.0, 0.0, 0.0, 0.001, 0.001, 0.001, 0.001, 0.001, 0.002, 0.002, 0.003, 0.004, 0.005, 0.006, 0.008, 0.01, 0.013, 0.017]

Growth Rates [h-1]
[0.097, 0.097, 0.097, 0.097, 0.097, 0.097, 0.097, 0.097, 0.097, 0.097, 0.097, 0.097, 0.097, 0.097, 0.097, 0.097, 0.097, 0.097, 0.097, 0.097, 0.097, 0.097, 0.097, 0.097, 0.097, 0.097, 0.097, 0.097, 0.097, 0.097]

Final Product Amount [mmol]
508.8879305311382

Final Biomass Amount [g]
21.9977763346409

Process End
67.0
#-------------------------