#-------------------------
Termination Status
ALMOST_LOCALLY_SOLVED

Time Elapsed
383.951636039

Objective Value
31.96088732686736

Normalized Complementary Slackness
-18.96713216567152

Finite Elements
[0.4, 0.4, 0.4, 0.4, 0.4, 0.31, 0.4, 0.28, 0.28, 0.27, 0.27, 0.27, 0.27, 0.27, 0.27, 0.27, 0.27, 0.27, 0.27, 0.27, 0.27, 0.34, 0.4, 0.4, 0.4, 0.4, 0.4, 0.4, 0.4, 0.4]

Complementary Slackness per Finite Element
[-20.72, -20.72, -20.72, -20.72, -20.72, -20.72, -20.72, -20.72, -20.72, -20.72, -20.72, -20.72, -20.72, -20.72, -20.72, -20.71, -20.71, -20.71, -20.71, -20.71, -20.7, -16.21, -15.58, -14.84, -14.59, -14.55, -14.54, -14.54, -14.57, -14.56]

Feed Rates
[0.001, 0.001, 0.001, 0.001, 0.001, 0.002, 0.002, 0.002, 0.002, 0.002, 0.002, 0.002, 0.002, 0.002, 0.003, 0.003, 0.003, 0.003, 0.003, 0.003, 0.004, 0.003, 0.003, 0.004, 0.004, 0.004, 0.004, 0.005, 0.005, 0.005]

Growth Rates [h-1]
[0.189, 0.189, 0.189, 0.189, 0.189, 0.189, 0.189, 0.189, 0.189, 0.189, 0.189, 0.189, 0.189, 0.189, 0.189, 0.189, 0.189, 0.189, 0.189, 0.189, 0.189, 0.172, 0.153, 0.153, 0.153, 0.153, 0.153, 0.153, 0.153, 0.153]

Final Product Amount [mmol]
38.740046794979044

Final Biomass Amount [g]
4.170541756515388

Process End
10.0
#-------------------------