#-------------------------
Termination Status
LOCALLY_INFEASIBLE

Time Elapsed
16.024827209

Objective Value
60.43110595382774

Normalized Complementary Slackness
-20.972317550776737

Finite Elements
[2.56, 2.56, 2.56, 2.16, 1.72, 1.71, 1.71, 1.71, 1.71, 1.71, 1.71, 1.71, 1.71, 1.71, 1.71, 1.71, 2.22, 2.41, 2.46, 2.48, 1.74, 1.95, 2.53, 2.52, 2.54, 2.56, 2.56, 2.56, 2.56, 2.56]

Complementary Slackness per Finite Element
[-21.83, -20.47, -19.96, -19.67, -19.56, -19.58, -19.71, -19.97, -20.33, -20.59, -20.58, -20.58, -20.62, -20.59, -20.58, -20.59, -20.58, -20.88, -21.91, -22.2, -21.89, -21.91, -21.94, -21.86, -21.83, -21.8, -21.78, -21.81, -21.89, -21.69]

Feed Rates
[0.001, 0.0, 0.0, 0.0, 0.0, 0.0, 0.0, 0.0, 0.0, 0.0, 0.0, 0.0, 0.0, 0.001, 0.001, 0.001, 0.001, 0.001, 0.001, 0.002, 0.002, 0.003, 0.003, 0.004, 0.006, 0.007, 0.009, 0.012, 0.015, 0.02]

Growth Rates [h-1]
[0.097, 0.097, 0.097, 0.097, 0.097, 0.097, 0.097, 0.097, 0.097, 0.097, 0.097, 0.097, 0.097, 0.097, 0.097, 0.097, 0.097, 0.097, 0.097, 0.097, 0.097, 0.097, 0.097, 0.097, 0.097, 0.097, 0.097, 0.097, 0.097, 0.097]

Final Product Amount [mmol]
471.3571971205057

Final Biomass Amount [g]
25.15082400664192

Process End
64.0
#-------------------------