#-------------------------
Termination Status
LOCALLY_INFEASIBLE

Time Elapsed
15.794772783

Objective Value
21.51137096852225

Normalized Complementary Slackness
-49.40481663139085

Finite Elements
[2.8, 2.8, 2.8, 2.8, 2.8, 2.8, 2.8, 2.8, 2.8, 2.8, 2.8, 2.8, 2.8, 2.8, 2.8, 1.87, 1.87, 1.87, 1.87, 1.87, 1.87, 1.87, 1.87, 1.87, 1.87, 1.87, 1.87, 1.87, 1.87, 1.87]

Complementary Slackness per Finite Element
[-50.86, -50.46, -49.99, -49.59, -49.41, -49.3, -49.32, -49.46, -49.22, -49.23, -49.35, -50.18, -50.19, -50.17, -50.15, -50.1, -50.09, -50.05, -50.01, -49.94, -49.78, -49.18, -49.28, -49.34, -48.77, -47.46, -49.08, -48.94, -49.11, -44.16]

Feed Rates
[0.001, 0.0, 0.0, 0.0, 0.0, 0.0, 0.0, 0.0, 0.0, 0.0, 0.0, 0.0, 0.001, 0.001, 0.001, 0.001, 0.002, 0.002, 0.002, 0.003, 0.004, 0.004, 0.005, 0.006, 0.007, 0.009, 0.011, 0.013, 0.015, 0.018]

Growth Rates [h-1]
[0.097, 0.097, 0.097, 0.097, 0.097, 0.097, 0.097, 0.097, 0.097, 0.097, 0.097, 0.097, 0.097, 0.097, 0.097, 0.097, 0.097, 0.097, 0.097, 0.097, 0.097, 0.097, 0.097, 0.097, 0.097, 0.097, 0.097, 0.097, 0.097, 0.097]

Final Product Amount [mmol]
446.9250500192721

Final Biomass Amount [g]
21.981921348065356

Process End
70.0
#-------------------------