#-------------------------
Termination Status
LOCALLY_INFEASIBLE

Time Elapsed
16.380067251

Objective Value
266.1653649987052

Normalized Complementary Slackness
-17.377965871004264

Finite Elements
[1.96, 1.96, 1.96, 1.96, 1.96, 1.96, 1.95, 1.72, 1.36, 1.31, 1.31, 1.31, 1.31, 1.31, 1.31, 1.31, 1.31, 1.31, 1.31, 1.31, 1.57, 1.79, 1.85, 1.88, 1.88, 1.67, 1.77, 1.85, 1.86, 1.71]

Complementary Slackness per Finite Element
[-18.62, -17.59, -17.22, -17.04, -17.1, -17.38, -15.55, -15.93, -16.22, -16.52, -16.79, -17.06, -17.28, -17.45, -17.57, -17.52, -17.56, -17.64, -17.62, -17.52, -17.81, -17.91, -17.84, -17.85, -17.84, -17.82, -17.82, -17.83, -17.78, -17.66]

Feed Rates
[0.001, 0.0, 0.0, 0.0, 0.0, 0.0, 0.0, 0.0, 0.0, 0.0, 0.0, 0.001, 0.001, 0.001, 0.001, 0.001, 0.001, 0.002, 0.002, 0.002, 0.003, 0.003, 0.004, 0.006, 0.007, 0.009, 0.012, 0.015, 0.019, 0.024]

Growth Rates [h-1]
[0.134, 0.134, 0.134, 0.134, 0.134, 0.134, 0.134, 0.134, 0.134, 0.134, 0.134, 0.134, 0.134, 0.134, 0.134, 0.134, 0.134, 0.134, 0.134, 0.134, 0.134, 0.134, 0.134, 0.134, 0.134, 0.134, 0.134, 0.134, 0.134, 0.134]

Final Product Amount [mmol]
278.9092312059937

Final Biomass Amount [g]
24.666145035910688

Process End
49.0
#-------------------------