#-------------------------
Termination Status
LOCALLY_SOLVED

Time Elapsed
50.098673784

Objective Value
33.052027041092096

Normalized Complementary Slackness
-11.751204058188014

Finite Elements
[0.52, 0.52, 0.52, 0.52, 0.52, 0.52, 0.52, 0.52, 0.52, 0.52, 0.52, 0.52, 0.52, 0.52, 0.52, 0.35, 0.35, 0.35, 0.35, 0.35, 0.35, 0.35, 0.35, 0.35, 0.35, 0.35, 0.35, 0.35, 0.35, 0.35]

Complementary Slackness per Finite Element
[-11.75, -11.75, -11.75, -11.75, -11.75, -11.75, -11.75, -11.75, -11.75, -11.75, -11.75, -11.75, -11.75, -11.75, -11.75, -11.75, -11.75, -11.75, -11.75, -11.75, -11.75, -11.75, -11.75, -11.75, -11.75, -11.75, -11.75, -11.75, -11.75, -11.75]

Feed Rates
[0.001, 0.001, 0.001, 0.001, 0.002, 0.002, 0.002, 0.002, 0.002, 0.003, 0.003, 0.003, 0.004, 0.004, 0.004, 0.005, 0.005, 0.005, 0.006, 0.006, 0.007, 0.007, 0.008, 0.008, 0.009, 0.009, 0.01, 0.01, 0.011, 0.012]

Growth Rates [h-1]
[0.189, 0.189, 0.189, 0.189, 0.189, 0.189, 0.189, 0.189, 0.189, 0.189, 0.189, 0.189, 0.189, 0.189, 0.189, 0.189, 0.189, 0.189, 0.189, 0.189, 0.189, 0.189, 0.189, 0.189, 0.189, 0.189, 0.189, 0.189, 0.189, 0.189]

Final Product Amount [mmol]
55.51587801660477

Final Biomass Amount [g]
8.328676847643257

Process End
13.0
#-------------------------