#-------------------------
Termination Status
LOCALLY_INFEASIBLE

Time Elapsed
18.279076233

Objective Value
380.41178279889175

Normalized Complementary Slackness
-19.194694466856035

Finite Elements
[2.8, 2.8, 2.8, 2.8, 2.8, 2.58, 2.54, 2.49, 2.8, 2.8, 2.79, 2.73, 2.55, 2.1, 1.87, 1.87, 1.87, 1.87, 1.87, 1.87, 1.88, 1.87, 2.24, 2.46, 2.37, 1.87, 1.88, 1.89, 2.16, 2.8]

Complementary Slackness per Finite Element
[-19.9, -19.18, -19.27, -19.29, -19.33, -19.46, -19.42, -19.4, -19.39, -19.39, -19.41, -19.4, -19.37, -19.28, -19.3, -19.27, -19.24, -19.18, -19.04, -18.97, -18.94, -18.91, -18.89, -18.88, -18.96, -18.95, -18.92, -18.93, -18.98, -19.01]

Feed Rates
[0.001, 0.0, 0.0, 0.0, 0.0, 0.0, 0.0, 0.0, 0.0, 0.0, 0.0, 0.0, 0.0, 0.0, 0.0, 0.0, 0.0, 0.001, 0.001, 0.001, 0.001, 0.002, 0.002, 0.003, 0.005, 0.007, 0.009, 0.012, 0.016, 0.023]

Growth Rates [h-1]
[0.153, 0.153, 0.153, 0.153, 0.153, 0.153, 0.153, 0.153, 0.153, 0.153, 0.153, 0.153, 0.153, 0.153, 0.153, 0.153, 0.153, 0.153, 0.153, 0.153, 0.153, 0.153, 0.153, 0.153, 0.153, 0.153, 0.153, 0.153, 0.153, 0.153]

Final Product Amount [mmol]
394.8663874757085

Final Biomass Amount [g]
25.523610632005273

Process End
70.0
#-------------------------