#-------------------------
Termination Status
LOCALLY_INFEASIBLE

Time Elapsed
19.500889491

Objective Value
269.2865825904438

Normalized Complementary Slackness
-17.80591546909071

Finite Elements
[0.91, 1.36, 1.36, 1.36, 1.36, 1.32, 0.95, 0.91, 0.91, 0.91, 0.91, 0.91, 0.91, 0.94, 1.1, 1.19, 1.23, 1.26, 1.28, 1.29, 1.3, 1.3, 1.3, 1.31, 0.92, 1.07, 0.95, 0.97, 1.17, 1.36]

Complementary Slackness per Finite Element
[-17.91, -17.81, -17.77, -17.76, -17.77, -17.78, -17.77, -17.81, -17.83, -17.85, -17.85, -17.83, -17.75, -17.76, -17.75, -17.75, -17.76, -17.76, -17.75, -17.76, -17.76, -17.76, -17.74, -17.74, -17.75, -17.79, -17.85, -17.93, -18.04, -18.06]

Feed Rates
[0.001, 0.0, 0.0, 0.0, 0.0, 0.0, 0.0, 0.0, 0.001, 0.001, 0.001, 0.001, 0.001, 0.001, 0.001, 0.002, 0.002, 0.003, 0.003, 0.004, 0.005, 0.007, 0.008, 0.01, 0.013, 0.015, 0.018, 0.021, 0.025, 0.031]

Growth Rates [h-1]
[0.171, 0.171, 0.171, 0.171, 0.171, 0.171, 0.171, 0.171, 0.171, 0.171, 0.171, 0.171, 0.171, 0.171, 0.171, 0.171, 0.171, 0.171, 0.171, 0.171, 0.171, 0.171, 0.171, 0.171, 0.171, 0.171, 0.171, 0.171, 0.171, 0.171]

Final Product Amount [mmol]
281.7686469230673

Final Biomass Amount [g]
26.570439547261824

Process End
34.0
#-------------------------