#-------------------------
Termination Status
LOCALLY_INFEASIBLE

Time Elapsed
13.817876133

Objective Value
54.10792133014763

Normalized Complementary Slackness
-18.14262375922006

Finite Elements
[2.68, 2.6, 1.92, 1.93, 1.94, 1.94, 1.94, 1.93, 1.91, 1.88, 1.85, 1.81, 1.8, 1.8, 2.19, 2.11, 2.07, 2.1, 1.8, 2.02, 2.68, 2.68, 2.68, 2.68, 2.68, 2.68, 2.68, 2.68, 2.68, 2.68]

Complementary Slackness per Finite Element
[-18.35, -18.25, -18.26, -18.23, -18.21, -18.23, -18.24, -18.25, -18.25, -18.25, -18.25, -18.25, -18.22, -18.19, -18.13, -18.1, -18.03, -18.03, -18.03, -18.01, -18.0, -18.01, -18.03, -18.06, -18.07, -18.07, -18.07, -18.08, -18.08, -18.08]

Feed Rates
[0.001, 0.0, 0.0, 0.0, 0.0, 0.0, 0.0, 0.0, 0.0, 0.0, 0.0, 0.0, 0.0, 0.0, 0.0, 0.0, 0.0, 0.0, 0.0, 0.0, 0.001, 0.001, 0.002, 0.002, 0.003, 0.005, 0.008, 0.012, 0.018, 0.027]

Growth Rates [h-1]
[0.153, 0.153, 0.153, 0.153, 0.153, 0.153, 0.153, 0.153, 0.153, 0.153, 0.153, 0.153, 0.153, 0.153, 0.153, 0.153, 0.153, 0.153, 0.153, 0.153, 0.153, 0.153, 0.153, 0.153, 0.153, 0.153, 0.153, 0.153, 0.153, 0.153]

Final Product Amount [mmol]
452.0140629397802

Final Biomass Amount [g]
29.18004134317426

Process End
67.0
#-------------------------